################################################################################
# Neural network connection values (weights and biases).
################################################################################
# Col  Name       Description
################################################################################
# 1    connection Neural network connection value.
# 2    t          Connection type (a = weight, b = bias).
# 3    index      Index enumerating weights.
# 4    l_s        Starting point layer (end point layer for biases).
# 5    n_s        Starting point neuron in starting layer (end point neuron for biases).
# 6    l_e        End point layer.
# 7    n_e        End point neuron in end layer.
################################################################################
#                      1 2         3     4     5     6     7
#             connection t     index   l_s   n_s   l_e   n_e
############################################################
 -5.4705068727907466E-02 a         1     0     1     1     1
  3.0643153762531912E-02 a         2     0     1     1     2
  7.7308008346723592E-02 a         3     0     1     1     3
  1.0224816023321218E-01 a         4     0     1     1     4
  8.5264567514262632E-02 a         5     0     1     1     5
  3.0195075236008857E-02 a         6     0     1     1     6
 -1.5659012154118648E-01 a         7     0     1     1     7
 -8.6612534529237895E-02 a         8     0     1     1     8
 -1.4578244924831358E-03 a         9     0     1     1     9
 -2.0754527826212042E-02 a        10     0     1     1    10
 -7.1454023840030634E-02 a        11     0     1     1    11
 -1.4795921830700781E-01 a        12     0     1     1    12
  1.6229099580966844E-01 a        13     0     1     1    13
  3.8682100027708687E-02 a        14     0     1     1    14
 -9.8987505755182434E-02 a        15     0     1     1    15
 -9.1897303628739775E-03 a        16     0     1     1    16
 -3.0054317393648677E-02 a        17     0     1     1    17
 -4.9629989441317572E-02 a        18     0     1     1    18
 -5.7226941696866415E-02 a        19     0     1     1    19
 -1.0614374036567473E-01 a        20     0     1     1    20
 -3.4770269919935913E-03 a        21     0     2     1     1
 -3.9727305842701212E-02 a        22     0     2     1     2
  1.8076758679883395E-01 a        23     0     2     1     3
 -1.7623412927324048E-01 a        24     0     2     1     4
 -3.4132921825639018E-01 a        25     0     2     1     5
  1.1387079911527211E-01 a        26     0     2     1     6
  8.9985561375972342E-02 a        27     0     2     1     7
 -2.4119531166489602E-01 a        28     0     2     1     8
  7.4705825225531694E-02 a        29     0     2     1     9
  1.1905093022969104E-01 a        30     0     2     1    10
  1.9558792973333880E-01 a        31     0     2     1    11
  2.0732200624365849E-01 a        32     0     2     1    12
  2.6655162717000993E-02 a        33     0     2     1    13
  1.9310400913789216E-01 a        34     0     2     1    14
  1.3199084256125310E-01 a        35     0     2     1    15
  7.9026170744931054E-02 a        36     0     2     1    16
 -1.9818768550746987E-02 a        37     0     2     1    17
  3.3180006926368293E-02 a        38     0     2     1    18
  1.8612828024506692E-01 a        39     0     2     1    19
 -1.3056538763503969E-01 a        40     0     2     1    20
 -1.5102878960380126E-01 a        41     0     3     1     1
  3.2400461251930973E-01 a        42     0     3     1     2
  1.2172521863744540E-01 a        43     0     3     1     3
 -4.8732093789398863E-02 a        44     0     3     1     4
 -9.4734885329507953E-02 a        45     0     3     1     5
 -3.3648548688734009E-01 a        46     0     3     1     6
  1.8828950306138686E-01 a        47     0     3     1     7
  6.4853058135118449E-02 a        48     0     3     1     8
  1.0922384130377258E-01 a        49     0     3     1     9
  2.9452513370275924E-02 a        50     0     3     1    10
 -1.5185850654347366E-01 a        51     0     3     1    11
 -1.0258285127173637E-01 a        52     0     3     1    12
  1.0878588782994701E-01 a        53     0     3     1    13
 -1.7417340450040195E-01 a        54     0     3     1    14
  1.0921392954740711E-01 a        55     0     3     1    15
  1.1658498483301011E-01 a        56     0     3     1    16
 -8.7258280311385883E-02 a        57     0     3     1    17
 -2.0149130209601213E-01 a        58     0     3     1    18
 -1.7942707441958392E-01 a        59     0     3     1    19
 -2.7776004251195460E-02 a        60     0     3     1    20
 -2.4477945593562849E-02 a        61     0     4     1     1
 -7.7629042981333010E-02 a        62     0     4     1     2
 -2.4063819982609058E-01 a        63     0     4     1     3
 -2.2705182528032902E-01 a        64     0     4     1     4
 -3.0027879753705472E-01 a        65     0     4     1     5
  1.9754769467975580E-02 a        66     0     4     1     6
  3.0520623686855047E-01 a        67     0     4     1     7
 -4.3286289088512057E-02 a        68     0     4     1     8
  3.2589281756419225E-01 a        69     0     4     1     9
  5.2034658172060384E-02 a        70     0     4     1    10
 -2.1253070237532537E-01 a        71     0     4     1    11
  2.5207911542524917E-02 a        72     0     4     1    12
 -3.7977459545848649E-02 a        73     0     4     1    13
 -2.0863677516554113E-01 a        74     0     4     1    14
  6.8254800071517838E-02 a        75     0     4     1    15
 -6.2372450934591296E-02 a        76     0     4     1    16
 -1.9331685258814113E-01 a        77     0     4     1    17
  1.5712676742284902E-02 a        78     0     4     1    18
 -9.2945846911881999E-02 a        79     0     4     1    19
 -2.4373471796418889E-01 a        80     0     4     1    20
 -3.7141515161655203E-01 a        81     0     5     1     1
  3.6374369663458722E-02 a        82     0     5     1     2
  9.3045332422733773E-02 a        83     0     5     1     3
  2.7724301904112586E-01 a        84     0     5     1     4
  9.3728766373865173E-03 a        85     0     5     1     5
  6.0373865957615756E-02 a        86     0     5     1     6
  2.5052445263973239E-01 a        87     0     5     1     7
  6.0435867614227246E-01 a        88     0     5     1     8
 -8.2221452481805746E-01 a        89     0     5     1     9
  2.6550477426558042E-02 a        90     0     5     1    10
 -1.3120247359298895E-01 a        91     0     5     1    11
 -8.8256758504829247E-01 a        92     0     5     1    12
  1.6625769595936665E-01 a        93     0     5     1    13
 -3.4622117384759837E-01 a        94     0     5     1    14
 -1.5765717902478157E-01 a        95     0     5     1    15
 -1.8367190572716675E-02 a        96     0     5     1    16
  1.0529436507603658E-01 a        97     0     5     1    17
 -9.3623191727849941E-02 a        98     0     5     1    18
 -3.7303860380934589E-01 a        99     0     5     1    19
  3.3288568125045581E-01 a       100     0     5     1    20
  2.9201205833197658E-01 a       101     0     6     1     1
 -3.3941583952440063E-01 a       102     0     6     1     2
  9.2244219631079649E-02 a       103     0     6     1     3
 -7.3843129146411474E-02 a       104     0     6     1     4
  1.8345988753353365E-01 a       105     0     6     1     5
 -2.9206333285766613E-02 a       106     0     6     1     6
 -9.6124227022185260E-02 a       107     0     6     1     7
 -3.3101097570397586E-01 a       108     0     6     1     8
  2.5062908698122516E-02 a       109     0     6     1     9
 -4.9872080962829295E-02 a       110     0     6     1    10
  4.0620594332922845E-02 a       111     0     6     1    11
  4.0787512121840058E-01 a       112     0     6     1    12
 -2.4028160611684535E-01 a       113     0     6     1    13
  3.1272097184316699E-01 a       114     0     6     1    14
 -8.6573991129357097E-02 a       115     0     6     1    15
 -2.5866142119947405E-01 a       116     0     6     1    16
  1.7298373436573844E-01 a       117     0     6     1    17
  4.9895495910021154E-01 a       118     0     6     1    18
  4.0610728439890975E-01 a       119     0     6     1    19
 -5.2077075076558260E-02 a       120     0     6     1    20
  1.9101844793777142E-01 a       121     0     7     1     1
 -1.8463214664577646E-01 a       122     0     7     1     2
  1.3516755354206392E-01 a       123     0     7     1     3
 -6.6359280584245084E-03 a       124     0     7     1     4
  1.0159067490794087E-01 a       125     0     7     1     5
  1.2880701149030882E-01 a       126     0     7     1     6
 -1.2730853320368946E-01 a       127     0     7     1     7
 -3.0001496837089772E-02 a       128     0     7     1     8
 -1.7848044733702081E-01 a       129     0     7     1     9
 -7.8332292035958925E-03 a       130     0     7     1    10
 -4.6118986412853627E-02 a       131     0     7     1    11
  2.7646783103480332E-01 a       132     0     7     1    12
  7.0731218878053254E-02 a       133     0     7     1    13
 -1.1966840610968311E-01 a       134     0     7     1    14
 -4.7609054117119798E-02 a       135     0     7     1    15
  1.9676923169835672E-01 a       136     0     7     1    16
 -8.8822213991844833E-03 a       137     0     7     1    17
  1.3984008566781156E-01 a       138     0     7     1    18
 -2.3455033908341454E-02 a       139     0     7     1    19
  1.5329026645784297E-01 a       140     0     7     1    20
  3.0517285129230748E-01 a       141     0     8     1     1
 -2.6159802649279976E-02 a       142     0     8     1     2
  3.8916225775040331E-01 a       143     0     8     1     3
 -2.0572157226345489E-01 a       144     0     8     1     4
 -1.7356876905429483E-01 a       145     0     8     1     5
 -3.8539918867927042E-02 a       146     0     8     1     6
  4.8905113281529376E-02 a       147     0     8     1     7
 -1.7448144294431647E-01 a       148     0     8     1     8
 -7.3460664392501637E-02 a       149     0     8     1     9
  7.8630636015189259E-01 a       150     0     8     1    10
 -2.1306099774632056E-01 a       151     0     8     1    11
  6.9893538958957380E-01 a       152     0     8     1    12
  8.3857528025254735E-01 a       153     0     8     1    13
 -6.0517246711546269E-01 a       154     0     8     1    14
 -4.9695245752971390E-01 a       155     0     8     1    15
 -7.4767430765739673E-01 a       156     0     8     1    16
  4.9530893365789941E-01 a       157     0     8     1    17
 -2.4997078823311614E-01 a       158     0     8     1    18
  3.1020227041950921E-01 a       159     0     8     1    19
 -5.6727905604417102E-02 a       160     0     8     1    20
 -2.5602216975143666E-01 a       161     0     9     1     1
 -1.5780961483497125E-01 a       162     0     9     1     2
 -3.8764805757765824E-01 a       163     0     9     1     3
  2.2761460630703378E-01 a       164     0     9     1     4
 -6.7558478989263385E-02 a       165     0     9     1     5
  4.6549746006885173E-01 a       166     0     9     1     6
 -4.9416861422949786E-02 a       167     0     9     1     7
 -4.8841828648386050E-02 a       168     0     9     1     8
 -6.0569729834479065E-02 a       169     0     9     1     9
  1.1048960876885003E-01 a       170     0     9     1    10
 -3.5035303709318366E-01 a       171     0     9     1    11
 -1.3773664209021222E-02 a       172     0     9     1    12
  2.7553512646433431E-01 a       173     0     9     1    13
  3.3689555313626285E-01 a       174     0     9     1    14
  3.1236426994041344E-01 a       175     0     9     1    15
  2.7906137519418625E-03 a       176     0     9     1    16
 -3.0082372832690918E-01 a       177     0     9     1    17
 -4.0179629050938775E-01 a       178     0     9     1    18
 -5.6948383023361249E-02 a       179     0     9     1    19
  8.1621281094013703E-02 a       180     0     9     1    20
 -4.4554020860030720E-02 a       181     0    10     1     1
 -6.4012841602986681E-01 a       182     0    10     1     2
 -4.2362340644017582E-01 a       183     0    10     1     3
  1.0798027309064780E-01 a       184     0    10     1     4
  3.8838230815243185E-01 a       185     0    10     1     5
  1.0235685557519857E-01 a       186     0    10     1     6
 -1.3433791302899042E-01 a       187     0    10     1     7
 -1.4859120218663427E-01 a       188     0    10     1     8
  3.7399213112089019E-01 a       189     0    10     1     9
 -1.2335166457637591E-02 a       190     0    10     1    10
 -7.9582456389972411E-02 a       191     0    10     1    11
 -1.5425430388760902E-01 a       192     0    10     1    12
 -4.3186138492362448E-02 a       193     0    10     1    13
 -2.3302381314314025E-01 a       194     0    10     1    14
  1.0617230006939696E-01 a       195     0    10     1    15
  2.5624438936452647E-03 a       196     0    10     1    16
 -1.7542853817558268E-01 a       197     0    10     1    17
  1.5436234330857963E-02 a       198     0    10     1    18
  4.2302019610324371E-02 a       199     0    10     1    19
 -1.6196116278634223E-01 a       200     0    10     1    20
 -1.3455859203639503E-01 a       201     0    11     1     1
 -2.4157411368748097E-01 a       202     0    11     1     2
  3.2321279715828344E-01 a       203     0    11     1     3
 -7.7912538726851582E-02 a       204     0    11     1     4
 -4.6651022035454254E-01 a       205     0    11     1     5
 -2.2265521617899076E-01 a       206     0    11     1     6
  1.3539754552860847E-02 a       207     0    11     1     7
 -1.1712833957834139E-01 a       208     0    11     1     8
 -6.1470818902034507E-01 a       209     0    11     1     9
  9.7735599351722338E-02 a       210     0    11     1    10
 -6.7057827938068831E-02 a       211     0    11     1    11
 -5.0823041512611933E-01 a       212     0    11     1    12
  1.7663684794478232E-01 a       213     0    11     1    13
  6.3898220915747894E-01 a       214     0    11     1    14
  2.8684705300986840E-01 a       215     0    11     1    15
  3.3971975572208757E-01 a       216     0    11     1    16
 -8.4056735006783997E-02 a       217     0    11     1    17
  1.6803623190331143E-01 a       218     0    11     1    18
  2.7142573273421896E-02 a       219     0    11     1    19
  1.4496881157837535E-01 a       220     0    11     1    20
  3.4977032852370762E-02 a       221     0    12     1     1
  2.7959998728375035E-01 a       222     0    12     1     2
 -4.0644246875781809E-01 a       223     0    12     1     3
 -2.2978425233752858E-01 a       224     0    12     1     4
 -2.4686175788574485E-02 a       225     0    12     1     5
 -3.7491456679717317E-01 a       226     0    12     1     6
 -1.6282391751457367E-01 a       227     0    12     1     7
 -7.0936526249777199E-02 a       228     0    12     1     8
  3.9769539078555133E-01 a       229     0    12     1     9
  2.8191915861626621E-01 a       230     0    12     1    10
 -1.0625688321329061E+00 a       231     0    12     1    11
 -1.6882364092083793E-01 a       232     0    12     1    12
  6.4677121407757887E-02 a       233     0    12     1    13
 -1.8684237759452496E-01 a       234     0    12     1    14
 -1.8143084619690167E-01 a       235     0    12     1    15
 -1.7886781762106604E-01 a       236     0    12     1    16
  2.3910870138104645E-01 a       237     0    12     1    17
  4.5927706706640837E-03 a       238     0    12     1    18
  2.6281300109856537E-01 a       239     0    12     1    19
  1.2988713741105354E-01 a       240     0    12     1    20
 -2.6470907192910215E-01 a       241     0    13     1     1
 -4.9341357196290742E-01 a       242     0    13     1     2
 -1.9008534826851390E-04 a       243     0    13     1     3
 -7.8693414823628474E-02 a       244     0    13     1     4
 -1.8898798567542113E-01 a       245     0    13     1     5
  3.3569663089733914E-01 a       246     0    13     1     6
  4.2536172161621938E-01 a       247     0    13     1     7
  1.7705290403167667E-01 a       248     0    13     1     8
 -1.8020483677569302E-01 a       249     0    13     1     9
  1.3580354138168818E-01 a       250     0    13     1    10
 -3.5374467805156151E-01 a       251     0    13     1    11
  2.8714391559735070E-01 a       252     0    13     1    12
 -1.3349587739055823E-02 a       253     0    13     1    13
 -7.7772777679848470E-02 a       254     0    13     1    14
  3.1520865212174884E-02 a       255     0    13     1    15
 -4.7380110311628566E-02 a       256     0    13     1    16
  1.8342624250982667E-01 a       257     0    13     1    17
  1.8541973883294013E-01 a       258     0    13     1    18
 -3.1120122149856660E-01 a       259     0    13     1    19
  1.6102989605183229E-01 a       260     0    13     1    20
 -5.6242758686052829E-02 a       261     0    14     1     1
 -4.6662501583317179E-01 a       262     0    14     1     2
  4.7006104345961458E-01 a       263     0    14     1     3
  2.4433022442410805E-02 a       264     0    14     1     4
  1.4002082110571132E-01 a       265     0    14     1     5
 -1.4646538687268779E-01 a       266     0    14     1     6
 -3.1333267141129945E-01 a       267     0    14     1     7
  3.5735236068865792E-02 a       268     0    14     1     8
 -1.1203028915774637E-02 a       269     0    14     1     9
  2.1197816268242806E-01 a       270     0    14     1    10
 -8.8677581034958730E-01 a       271     0    14     1    11
 -2.4721578238647260E-01 a       272     0    14     1    12
  2.7836370896558627E-01 a       273     0    14     1    13
 -4.9406814175602737E-01 a       274     0    14     1    14
 -4.8750864426134110E-03 a       275     0    14     1    15
 -2.5966030222546791E-02 a       276     0    14     1    16
  2.5722275403012246E-01 a       277     0    14     1    17
  8.0157807527698896E-02 a       278     0    14     1    18
 -9.9503811634435502E-02 a       279     0    14     1    19
  2.8275521760588967E-01 a       280     0    14     1    20
  5.8012307867800891E-03 a       281     0    15     1     1
  8.6762638507109066E-02 a       282     0    15     1     2
 -4.6432768102642019E-01 a       283     0    15     1     3
 -1.3815188430638606E-01 a       284     0    15     1     4
 -1.2443061734849563E-01 a       285     0    15     1     5
 -5.5113968541600888E-01 a       286     0    15     1     6
  1.2419840456346355E-01 a       287     0    15     1     7
 -4.0091621706215563E-01 a       288     0    15     1     8
  8.1957730007252005E-01 a       289     0    15     1     9
  4.5392383149637711E-01 a       290     0    15     1    10
 -1.0089656317146660E+00 a       291     0    15     1    11
  1.4182291273004513E-01 a       292     0    15     1    12
  3.5823121371730926E-01 a       293     0    15     1    13
 -2.2630249764313562E-01 a       294     0    15     1    14
  5.2617789889926558E-01 a       295     0    15     1    15
 -5.6901643725098638E-01 a       296     0    15     1    16
 -2.7325617687992682E-01 a       297     0    15     1    17
  3.4361509820278052E-02 a       298     0    15     1    18
  3.6113243095190717E-01 a       299     0    15     1    19
 -5.9487141899590423E-01 a       300     0    15     1    20
 -1.1173909983921025E-01 a       301     0    16     1     1
 -3.7844874737017003E-03 a       302     0    16     1     2
 -5.9747462292944808E-01 a       303     0    16     1     3
  9.5228949737813998E-02 a       304     0    16     1     4
  2.3811849182000386E-01 a       305     0    16     1     5
  4.2916847197317498E-01 a       306     0    16     1     6
  2.9569534555138988E-01 a       307     0    16     1     7
 -3.5443251515640184E-01 a       308     0    16     1     8
  8.0037765094240473E-02 a       309     0    16     1     9
 -1.6777840495406091E-01 a       310     0    16     1    10
 -3.6410813080664399E-02 a       311     0    16     1    11
  1.1960660818011085E-01 a       312     0    16     1    12
 -5.6959794453995030E-02 a       313     0    16     1    13
 -1.0505568150055854E-01 a       314     0    16     1    14
  1.3228751871202613E-01 a       315     0    16     1    15
  9.5778594383022525E-02 a       316     0    16     1    16
  1.2781234110279541E-02 a       317     0    16     1    17
 -1.0018910359907843E-01 a       318     0    16     1    18
  4.4233956710220429E-01 a       319     0    16     1    19
  4.9309965856150877E-02 a       320     0    16     1    20
  1.5591768039240841E-01 a       321     0    17     1     1
  5.3181861553523974E-02 a       322     0    17     1     2
 -7.9413785318349681E-02 a       323     0    17     1     3
  5.9623040710093007E-02 a       324     0    17     1     4
  5.4002582197124440E-04 a       325     0    17     1     5
  7.2825241242667038E-02 a       326     0    17     1     6
  1.9394058264457930E-02 a       327     0    17     1     7
  2.0269536844702574E-01 a       328     0    17     1     8
 -1.2396722560999315E-01 a       329     0    17     1     9
 -9.3537960992361655E-02 a       330     0    17     1    10
 -2.9913720895598531E-02 a       331     0    17     1    11
  2.7126997533676440E-02 a       332     0    17     1    12
  1.3438642666082076E-01 a       333     0    17     1    13
  4.1525843580138100E-01 a       334     0    17     1    14
  2.4649772248245879E-02 a       335     0    17     1    15
 -2.5864347277102923E-01 a       336     0    17     1    16
  5.1399807899284639E-02 a       337     0    17     1    17
 -1.5098178288917780E-01 a       338     0    17     1    18
  1.6276874252586421E-01 a       339     0    17     1    19
  1.4572899189237756E-01 a       340     0    17     1    20
 -6.3336464987192698E-01 a       341     0    18     1     1
  3.2547249279163798E-01 a       342     0    18     1     2
 -4.0669343560421556E-01 a       343     0    18     1     3
 -2.5587189138414568E-01 a       344     0    18     1     4
 -1.4716858170560562E-01 a       345     0    18     1     5
 -4.2831752322086381E-01 a       346     0    18     1     6
  9.0258216807077657E-02 a       347     0    18     1     7
 -6.2951597912584534E-01 a       348     0    18     1     8
  3.0165180320498869E-01 a       349     0    18     1     9
 -2.7739242897166277E-01 a       350     0    18     1    10
 -6.4766146524126822E-01 a       351     0    18     1    11
  1.1625225219033074E-01 a       352     0    18     1    12
 -1.1741038756526676E-01 a       353     0    18     1    13
 -1.5200956142985980E-01 a       354     0    18     1    14
  3.4400647808613782E-01 a       355     0    18     1    15
 -2.1917560969867275E-01 a       356     0    18     1    16
 -2.3615909879347188E-01 a       357     0    18     1    17
 -3.5626317030196814E-01 a       358     0    18     1    18
  2.2065420187884036E-01 a       359     0    18     1    19
 -1.9689554807644358E-01 a       360     0    18     1    20
 -2.0386998606813619E-01 a       361     0    19     1     1
  1.0492229211375902E-02 a       362     0    19     1     2
 -9.9053228071010704E-02 a       363     0    19     1     3
 -2.5918477053264327E-01 a       364     0    19     1     4
 -2.1866463229865931E-02 a       365     0    19     1     5
 -1.4382374830564740E-01 a       366     0    19     1     6
  2.7086600968235897E-01 a       367     0    19     1     7
 -1.8492317494139526E-01 a       368     0    19     1     8
  1.9316718881349987E-03 a       369     0    19     1     9
 -5.2750986672266992E-02 a       370     0    19     1    10
  1.9764661494889252E-01 a       371     0    19     1    11
  1.9081603444415776E-01 a       372     0    19     1    12
 -2.4695407444845158E-01 a       373     0    19     1    13
  3.7778571623437451E-01 a       374     0    19     1    14
  2.2506945306454118E-01 a       375     0    19     1    15
  4.2269404022457623E-02 a       376     0    19     1    16
 -2.5473639907005913E-01 a       377     0    19     1    17
  5.5310617183799510E-02 a       378     0    19     1    18
  6.5353277659765660E-02 a       379     0    19     1    19
  2.5651548662701429E-01 a       380     0    19     1    20
 -3.6456676280538913E-01 a       381     0    20     1     1
 -4.7141416489024585E-01 a       382     0    20     1     2
  1.9536723633901179E-01 a       383     0    20     1     3
 -2.7819115314472742E-01 a       384     0    20     1     4
  7.6037328622561753E-02 a       385     0    20     1     5
 -3.6146079327571989E-01 a       386     0    20     1     6
  2.1055710747313258E-03 a       387     0    20     1     7
 -1.5502502479864638E-01 a       388     0    20     1     8
 -1.3246189286363774E-01 a       389     0    20     1     9
 -1.2290300773734522E-01 a       390     0    20     1    10
 -7.5225961024971144E-01 a       391     0    20     1    11
 -4.0001749135243025E-01 a       392     0    20     1    12
 -2.2386637908600193E-01 a       393     0    20     1    13
 -3.8869675328284820E-01 a       394     0    20     1    14
  3.0363119241214676E-01 a       395     0    20     1    15
  3.2391799030275503E-01 a       396     0    20     1    16
 -2.2316272308472343E-02 a       397     0    20     1    17
  3.1178084135914175E-01 a       398     0    20     1    18
 -1.0772187348361943E-01 a       399     0    20     1    19
  1.6360322774559427E-01 a       400     0    20     1    20
 -1.9939504021978197E-01 a       401     0    21     1     1
 -1.1884539798548512E-01 a       402     0    21     1     2
 -1.5118243884351054E-01 a       403     0    21     1     3
  2.0928535906794474E-01 a       404     0    21     1     4
 -4.5923764235437253E-01 a       405     0    21     1     5
 -9.3012399457605574E-02 a       406     0    21     1     6
 -1.7348053912028778E-02 a       407     0    21     1     7
 -2.7329019894296952E-01 a       408     0    21     1     8
  4.7140354159168957E-01 a       409     0    21     1     9
  3.4566686701260013E-01 a       410     0    21     1    10
 -4.4929569690829430E-01 a       411     0    21     1    11
 -2.1539801575827336E-01 a       412     0    21     1    12
 -2.0917983606504717E-01 a       413     0    21     1    13
 -1.2210042739403307E-01 a       414     0    21     1    14
  5.4325265115388308E-02 a       415     0    21     1    15
 -8.9205591377220436E-02 a       416     0    21     1    16
 -1.7036743944775015E-01 a       417     0    21     1    17
  2.5386096277372254E-02 a       418     0    21     1    18
 -2.9621360416213841E-02 a       419     0    21     1    19
 -2.3710265609516698E-01 a       420     0    21     1    20
 -1.9122879030989043E-01 a       421     0    22     1     1
 -1.4233048524793039E-02 a       422     0    22     1     2
  9.9731512553050877E-02 a       423     0    22     1     3
  5.1924344178666204E-02 a       424     0    22     1     4
  3.0039044258727715E-01 a       425     0    22     1     5
  4.2285992198081984E-01 a       426     0    22     1     6
  1.1341929477505550E-01 a       427     0    22     1     7
 -1.1362049862598726E-02 a       428     0    22     1     8
  1.3756439907006801E-01 a       429     0    22     1     9
  2.8796847859875026E-02 a       430     0    22     1    10
 -1.8246226452286154E-01 a       431     0    22     1    11
  4.7148472750088065E-02 a       432     0    22     1    12
 -1.3335355736369603E-01 a       433     0    22     1    13
 -1.3273882536534318E-01 a       434     0    22     1    14
  2.1621394379509604E-01 a       435     0    22     1    15
 -9.4132055639744250E-02 a       436     0    22     1    16
  1.9270553931550194E-01 a       437     0    22     1    17
 -1.1502527323395910E-01 a       438     0    22     1    18
 -1.0212274304638451E-01 a       439     0    22     1    19
  5.5212222503013546E-02 a       440     0    22     1    20
  2.3987687284553294E-01 a       441     0    23     1     1
 -1.1124537624915103E-01 a       442     0    23     1     2
  3.0952771748076874E-01 a       443     0    23     1     3
  1.8323638935990930E-01 a       444     0    23     1     4
  1.4257147384537172E-01 a       445     0    23     1     5
 -3.2141045106427751E-01 a       446     0    23     1     6
  3.4263318448563063E-01 a       447     0    23     1     7
 -2.8755364559635028E-02 a       448     0    23     1     8
 -3.9264060712515714E-01 a       449     0    23     1     9
 -1.7582606455504458E-02 a       450     0    23     1    10
  1.3688145427656895E-01 a       451     0    23     1    11
  5.4398383939213835E-01 a       452     0    23     1    12
  1.5958352408889340E-01 a       453     0    23     1    13
  5.8271834286024948E-01 a       454     0    23     1    14
 -1.5206676931866012E-01 a       455     0    23     1    15
 -2.0825801435015232E-01 a       456     0    23     1    16
 -6.7268301964641578E-02 a       457     0    23     1    17
  9.4812219769927181E-02 a       458     0    23     1    18
  2.0142772877532469E-01 a       459     0    23     1    19
  2.3408590859937167E-01 a       460     0    23     1    20
 -1.7261576352028687E-01 a       461     0    24     1     1
  5.8368927856637561E-02 a       462     0    24     1     2
 -1.9269041787258839E-01 a       463     0    24     1     3
 -1.7187769896085309E-01 a       464     0    24     1     4
  2.3626784663649122E-01 a       465     0    24     1     5
 -3.3979273137296423E-01 a       466     0    24     1     6
 -2.2015177026156557E-01 a       467     0    24     1     7
  2.5768146374230165E-03 a       468     0    24     1     8
 -9.5648184062982575E-02 a       469     0    24     1     9
  6.1061259380941852E-03 a       470     0    24     1    10
  1.1438170327061740E-01 a       471     0    24     1    11
  6.0565615438103119E-02 a       472     0    24     1    12
 -1.9409947706776190E-01 a       473     0    24     1    13
 -2.2494012408409761E-01 a       474     0    24     1    14
  4.4483271152758513E-01 a       475     0    24     1    15
 -2.4864740755516415E-01 a       476     0    24     1    16
 -3.7183533934755590E-02 a       477     0    24     1    17
 -1.1055909139804661E-01 a       478     0    24     1    18
  1.6771510930927286E-01 a       479     0    24     1    19
 -5.6290275793275099E-02 a       480     0    24     1    20
  8.6304894142253938E-02 a       481     0    25     1     1
  3.3794774620246698E-01 a       482     0    25     1     2
 -5.3271697813171356E-02 a       483     0    25     1     3
  2.6805455599922069E-02 a       484     0    25     1     4
 -9.9261573059763797E-02 a       485     0    25     1     5
 -1.7468161219359157E-01 a       486     0    25     1     6
  6.4828034777188695E-02 a       487     0    25     1     7
 -1.4377276680176912E-01 a       488     0    25     1     8
  3.4104483180667313E-03 a       489     0    25     1     9
 -4.4137338511617066E-02 a       490     0    25     1    10
 -2.1709031560441228E-02 a       491     0    25     1    11
  1.3135568099399419E-01 a       492     0    25     1    12
 -2.3427877617811704E-02 a       493     0    25     1    13
 -1.6135493313210744E-01 a       494     0    25     1    14
 -3.8939260866209587E-02 a       495     0    25     1    15
  8.0900944526475269E-02 a       496     0    25     1    16
 -2.2802709783757039E-01 a       497     0    25     1    17
  4.0038633154162229E-02 a       498     0    25     1    18
  1.8701274947405042E-01 a       499     0    25     1    19
  9.1145774215786041E-03 a       500     0    25     1    20
 -5.7768881900737801E-01 a       501     0    26     1     1
 -8.5403744242555174E-02 a       502     0    26     1     2
 -5.7899688266809912E-01 a       503     0    26     1     3
 -2.3987773207412477E-01 a       504     0    26     1     4
 -2.2377113749250138E-01 a       505     0    26     1     5
  5.4073366789580846E-01 a       506     0    26     1     6
  1.4698529165731136E-01 a       507     0    26     1     7
 -8.3999624604895448E-02 a       508     0    26     1     8
 -1.6597786245917406E-01 a       509     0    26     1     9
 -3.6104888750331653E-02 a       510     0    26     1    10
 -5.2493633113043603E-01 a       511     0    26     1    11
 -4.4581990494060819E-01 a       512     0    26     1    12
 -1.8018115421010034E-02 a       513     0    26     1    13
  7.2603269981995386E-02 a       514     0    26     1    14
  1.1170451818379355E-01 a       515     0    26     1    15
 -1.0243110964446331E-01 a       516     0    26     1    16
  1.7274517191864441E-01 a       517     0    26     1    17
 -1.3273397677481988E-02 a       518     0    26     1    18
  1.0413480256946735E-01 a       519     0    26     1    19
 -2.3290774297261468E-01 a       520     0    26     1    20
  1.5372798751861538E-01 a       521     0    27     1     1
  1.6516763810453725E-01 a       522     0    27     1     2
  1.2068228569947567E-01 a       523     0    27     1     3
  1.9987892506070595E-01 a       524     0    27     1     4
 -2.7039572525240296E-01 a       525     0    27     1     5
  8.3169688645432921E-03 a       526     0    27     1     6
 -1.3410809675546678E-01 a       527     0    27     1     7
 -2.0448236390084104E-01 a       528     0    27     1     8
  3.6323232644458026E-01 a       529     0    27     1     9
  1.0335988766374340E-01 a       530     0    27     1    10
 -3.0204017391674554E-02 a       531     0    27     1    11
 -9.5507579613217843E-03 a       532     0    27     1    12
  1.6850123822887988E-02 a       533     0    27     1    13
 -1.3210635119482064E-01 a       534     0    27     1    14
 -2.2620092051362864E-01 a       535     0    27     1    15
  4.9523542338402407E-02 a       536     0    27     1    16
 -1.9898959556895282E-01 a       537     0    27     1    17
 -5.1123019292530471E-02 a       538     0    27     1    18
 -2.2565084248407158E-01 a       539     0    27     1    19
 -8.7850653060001824E-02 a       540     0    27     1    20
 -2.3482101090939336E-01 a       541     0    28     1     1
 -2.5324870949109446E-01 a       542     0    28     1     2
 -8.7385417060636988E-02 a       543     0    28     1     3
 -1.2367241190382525E-01 a       544     0    28     1     4
 -2.4707184281492264E-04 a       545     0    28     1     5
  3.6230294630391630E-01 a       546     0    28     1     6
 -1.6830644556964505E-02 a       547     0    28     1     7
  1.2457159191349014E-01 a       548     0    28     1     8
  7.2397699717183198E-02 a       549     0    28     1     9
  1.5570370223329711E-02 a       550     0    28     1    10
 -4.1665416988259978E-02 a       551     0    28     1    11
 -2.1215037202693782E-01 a       552     0    28     1    12
 -1.9225254473136830E-01 a       553     0    28     1    13
  3.4033888669756329E-01 a       554     0    28     1    14
  1.1961349087747024E-01 a       555     0    28     1    15
 -1.0591241981090646E-01 a       556     0    28     1    16
  1.1498627201801102E-01 a       557     0    28     1    17
 -4.5185068750521439E-02 a       558     0    28     1    18
 -1.4264938532063351E-01 a       559     0    28     1    19
  6.0601854897914025E-02 a       560     0    28     1    20
  2.0702665454712310E-01 a       561     0    29     1     1
  1.0406861201340321E-01 a       562     0    29     1     2
  1.6761222382840488E-01 a       563     0    29     1     3
  9.8864973408090653E-02 a       564     0    29     1     4
  1.1207081919108852E-01 a       565     0    29     1     5
 -3.5896125258203976E-01 a       566     0    29     1     6
  9.8087505255515003E-02 a       567     0    29     1     7
 -1.6051799291899604E-01 a       568     0    29     1     8
 -8.3171132571910444E-02 a       569     0    29     1     9
 -2.7613755948160328E-02 a       570     0    29     1    10
  1.1951947020985756E-01 a       571     0    29     1    11
  2.7906416399665562E-01 a       572     0    29     1    12
  1.0703767012817738E-02 a       573     0    29     1    13
  6.3277410031239559E-02 a       574     0    29     1    14
 -1.2059913544138405E-02 a       575     0    29     1    15
  4.5749803987642224E-02 a       576     0    29     1    16
 -1.0556846284228727E-01 a       577     0    29     1    17
  7.3328557600258165E-02 a       578     0    29     1    18
  1.3807746681376734E-01 a       579     0    29     1    19
  2.5722253850585430E-01 a       580     0    29     1    20
 -1.7433506120498657E-01 a       581     0    30     1     1
  1.5556496342012473E-02 a       582     0    30     1     2
 -2.9731053763069901E-03 a       583     0    30     1     3
 -1.0662862594622929E-01 a       584     0    30     1     4
 -4.5960875832066908E-03 a       585     0    30     1     5
 -3.3353565807889130E-01 a       586     0    30     1     6
 -1.6213697034073993E-02 a       587     0    30     1     7
 -2.1955886520598325E-01 a       588     0    30     1     8
  5.2659871386603926E-02 a       589     0    30     1     9
  3.0759703966224700E-03 a       590     0    30     1    10
 -9.0237519575509448E-02 a       591     0    30     1    11
  6.1212466691762758E-02 a       592     0    30     1    12
 -2.7634248793300364E-01 a       593     0    30     1    13
  1.0841246642377596E-01 a       594     0    30     1    14
  3.7338178730092042E-01 a       595     0    30     1    15
  9.3602329150338920E-02 a       596     0    30     1    16
 -1.7621441282215589E-01 a       597     0    30     1    17
  1.5669194288271591E-02 a       598     0    30     1    18
  1.2660463165680508E-01 a       599     0    30     1    19
 -2.8495369523836297E-02 a       600     0    30     1    20
  6.5786334754354456E-02 a       601     0    31     1     1
  2.4342475723359941E-01 a       602     0    31     1     2
  7.9597015921556200E-02 a       603     0    31     1     3
 -2.5779899550764568E-01 a       604     0    31     1     4
  4.0897749824536012E-01 a       605     0    31     1     5
 -3.2226289788007800E-01 a       606     0    31     1     6
  6.7069644062266218E-02 a       607     0    31     1     7
 -2.6847161474800224E-01 a       608     0    31     1     8
  5.9341277250567828E-02 a       609     0    31     1     9
 -1.0487642201654106E-01 a       610     0    31     1    10
  2.6545066101446307E-01 a       611     0    31     1    11
  2.7620971206021716E-01 a       612     0    31     1    12
 -2.2880214097821379E-02 a       613     0    31     1    13
  6.5813127649395314E-02 a       614     0    31     1    14
  2.1453906189436936E-01 a       615     0    31     1    15
  3.0387314791469350E-01 a       616     0    31     1    16
 -1.9514835880096215E-01 a       617     0    31     1    17
 -2.4216550544663897E-02 a       618     0    31     1    18
  3.2487603117863734E-01 a       619     0    31     1    19
 -2.2217068660627495E-01 a       620     0    31     1    20
  8.0390548120723201E-02 a       621     0    32     1     1
  4.3532827379661543E-01 a       622     0    32     1     2
  4.6508215877672887E-01 a       623     0    32     1     3
  9.6971259388040233E-03 a       624     0    32     1     4
  4.8934527357850977E-02 a       625     0    32     1     5
  3.8827216791657509E-01 a       626     0    32     1     6
 -3.0486528142468855E-01 a       627     0    32     1     7
  5.5957707221491682E-01 a       628     0    32     1     8
 -3.2265056164566241E-01 a       629     0    32     1     9
 -1.9964861211649917E-01 a       630     0    32     1    10
 -1.2309975575887773E-01 a       631     0    32     1    11
 -8.6239199310806230E-02 a       632     0    32     1    12
 -4.0445963334439694E-01 a       633     0    32     1    13
  5.1646543494739650E-01 a       634     0    32     1    14
 -1.8091675428694033E-02 a       635     0    32     1    15
 -3.4850899841378657E-01 a       636     0    32     1    16
  2.7909781898768682E-01 a       637     0    32     1    17
 -4.6024948028435242E-01 a       638     0    32     1    18
  7.4112990722705926E-02 a       639     0    32     1    19
  4.8519823645000731E-01 a       640     0    32     1    20
  7.0971089160830517E-02 a       641     0    33     1     1
 -1.5281627801574874E-01 a       642     0    33     1     2
 -2.3572044451101470E-01 a       643     0    33     1     3
 -2.0649772170762704E-01 a       644     0    33     1     4
  5.9264170648970982E-01 a       645     0    33     1     5
  1.3783356928662041E-01 a       646     0    33     1     6
 -1.2037240737383274E-02 a       647     0    33     1     7
 -1.7096653882276668E-02 a       648     0    33     1     8
  1.1936524719130891E-01 a       649     0    33     1     9
 -1.5678353535560424E-01 a       650     0    33     1    10
 -2.5298770787730729E-01 a       651     0    33     1    11
 -3.3265839492880311E-01 a       652     0    33     1    12
  1.7271484453890765E-01 a       653     0    33     1    13
 -2.1907375556913855E-02 a       654     0    33     1    14
 -2.3315268221155594E-01 a       655     0    33     1    15
  2.4403779214308155E-01 a       656     0    33     1    16
  3.1680737083152660E-01 a       657     0    33     1    17
  2.9816022989609520E-01 a       658     0    33     1    18
 -1.3319221306134324E-01 a       659     0    33     1    19
 -1.1273416460834539E-01 a       660     0    33     1    20
  1.3675052578804445E-01 a       661     0    34     1     1
  7.5133067951189247E-01 a       662     0    34     1     2
 -5.6925427513940297E-01 a       663     0    34     1     3
  3.9365940447535408E-01 a       664     0    34     1     4
  5.0320987920110536E-03 a       665     0    34     1     5
 -9.1297243219904123E-01 a       666     0    34     1     6
 -6.3900168783443212E-01 a       667     0    34     1     7
 -6.7002502482005633E-01 a       668     0    34     1     8
  5.2166080418397109E-01 a       669     0    34     1     9
  8.5114452968237993E-03 a       670     0    34     1    10
 -2.2288658725251118E-01 a       671     0    34     1    11
 -9.5775849734656915E-02 a       672     0    34     1    12
  5.9449785937735283E-02 a       673     0    34     1    13
  4.9605617250422623E-01 a       674     0    34     1    14
 -3.7095225812315266E-02 a       675     0    34     1    15
 -1.8679741424639562E-01 a       676     0    34     1    16
 -3.7755772554093858E-01 a       677     0    34     1    17
  9.1039278268943258E-01 a       678     0    34     1    18
 -8.2256237448125891E-01 a       679     0    34     1    19
 -4.5475070300319714E-01 a       680     0    34     1    20
  1.7225258858657291E-02 a       681     0    35     1     1
  3.1071157287852086E-01 a       682     0    35     1     2
 -7.2063352608076900E-03 a       683     0    35     1     3
 -2.4201597918147810E-01 a       684     0    35     1     4
 -3.1416067997260205E-01 a       685     0    35     1     5
  1.0128774181748118E-01 a       686     0    35     1     6
  3.8878174382556274E-01 a       687     0    35     1     7
  8.7785970881875097E-01 a       688     0    35     1     8
 -4.3091692723916095E-02 a       689     0    35     1     9
 -6.6558693599233920E-01 a       690     0    35     1    10
  1.1431050000647907E+00 a       691     0    35     1    11
  1.0513581566200641E-02 a       692     0    35     1    12
 -8.1420142852087318E-01 a       693     0    35     1    13
  6.2179472407459468E-01 a       694     0    35     1    14
  8.7493740380410717E-02 a       695     0    35     1    15
 -6.6051798621319879E-02 a       696     0    35     1    16
 -1.2681705196521789E-01 a       697     0    35     1    17
 -9.0967435538336039E-01 a       698     0    35     1    18
  4.6990106324175657E-01 a       699     0    35     1    19
 -1.0287934106324713E-01 a       700     0    35     1    20
  3.2662830144186944E-01 a       701     0    36     1     1
 -1.1733223619509679E-01 a       702     0    36     1     2
  1.0161284207360171E+00 a       703     0    36     1     3
  4.0012272693565148E-01 a       704     0    36     1     4
  1.1642349842998942E-01 a       705     0    36     1     5
  4.4051619172617956E-01 a       706     0    36     1     6
 -1.7713182704244862E-01 a       707     0    36     1     7
 -2.8966525551711925E-01 a       708     0    36     1     8
  8.8633881715983340E-02 a       709     0    36     1     9
  6.6211097480676329E-01 a       710     0    36     1    10
  9.6112791014902277E-01 a       711     0    36     1    11
  5.5605933159855114E-01 a       712     0    36     1    12
 -8.4505936255141989E-01 a       713     0    36     1    13
 -7.2139444978750211E-01 a       714     0    36     1    14
 -5.8448554896662663E-01 a       715     0    36     1    15
  4.4907073691011368E-01 a       716     0    36     1    16
 -3.7669252506398926E-01 a       717     0    36     1    17
 -5.0491473879632509E-01 a       718     0    36     1    18
  4.8346152243937413E-01 a       719     0    36     1    19
 -2.3039684115147657E-02 a       720     0    36     1    20
  2.5683932325550546E-01 a       721     0    37     1     1
  1.2063356614525138E-01 a       722     0    37     1     2
 -2.2732227502887217E-01 a       723     0    37     1     3
  2.2196130084141927E-01 a       724     0    37     1     4
  1.0876671192985818E-01 a       725     0    37     1     5
 -9.6092487793808426E-02 a       726     0    37     1     6
  6.5774982277490455E-03 a       727     0    37     1     7
  1.3248512919493475E-02 a       728     0    37     1     8
 -1.7303096644047727E-01 a       729     0    37     1     9
  6.2818393874258430E-02 a       730     0    37     1    10
 -1.0700638991291518E-01 a       731     0    37     1    11
 -5.1989816470807478E-02 a       732     0    37     1    12
 -8.2076725709588530E-02 a       733     0    37     1    13
 -1.5614014254030087E-01 a       734     0    37     1    14
 -9.4064290720060598E-04 a       735     0    37     1    15
 -3.4209371533693433E-01 a       736     0    37     1    16
 -1.7197696953953220E-01 a       737     0    37     1    17
  2.7697290155521176E-01 a       738     0    37     1    18
 -4.5787104118508942E-01 a       739     0    37     1    19
  2.2392335537030925E-01 a       740     0    37     1    20
 -6.2502761272059781E-01 a       741     0    38     1     1
  8.6877539052393760E-01 a       742     0    38     1     2
  7.9282363432753061E-04 a       743     0    38     1     3
  2.5164096676780318E-01 a       744     0    38     1     4
  4.2911861646819238E-01 a       745     0    38     1     5
  6.6038874704467190E-02 a       746     0    38     1     6
  1.0148247137165774E-01 a       747     0    38     1     7
 -1.2343816274034439E-01 a       748     0    38     1     8
 -4.4116089282413135E-01 a       749     0    38     1     9
  2.6796808112003784E-01 a       750     0    38     1    10
 -3.1116846615270349E-01 a       751     0    38     1    11
 -2.9300158689556122E-01 a       752     0    38     1    12
  1.5079897121459315E-01 a       753     0    38     1    13
  2.9160525083895705E-01 a       754     0    38     1    14
  3.8220210667862034E-02 a       755     0    38     1    15
 -2.4736375062386703E-01 a       756     0    38     1    16
  1.3496352710149948E-01 a       757     0    38     1    17
  1.2498801245443792E-03 a       758     0    38     1    18
 -4.7558630510577943E-01 a       759     0    38     1    19
  4.3938010292407376E-01 a       760     0    38     1    20
  5.5009806366295433E-02 a       761     0    39     1     1
 -3.3208055691386140E-01 a       762     0    39     1     2
  4.1405258719179178E-01 a       763     0    39     1     3
 -1.8127612375150962E-01 a       764     0    39     1     4
  5.3746201908833093E-02 a       765     0    39     1     5
  5.0469988745263143E-02 a       766     0    39     1     6
 -2.2563882838295285E-01 a       767     0    39     1     7
  2.5367597993281843E-01 a       768     0    39     1     8
 -1.1425129665760844E-01 a       769     0    39     1     9
  2.5732552908957923E-01 a       770     0    39     1    10
  1.6516160110906317E-02 a       771     0    39     1    11
  2.5106708530462807E-01 a       772     0    39     1    12
  8.1173413365513203E-02 a       773     0    39     1    13
  2.5277395796961288E-01 a       774     0    39     1    14
  1.0206987703320188E-01 a       775     0    39     1    15
 -1.9455357394803800E-02 a       776     0    39     1    16
 -2.4430207661197068E-02 a       777     0    39     1    17
 -1.2403042737790973E-01 a       778     0    39     1    18
  1.0693897648029785E-01 a       779     0    39     1    19
  1.8692505574999768E-01 a       780     0    39     1    20
  1.6352464010117393E-01 a       781     0    40     1     1
 -1.2596923018612269E+00 a       782     0    40     1     2
  4.0907381097976668E-02 a       783     0    40     1     3
 -1.2569879397395010E+00 a       784     0    40     1     4
  7.7612938477005156E-01 a       785     0    40     1     5
  2.5568488578900522E-01 a       786     0    40     1     6
 -1.4291356809336184E-01 a       787     0    40     1     7
 -1.1086598738423600E-01 a       788     0    40     1     8
  8.2721340625700424E-01 a       789     0    40     1     9
  1.5298588085250323E-01 a       790     0    40     1    10
  3.5568699287839578E-01 a       791     0    40     1    11
  2.1942997739347930E-01 a       792     0    40     1    12
 -9.5786541525234581E-01 a       793     0    40     1    13
  3.1422946970245336E-01 a       794     0    40     1    14
  8.9404828662184632E-01 a       795     0    40     1    15
  6.7417389821107121E-01 a       796     0    40     1    16
 -9.7958280699559441E-01 a       797     0    40     1    17
 -3.4568903002917883E-01 a       798     0    40     1    18
  2.1907791954359818E-01 a       799     0    40     1    19
 -2.1237261101254651E-01 a       800     0    40     1    20
 -9.5159610446579579E-01 a       801     0    41     1     1
  3.4799641904700190E-01 a       802     0    41     1     2
 -4.9749409708538184E-01 a       803     0    41     1     3
  8.6104448993704685E-01 a       804     0    41     1     4
 -2.1957332400380150E-01 a       805     0    41     1     5
 -5.1921181728314036E-01 a       806     0    41     1     6
  8.9427024224824803E-01 a       807     0    41     1     7
 -6.2030134762089573E-01 a       808     0    41     1     8
 -2.0274958742758131E+00 a       809     0    41     1     9
 -4.6253883801742174E-01 a       810     0    41     1    10
 -5.5775673247924296E-01 a       811     0    41     1    11
  3.8202280742385147E-01 a       812     0    41     1    12
  1.0782003283045465E+00 a       813     0    41     1    13
 -9.9687188294861884E-01 a       814     0    41     1    14
 -2.9609266981216859E-01 a       815     0    41     1    15
  4.0213316269805865E-01 a       816     0    41     1    16
  1.3819590423639474E+00 a       817     0    41     1    17
  9.1024451286980224E-01 a       818     0    41     1    18
 -1.5084444296108455E+00 a       819     0    41     1    19
  7.4712964458490694E-01 a       820     0    41     1    20
  8.6736703903086562E-02 a       821     0    42     1     1
 -1.3219814748667788E-01 a       822     0    42     1     2
 -7.3014519186697879E-01 a       823     0    42     1     3
 -8.0917613481558820E-02 a       824     0    42     1     4
  3.1889557075601027E-01 a       825     0    42     1     5
  3.0372240076993162E-01 a       826     0    42     1     6
  9.7212229807855741E-03 a       827     0    42     1     7
 -2.2930243735258361E-02 a       828     0    42     1     8
  3.3224571542171749E-01 a       829     0    42     1     9
 -6.7053081950692839E-01 a       830     0    42     1    10
  3.4410293625060245E-01 a       831     0    42     1    11
 -5.8744429070838367E-01 a       832     0    42     1    12
  6.3518329467290291E-01 a       833     0    42     1    13
  1.8722231012384821E-01 a       834     0    42     1    14
  2.0887128750539813E-01 a       835     0    42     1    15
  5.1669221195524728E-01 a       836     0    42     1    16
  1.3181938375003474E-01 a       837     0    42     1    17
  1.1445618052963604E+00 a       838     0    42     1    18
 -1.1462401646081173E+00 a       839     0    42     1    19
  3.2390040220387378E-01 a       840     0    42     1    20
  8.4758697266501676E-02 a       841     0    43     1     1
  7.3403914455155761E-02 a       842     0    43     1     2
 -3.1403391969920369E-02 a       843     0    43     1     3
  2.5047257414273688E-02 a       844     0    43     1     4
 -1.3465049955271931E-02 a       845     0    43     1     5
 -6.0820765245139707E-01 a       846     0    43     1     6
  4.6761631633323177E-02 a       847     0    43     1     7
 -2.4285694889443887E-01 a       848     0    43     1     8
  1.4750378903711195E-03 a       849     0    43     1     9
 -8.0338023684258811E-02 a       850     0    43     1    10
  2.3544686900140724E-01 a       851     0    43     1    11
  9.1201074278544292E-02 a       852     0    43     1    12
 -2.8021710251813957E-02 a       853     0    43     1    13
 -2.1352345602266773E-01 a       854     0    43     1    14
  1.2080621047658291E-01 a       855     0    43     1    15
  1.6609578102582889E-01 a       856     0    43     1    16
 -2.5551480094333734E-01 a       857     0    43     1    17
  5.7232847688797883E-03 a       858     0    43     1    18
  1.5841524367132570E-01 a       859     0    43     1    19
 -1.7787820657674855E-01 a       860     0    43     1    20
 -4.1605826849880218E-01 a       861     0    44     1     1
 -5.0356112170291491E-02 a       862     0    44     1     2
 -3.7641318537475005E-01 a       863     0    44     1     3
 -3.2752299484114671E-02 a       864     0    44     1     4
  7.3522578295066576E-01 a       865     0    44     1     5
  2.5704411349389816E-01 a       866     0    44     1     6
  4.2789058047024819E-01 a       867     0    44     1     7
  1.8104804221302579E-02 a       868     0    44     1     8
 -3.2242109531026514E-01 a       869     0    44     1     9
 -7.3292162974814765E-02 a       870     0    44     1    10
 -2.8318625118518870E-01 a       871     0    44     1    11
 -2.8331038866559868E-02 a       872     0    44     1    12
  5.9522246034215687E-02 a       873     0    44     1    13
  7.8399233615324393E-01 a       874     0    44     1    14
 -2.3444040875466410E-03 a       875     0    44     1    15
 -2.7543185110399951E-02 a       876     0    44     1    16
  2.6060426189130204E-01 a       877     0    44     1    17
  3.6697376643584002E-02 a       878     0    44     1    18
 -4.9990072181625024E-02 a       879     0    44     1    19
  7.9429223638416244E-02 a       880     0    44     1    20
 -1.8904561437249756E-01 a       881     0    45     1     1
  3.4059317759288354E-01 a       882     0    45     1     2
  6.7755810888879886E-02 a       883     0    45     1     3
  1.8575448642293363E-01 a       884     0    45     1     4
 -1.1010467927865751E-01 a       885     0    45     1     5
 -2.2391462821318764E-01 a       886     0    45     1     6
  1.7864851652370706E-01 a       887     0    45     1     7
 -2.1511618761640930E-01 a       888     0    45     1     8
  3.3110848686113953E-01 a       889     0    45     1     9
 -8.6001152776232090E-02 a       890     0    45     1    10
  1.1400647458837736E-01 a       891     0    45     1    11
  1.8637415943126293E-01 a       892     0    45     1    12
 -5.1893762002960508E-01 a       893     0    45     1    13
 -5.8036900001088798E-01 a       894     0    45     1    14
  1.2695659029425396E-01 a       895     0    45     1    15
  2.2128389301632220E-03 a       896     0    45     1    16
 -8.2016479848566928E-02 a       897     0    45     1    17
 -2.8446093123995229E-02 a       898     0    45     1    18
  1.2894322554141452E-01 a       899     0    45     1    19
  8.5294161299188223E-02 a       900     0    45     1    20
 -2.7010260762774746E-01 a       901     0    46     1     1
 -5.7221873738597551E-01 a       902     0    46     1     2
  1.0875306381368129E-01 a       903     0    46     1     3
  1.8570274285893998E-01 a       904     0    46     1     4
  6.7345926165759340E-01 a       905     0    46     1     5
  3.3164647627534904E-01 a       906     0    46     1     6
 -2.5384613595149787E-02 a       907     0    46     1     7
  4.6416623430811188E-01 a       908     0    46     1     8
  8.8607759986253060E-02 a       909     0    46     1     9
 -1.6984794119871341E-01 a       910     0    46     1    10
 -7.9673161708252593E-01 a       911     0    46     1    11
 -3.8053560798500599E-02 a       912     0    46     1    12
 -6.1428790840673808E-01 a       913     0    46     1    13
  6.6044005263951322E-01 a       914     0    46     1    14
  4.7789146804253185E-01 a       915     0    46     1    15
  3.6538815280766374E-01 a       916     0    46     1    16
  2.5038135276787732E-01 a       917     0    46     1    17
  3.8407146317795668E-02 a       918     0    46     1    18
  2.8281886124653483E-01 a       919     0    46     1    19
  1.9115047553669109E-01 a       920     0    46     1    20
  1.7972102040243704E-01 a       921     0    47     1     1
  1.5192950404059830E-01 a       922     0    47     1     2
  2.2974351692796391E-01 a       923     0    47     1     3
  5.2838342202180040E-02 a       924     0    47     1     4
  1.9702280923640400E-01 a       925     0    47     1     5
  1.6518997066786162E-01 a       926     0    47     1     6
 -1.1912915417404335E-01 a       927     0    47     1     7
  1.4143668051341868E-01 a       928     0    47     1     8
 -1.5615475693386364E-02 a       929     0    47     1     9
 -8.3670187280569436E-02 a       930     0    47     1    10
  3.3140072901226475E-01 a       931     0    47     1    11
 -6.1616723421502706E-02 a       932     0    47     1    12
  2.0766733730727691E-01 a       933     0    47     1    13
 -1.4910052451955533E-01 a       934     0    47     1    14
 -2.3909069086259091E-01 a       935     0    47     1    15
  8.0002088287916315E-02 a       936     0    47     1    16
  1.1759671414129817E-01 a       937     0    47     1    17
 -4.3330898460702594E-02 a       938     0    47     1    18
 -1.8628793157983928E-01 a       939     0    47     1    19
  1.3587530799200378E-02 a       940     0    47     1    20
 -3.0840920705362534E-01 a       941     0    48     1     1
 -3.6651010463002959E-01 a       942     0    48     1     2
  1.3394610647179481E-01 a       943     0    48     1     3
  2.5534762814397080E-02 a       944     0    48     1     4
 -1.3454139405346691E-01 a       945     0    48     1     5
 -1.6888674589422772E-01 a       946     0    48     1     6
  1.6410293273070872E-01 a       947     0    48     1     7
 -2.6487801978750874E-01 a       948     0    48     1     8
 -3.1770296626544695E-02 a       949     0    48     1     9
 -1.4420845910268032E-01 a       950     0    48     1    10
  3.3157138001038977E-01 a       951     0    48     1    11
 -1.0218539456713376E-02 a       952     0    48     1    12
 -1.7472072985935047E-01 a       953     0    48     1    13
 -1.3713562701463980E-01 a       954     0    48     1    14
  2.6920244577773811E-01 a       955     0    48     1    15
  3.3769026398836055E-01 a       956     0    48     1    16
 -4.2401977421713324E-02 a       957     0    48     1    17
  2.5195750246317372E-01 a       958     0    48     1    18
 -2.4713368310854142E-01 a       959     0    48     1    19
 -5.2534119955813641E-02 a       960     0    48     1    20
  1.4236699927517513E-01 a       961     0    49     1     1
  1.7828535678247770E-02 a       962     0    49     1     2
  1.3128867271078257E-01 a       963     0    49     1     3
  2.1485552100996615E-03 a       964     0    49     1     4
 -4.3544534715066668E-01 a       965     0    49     1     5
  2.6589676950638758E-02 a       966     0    49     1     6
 -4.3768355641536261E-01 a       967     0    49     1     7
  3.2938676777248599E-01 a       968     0    49     1     8
  1.2684096459632652E-01 a       969     0    49     1     9
  1.2687039259315686E-01 a       970     0    49     1    10
  4.3412706016716573E-01 a       971     0    49     1    11
 -1.7790931888088440E-01 a       972     0    49     1    12
  6.7801535252494979E-02 a       973     0    49     1    13
 -2.7966844825660597E-01 a       974     0    49     1    14
 -2.3405507035976136E-01 a       975     0    49     1    15
  2.4164037924428969E-01 a       976     0    49     1    16
  1.8239580356826168E-01 a       977     0    49     1    17
 -2.5333668851589641E-01 a       978     0    49     1    18
  2.2184198659548077E-01 a       979     0    49     1    19
 -3.0756203110506286E-01 a       980     0    49     1    20
 -3.4428811248972027E-02 a       981     0    50     1     1
 -6.1401768436598914E-01 a       982     0    50     1     2
  2.8371097356123293E-01 a       983     0    50     1     3
  2.3076470119999408E-02 a       984     0    50     1     4
 -1.9948228935172310E-01 a       985     0    50     1     5
  3.2311754053486186E-01 a       986     0    50     1     6
 -3.0587047551425536E-02 a       987     0    50     1     7
 -4.6553340856266834E-01 a       988     0    50     1     8
  5.6139241095279302E-01 a       989     0    50     1     9
  1.3150435864688603E-01 a       990     0    50     1    10
 -1.5916256947659593E-01 a       991     0    50     1    11
 -3.3200013949531031E-02 a       992     0    50     1    12
  8.5251424653918245E-02 a       993     0    50     1    13
 -1.5344407977747920E-01 a       994     0    50     1    14
 -1.3518131554836069E-01 a       995     0    50     1    15
 -2.0453801302939389E-01 a       996     0    50     1    16
 -4.7527455210520181E-01 a       997     0    50     1    17
 -1.9006102803697450E-01 a       998     0    50     1    18
  1.5798386201916303E-01 a       999     0    50     1    19
 -4.0304442229977622E-01 a      1000     0    50     1    20
  1.1970525669463003E-01 a      1001     0    51     1     1
  3.3013759789813929E-01 a      1002     0    51     1     2
  8.6688616295259313E-02 a      1003     0    51     1     3
  2.7273845197583246E-01 a      1004     0    51     1     4
 -6.4784509969179407E-02 a      1005     0    51     1     5
 -8.9369922976503063E-02 a      1006     0    51     1     6
  2.9559409252669397E-03 a      1007     0    51     1     7
 -4.3281731007525991E-02 a      1008     0    51     1     8
  2.0457128971533595E-01 a      1009     0    51     1     9
 -1.4550712949558406E-01 a      1010     0    51     1    10
  5.6091300019007619E-02 a      1011     0    51     1    11
 -1.6511429292595248E-03 a      1012     0    51     1    12
 -3.4395629005003792E-01 a      1013     0    51     1    13
 -2.2816581817310916E-01 a      1014     0    51     1    14
 -1.8319027009548506E-02 a      1015     0    51     1    15
  7.9128701631195023E-02 a      1016     0    51     1    16
 -5.4777980459828964E-02 a      1017     0    51     1    17
  6.7678326827974089E-02 a      1018     0    51     1    18
 -2.1171241152856737E-01 a      1019     0    51     1    19
  3.7863870377463006E-02 a      1020     0    51     1    20
 -8.9126651374617144E-02 a      1021     0    52     1     1
  1.0241024435234942E+00 a      1022     0    52     1     2
 -1.1719448246902460E-01 a      1023     0    52     1     3
  6.7272715745883971E-01 a      1024     0    52     1     4
 -4.1200061608158761E-01 a      1025     0    52     1     5
  9.5328610484917323E-02 a      1026     0    52     1     6
  5.3823966454128724E-01 a      1027     0    52     1     7
  3.5134517345508091E-02 a      1028     0    52     1     8
 -4.2327533592081151E-01 a      1029     0    52     1     9
 -1.4800854906534061E-01 a      1030     0    52     1    10
  2.4451563475860449E-01 a      1031     0    52     1    11
  2.8149839057753340E-01 a      1032     0    52     1    12
  4.5559887221015299E-01 a      1033     0    52     1    13
 -1.5119207092139178E-01 a      1034     0    52     1    14
 -8.4393387639476458E-01 a      1035     0    52     1    15
 -2.8653595588236574E-01 a      1036     0    52     1    16
  6.9526943000966346E-01 a      1037     0    52     1    17
  1.7513163671809634E-01 a      1038     0    52     1    18
  2.3543334973651339E-02 a      1039     0    52     1    19
 -6.5104865032729331E-02 a      1040     0    52     1    20
  1.0033371378426366E+00 a      1041     0    53     1     1
 -7.0694911634895241E-01 a      1042     0    53     1     2
  7.4546701150734196E-02 a      1043     0    53     1     3
 -5.3727817329250871E-01 a      1044     0    53     1     4
 -3.1745042813419677E-01 a      1045     0    53     1     5
  9.5914992298150675E-02 a      1046     0    53     1     6
 -8.9613187059024257E-01 a      1047     0    53     1     7
  2.7280093955621948E-01 a      1048     0    53     1     8
  1.0508267155758093E+00 a      1049     0    53     1     9
  5.1435061945751859E-01 a      1050     0    53     1    10
  8.7409768996112891E-01 a      1051     0    53     1    11
 -3.7917724727493857E-01 a      1052     0    53     1    12
 -6.5724893125895623E-01 a      1053     0    53     1    13
  6.9777533524843527E-01 a      1054     0    53     1    14
  2.0647717195398285E-01 a      1055     0    53     1    15
 -1.0564671460409301E-01 a      1056     0    53     1    16
 -1.7339674928435271E+00 a      1057     0    53     1    17
 -3.4738931381863841E-01 a      1058     0    53     1    18
  1.0722673557408171E+00 a      1059     0    53     1    19
 -9.3407033407028184E-01 a      1060     0    53     1    20
  2.3453032997003884E-01 a      1061     0    54     1     1
  2.5213134513136987E-01 a      1062     0    54     1     2
  4.2616144654991978E-01 a      1063     0    54     1     3
  3.4468129799696740E-02 a      1064     0    54     1     4
  6.8337278684404090E-02 a      1065     0    54     1     5
  1.1460130442278536E-01 a      1066     0    54     1     6
 -2.9303147300825427E-01 a      1067     0    54     1     7
  1.2297672582157330E-01 a      1068     0    54     1     8
 -2.2600354255775665E-01 a      1069     0    54     1     9
  2.3739807086989753E-01 a      1070     0    54     1    10
 -1.4780857551453433E-01 a      1071     0    54     1    11
  2.5655406230297673E-01 a      1072     0    54     1    12
 -6.4443181281236606E-02 a      1073     0    54     1    13
  7.0132658001456194E-01 a      1074     0    54     1    14
 -2.5044627163402833E-01 a      1075     0    54     1    15
 -4.2416358281031902E-01 a      1076     0    54     1    16
  1.9504938856179588E-01 a      1077     0    54     1    17
 -6.7289255954895499E-01 a      1078     0    54     1    18
  6.1720874533165093E-01 a      1079     0    54     1    19
  3.5809116166496940E-01 a      1080     0    54     1    20
  2.9725826495453528E-01 b      1081     1     1
 -8.2447913378218796E-01 b      1082     1     2
 -1.1001995217203795E+00 b      1083     1     3
 -9.9146533168935924E-01 b      1084     1     4
  5.0278088042288571E-01 b      1085     1     5
 -5.3466328785887796E-01 b      1086     1     6
  6.8200039223656905E-01 b      1087     1     7
 -3.0526971978423689E-01 b      1088     1     8
  1.1775411682359680E+00 b      1089     1     9
 -9.4715501528171764E-01 b      1090     1    10
 -1.5465212500535754E+00 b      1091     1    11
  1.6333365542687101E-01 b      1092     1    12
 -5.4926630905507956E-01 b      1093     1    13
  1.3162462681279892E+00 b      1094     1    14
 -2.8632100823075646E-01 b      1095     1    15
 -9.2281197257621927E-01 b      1096     1    16
 -8.4269779059028860E-01 b      1097     1    17
 -9.8383232200545800E-01 b      1098     1    18
  1.1978274752965710E-01 b      1099     1    19
 -4.1758070125080771E-01 b      1100     1    20
  3.9313186579910392E-01 a      1101     1     1     2     1
  3.2524199401862780E-01 a      1102     1     1     2     2
  7.6441424810422376E-01 a      1103     1     1     2     3
 -2.5809743438057492E-01 a      1104     1     1     2     4
  2.7367930882418068E-01 a      1105     1     1     2     5
  3.4276086819245810E-01 a      1106     1     1     2     6
 -5.3531420818269293E-01 a      1107     1     1     2     7
  4.0495442338696092E-01 a      1108     1     1     2     8
 -5.9463583766096575E-02 a      1109     1     1     2     9
  4.3097931623423813E-01 a      1110     1     1     2    10
 -2.5616449529765278E-01 a      1111     1     1     2    11
 -5.6696575156793126E-02 a      1112     1     1     2    12
  3.1802036106544235E-01 a      1113     1     1     2    13
  5.6935086678940559E-02 a      1114     1     1     2    14
  2.3351232669918653E-01 a      1115     1     1     2    15
 -2.0710575206073223E-03 a      1116     1     1     2    16
  4.2188079435046272E-01 a      1117     1     1     2    17
  3.8878290374774738E-01 a      1118     1     1     2    18
  1.3747152438739293E-01 a      1119     1     1     2    19
 -1.0850977042198109E-01 a      1120     1     1     2    20
 -4.1844643394922793E-01 a      1121     1     2     2     1
  5.3688528795072188E-01 a      1122     1     2     2     2
 -4.5608780367891744E-01 a      1123     1     2     2     3
 -1.0348139114815624E-01 a      1124     1     2     2     4
 -1.4615299039959423E-01 a      1125     1     2     2     5
  3.3745517095006095E-01 a      1126     1     2     2     6
 -6.7165532190907584E-01 a      1127     1     2     2     7
 -1.6667352686547979E-01 a      1128     1     2     2     8
 -1.5258861170923138E-01 a      1129     1     2     2     9
  6.2305826257071728E-01 a      1130     1     2     2    10
  2.7591308657708997E-03 a      1131     1     2     2    11
 -1.7501164806246590E-02 a      1132     1     2     2    12
 -3.1921954159023369E-01 a      1133     1     2     2    13
 -3.8302015724360372E-01 a      1134     1     2     2    14
  2.2616147882353269E-01 a      1135     1     2     2    15
  8.7965950734367926E-01 a      1136     1     2     2    16
  1.9223748984962588E-01 a      1137     1     2     2    17
 -8.5930855081755061E-02 a      1138     1     2     2    18
  3.3944805909844178E-01 a      1139     1     2     2    19
 -1.2283396230901822E-01 a      1140     1     2     2    20
 -1.4413089811619573E-01 a      1141     1     3     2     1
  2.8371253699077736E-01 a      1142     1     3     2     2
  3.5440192956324429E-01 a      1143     1     3     2     3
 -6.9769119280837766E-01 a      1144     1     3     2     4
  7.0955618995371306E-01 a      1145     1     3     2     5
 -1.3624536999447515E-01 a      1146     1     3     2     6
  8.4327732456401197E-02 a      1147     1     3     2     7
  3.8591425592617895E-01 a      1148     1     3     2     8
  3.2654398590697115E-01 a      1149     1     3     2     9
  7.4245163112200896E-01 a      1150     1     3     2    10
  2.5633853943395635E-01 a      1151     1     3     2    11
 -5.7059537133238390E-03 a      1152     1     3     2    12
 -2.2531297639625796E-02 a      1153     1     3     2    13
  4.8634387378244948E-01 a      1154     1     3     2    14
  1.6223079505874621E-01 a      1155     1     3     2    15
 -7.2770609164459399E-01 a      1156     1     3     2    16
  8.0474802130026141E-02 a      1157     1     3     2    17
  5.9554545753893262E-01 a      1158     1     3     2    18
  1.4284439869106999E-01 a      1159     1     3     2    19
  1.3051817707531718E-02 a      1160     1     3     2    20
  2.8595443596894599E-01 a      1161     1     4     2     1
 -3.3115577388451234E-01 a      1162     1     4     2     2
  3.1434338009325991E-01 a      1163     1     4     2     3
  4.6860896864101159E-01 a      1164     1     4     2     4
 -4.5097342695620601E-01 a      1165     1     4     2     5
  2.9302233979927378E-01 a      1166     1     4     2     6
 -5.1038586156277899E-01 a      1167     1     4     2     7
  4.0038433509685711E-01 a      1168     1     4     2     8
  9.7960826172454651E-01 a      1169     1     4     2     9
  7.7626455570703667E-01 a      1170     1     4     2    10
 -5.7851596357721502E-01 a      1171     1     4     2    11
  5.6980669825725017E-01 a      1172     1     4     2    12
 -5.1326157585868892E-02 a      1173     1     4     2    13
 -1.6962971742258087E-01 a      1174     1     4     2    14
  3.8565667628744105E-01 a      1175     1     4     2    15
  6.3598822592208004E-02 a      1176     1     4     2    16
  4.4450461057248952E-03 a      1177     1     4     2    17
  1.3721654698740962E-02 a      1178     1     4     2    18
  9.1130497823076373E-01 a      1179     1     4     2    19
  7.9578831066639344E-01 a      1180     1     4     2    20
 -2.2475779011454139E-01 a      1181     1     5     2     1
  1.9790539509885216E-01 a      1182     1     5     2     2
 -1.1832136918243379E-01 a      1183     1     5     2     3
 -2.4202944451811814E-01 a      1184     1     5     2     4
  1.6965075261445037E-01 a      1185     1     5     2     5
  4.6919164823141922E-02 a      1186     1     5     2     6
 -2.7364471854218177E-02 a      1187     1     5     2     7
 -3.0931336503826778E-01 a      1188     1     5     2     8
 -4.9191973630382579E-01 a      1189     1     5     2     9
 -4.1477732042256626E-01 a      1190     1     5     2    10
 -2.8810043217593506E-01 a      1191     1     5     2    11
  2.1368300530298076E-01 a      1192     1     5     2    12
  4.8214162734379434E-01 a      1193     1     5     2    13
 -5.8781629667077984E-01 a      1194     1     5     2    14
 -6.5515266240549319E-01 a      1195     1     5     2    15
  1.8854322492571379E-01 a      1196     1     5     2    16
  1.1403026841267395E-01 a      1197     1     5     2    17
 -2.8240919051361873E-03 a      1198     1     5     2    18
  1.5206317594476465E-01 a      1199     1     5     2    19
 -6.0164410735386503E-02 a      1200     1     5     2    20
  4.3769609479154992E-01 a      1201     1     6     2     1
 -3.5224763097565726E-01 a      1202     1     6     2     2
  1.8141402496960896E-01 a      1203     1     6     2     3
 -2.0037024411268967E-01 a      1204     1     6     2     4
 -1.3756284954618272E-03 a      1205     1     6     2     5
  6.2058783567189013E-01 a      1206     1     6     2     6
  2.1902321635836086E-01 a      1207     1     6     2     7
 -3.5888166580142749E-03 a      1208     1     6     2     8
 -6.5324921051384799E-01 a      1209     1     6     2     9
 -3.9336706183844966E-01 a      1210     1     6     2    10
  2.3300871952073313E-01 a      1211     1     6     2    11
  2.2987149046967997E-01 a      1212     1     6     2    12
 -2.7991103937211942E-01 a      1213     1     6     2    13
  3.5601638776226252E-01 a      1214     1     6     2    14
 -3.2735444660419673E-02 a      1215     1     6     2    15
  3.8812930471554036E-01 a      1216     1     6     2    16
  2.9940124591425937E-01 a      1217     1     6     2    17
 -6.5494430434963127E-02 a      1218     1     6     2    18
 -1.3816075976140279E-02 a      1219     1     6     2    19
 -1.8558098531156056E-01 a      1220     1     6     2    20
 -3.1612686456204309E-01 a      1221     1     7     2     1
  2.3420452650337356E-01 a      1222     1     7     2     2
  5.4766511344599478E-01 a      1223     1     7     2     3
 -1.7779175812836315E-01 a      1224     1     7     2     4
  3.5863790001153295E-01 a      1225     1     7     2     5
 -9.6986577915567562E-01 a      1226     1     7     2     6
 -5.2720042205756490E-01 a      1227     1     7     2     7
  4.9296927069333141E-01 a      1228     1     7     2     8
  9.0853143711073536E-01 a      1229     1     7     2     9
 -2.4480959366669292E-01 a      1230     1     7     2    10
  3.6801869753302807E-01 a      1231     1     7     2    11
 -1.9292595396742068E-01 a      1232     1     7     2    12
 -5.1561855818007141E-01 a      1233     1     7     2    13
 -2.2000086620863396E-01 a      1234     1     7     2    14
 -1.2643794819735318E-01 a      1235     1     7     2    15
 -3.9814211930288496E-01 a      1236     1     7     2    16
  4.4730833371881423E-01 a      1237     1     7     2    17
 -2.5142106981957818E-01 a      1238     1     7     2    18
 -4.5096759855032524E-02 a      1239     1     7     2    19
 -6.3537769691461243E-01 a      1240     1     7     2    20
 -9.5625574059539004E-02 a      1241     1     8     2     1
 -3.2497164096817954E-01 a      1242     1     8     2     2
 -3.4902168873963774E-01 a      1243     1     8     2     3
 -2.3293297806738822E-01 a      1244     1     8     2     4
 -1.7461030218071499E-01 a      1245     1     8     2     5
 -9.4861847869346927E-02 a      1246     1     8     2     6
  2.6509451647970983E-01 a      1247     1     8     2     7
  5.1108261529718424E-01 a      1248     1     8     2     8
 -7.8476861666229941E-02 a      1249     1     8     2     9
  4.8382301351728296E-01 a      1250     1     8     2    10
 -6.5948984220584261E-02 a      1251     1     8     2    11
 -5.8486399800915945E-01 a      1252     1     8     2    12
 -2.3430453790821504E-01 a      1253     1     8     2    13
 -3.5761489460828511E-01 a      1254     1     8     2    14
  3.3115208078445063E-01 a      1255     1     8     2    15
  4.5573515104102474E-01 a      1256     1     8     2    16
  1.8243038667113038E-02 a      1257     1     8     2    17
 -7.6852066567628574E-01 a      1258     1     8     2    18
  4.7721785683462176E-01 a      1259     1     8     2    19
  8.6859474593387095E-02 a      1260     1     8     2    20
  4.7979535166470094E-01 a      1261     1     9     2     1
  2.3738756558172347E-01 a      1262     1     9     2     2
 -1.1497089905880700E-01 a      1263     1     9     2     3
 -4.9740065518956933E-02 a      1264     1     9     2     4
  1.2426659208031342E-02 a      1265     1     9     2     5
 -5.3242551438043018E-01 a      1266     1     9     2     6
  6.1208488309410414E-01 a      1267     1     9     2     7
  9.6385597423847513E-01 a      1268     1     9     2     8
 -6.4651777938262078E-01 a      1269     1     9     2     9
 -1.6335265987075748E-01 a      1270     1     9     2    10
  3.0912648631785972E-01 a      1271     1     9     2    11
  2.2500393254055001E-01 a      1272     1     9     2    12
 -7.4615507291460733E-03 a      1273     1     9     2    13
  2.4638307505555818E-01 a      1274     1     9     2    14
 -2.3316712585398091E-02 a      1275     1     9     2    15
 -5.0561175102382883E-01 a      1276     1     9     2    16
 -6.8449956776244394E-02 a      1277     1     9     2    17
 -3.2190681357389866E-01 a      1278     1     9     2    18
  6.2756045844276964E-01 a      1279     1     9     2    19
  4.9776615775936484E-01 a      1280     1     9     2    20
  3.2139828656369651E-01 a      1281     1    10     2     1
  2.4875825103266400E-01 a      1282     1    10     2     2
  1.8350768443331525E-01 a      1283     1    10     2     3
  2.9486633532220641E-01 a      1284     1    10     2     4
 -1.0690398401825001E-01 a      1285     1    10     2     5
  2.7723661634445569E-02 a      1286     1    10     2     6
 -1.5793121754553177E-01 a      1287     1    10     2     7
  8.3494583551342783E-01 a      1288     1    10     2     8
  2.7857641119766074E-01 a      1289     1    10     2     9
 -5.8493913734145553E-01 a      1290     1    10     2    10
  5.0294374927157393E-01 a      1291     1    10     2    11
  4.0930952442014862E-01 a      1292     1    10     2    12
  1.5456961320434767E-01 a      1293     1    10     2    13
  7.4820721092972253E-01 a      1294     1    10     2    14
  6.3931785331912405E-01 a      1295     1    10     2    15
 -9.3949376814656038E-01 a      1296     1    10     2    16
 -2.1341281910071785E-01 a      1297     1    10     2    17
 -3.8560648132460273E-01 a      1298     1    10     2    18
 -6.8294371919061059E-01 a      1299     1    10     2    19
 -5.8220231778020562E-02 a      1300     1    10     2    20
  3.4444056271480039E-01 a      1301     1    11     2     1
 -7.8810874949289747E-02 a      1302     1    11     2     2
 -3.2718549254029361E-01 a      1303     1    11     2     3
 -6.8549874036803085E-02 a      1304     1    11     2     4
  2.3409597891889916E-01 a      1305     1    11     2     5
 -2.1212604451323391E-01 a      1306     1    11     2     6
  8.5512516075598166E-01 a      1307     1    11     2     7
 -7.3466071917792239E-02 a      1308     1    11     2     8
  2.7035037964471303E-01 a      1309     1    11     2     9
 -2.6956288164724967E-01 a      1310     1    11     2    10
 -5.1935246153631676E-01 a      1311     1    11     2    11
 -1.9220594003673416E-01 a      1312     1    11     2    12
  2.7305287647038226E-02 a      1313     1    11     2    13
 -1.2775180062989194E-01 a      1314     1    11     2    14
 -4.8750242722914788E-01 a      1315     1    11     2    15
 -5.0586129526714885E-01 a      1316     1    11     2    16
 -2.3539081460165784E-01 a      1317     1    11     2    17
 -1.1455266938129730E-01 a      1318     1    11     2    18
  1.0303683191141124E+00 a      1319     1    11     2    19
  5.7319835927829410E-01 a      1320     1    11     2    20
  2.3575838835662716E-01 a      1321     1    12     2     1
  2.5168407630386219E-01 a      1322     1    12     2     2
 -2.9878986178937589E-01 a      1323     1    12     2     3
  9.4519265165097538E-02 a      1324     1    12     2     4
 -2.5804365092841602E-01 a      1325     1    12     2     5
  3.5456397449997995E-01 a      1326     1    12     2     6
  4.9007314822279413E-01 a      1327     1    12     2     7
 -1.6984825267336631E-01 a      1328     1    12     2     8
 -5.7140986598589683E-01 a      1329     1    12     2     9
  8.3509187834611287E-01 a      1330     1    12     2    10
  1.2522129756914460E-01 a      1331     1    12     2    11
 -6.7926988480561856E-01 a      1332     1    12     2    12
 -2.8130233296732088E-01 a      1333     1    12     2    13
 -1.1773801976627987E-01 a      1334     1    12     2    14
 -2.9441513757877419E-01 a      1335     1    12     2    15
  6.9860518213308298E-01 a      1336     1    12     2    16
  9.3681751526543566E-02 a      1337     1    12     2    17
 -2.2577564119328061E-01 a      1338     1    12     2    18
 -6.5204358193983991E-01 a      1339     1    12     2    19
 -3.6712038594018281E-01 a      1340     1    12     2    20
  4.3908450689742967E-01 a      1341     1    13     2     1
 -4.8933607733218115E-01 a      1342     1    13     2     2
 -8.7352904316568691E-01 a      1343     1    13     2     3
  5.2268183119761280E-01 a      1344     1    13     2     4
 -2.4464681136805350E-01 a      1345     1    13     2     5
  4.6753098071940702E-01 a      1346     1    13     2     6
 -7.0311802018252789E-01 a      1347     1    13     2     7
 -1.3322797044859799E-01 a      1348     1    13     2     8
  3.8228091855930582E-02 a      1349     1    13     2     9
  2.5142152389975625E-01 a      1350     1    13     2    10
 -3.2623000681798403E-01 a      1351     1    13     2    11
  5.0439519680594944E-02 a      1352     1    13     2    12
 -2.3320720204452994E-01 a      1353     1    13     2    13
  4.6261418109603963E-02 a      1354     1    13     2    14
 -5.2450556016189953E-01 a      1355     1    13     2    15
  4.0508482680086061E-01 a      1356     1    13     2    16
 -5.2853062201407208E-01 a      1357     1    13     2    17
  2.9327235327751217E-01 a      1358     1    13     2    18
 -3.5505860231733238E-01 a      1359     1    13     2    19
  2.4230938639018536E-03 a      1360     1    13     2    20
  1.2923815535732302E-02 a      1361     1    14     2     1
  4.3763378134693187E-01 a      1362     1    14     2     2
 -3.2614708820950178E-01 a      1363     1    14     2     3
  2.0464003411209292E-01 a      1364     1    14     2     4
 -1.1342500579901518E-01 a      1365     1    14     2     5
 -2.4261006927567103E-01 a      1366     1    14     2     6
  1.1294662771784245E+00 a      1367     1    14     2     7
 -1.0910782623273729E+00 a      1368     1    14     2     8
  3.5536773006284272E-01 a      1369     1    14     2     9
  8.2721614425332124E-01 a      1370     1    14     2    10
 -4.6492602008334694E-01 a      1371     1    14     2    11
  4.8121657923653616E-01 a      1372     1    14     2    12
  2.8976761676091484E-01 a      1373     1    14     2    13
 -5.0744705150439873E-01 a      1374     1    14     2    14
 -3.7980473662610516E-02 a      1375     1    14     2    15
  5.6062806193032910E-01 a      1376     1    14     2    16
 -1.1610763287481618E-01 a      1377     1    14     2    17
 -4.0786644902870195E-01 a      1378     1    14     2    18
  7.1591216025687787E-01 a      1379     1    14     2    19
 -7.3353827629724322E-01 a      1380     1    14     2    20
  5.5044337052078052E-01 a      1381     1    15     2     1
 -1.6310348114156487E-01 a      1382     1    15     2     2
  1.1901776028053777E-01 a      1383     1    15     2     3
 -2.2446353981327738E-01 a      1384     1    15     2     4
  7.9842217067346719E-02 a      1385     1    15     2     5
 -4.3723406399069553E-01 a      1386     1    15     2     6
 -2.4063692587902191E-01 a      1387     1    15     2     7
  2.8456329722991297E-01 a      1388     1    15     2     8
 -1.2693216030888158E-01 a      1389     1    15     2     9
 -6.3907089946939152E-02 a      1390     1    15     2    10
  1.5087923364906772E-01 a      1391     1    15     2    11
  4.9914747587905073E-01 a      1392     1    15     2    12
  8.4755125830786329E-02 a      1393     1    15     2    13
 -5.6600108819472417E-01 a      1394     1    15     2    14
  3.2035975989586507E-01 a      1395     1    15     2    15
  7.1176080411863896E-01 a      1396     1    15     2    16
  7.9004629401274684E-01 a      1397     1    15     2    17
  1.0351621368862948E-01 a      1398     1    15     2    18
  2.4237477735478519E-01 a      1399     1    15     2    19
  4.8312668037958062E-01 a      1400     1    15     2    20
 -8.1286567443675226E-02 a      1401     1    16     2     1
 -5.5146859106450064E-02 a      1402     1    16     2     2
 -6.0840255201542004E-01 a      1403     1    16     2     3
  2.7393970534252909E-01 a      1404     1    16     2     4
  4.3438923449577238E-01 a      1405     1    16     2     5
 -4.0653198414782760E-01 a      1406     1    16     2     6
 -2.6236488008803405E-01 a      1407     1    16     2     7
 -4.9037634137807200E-02 a      1408     1    16     2     8
  3.9785304631646656E-01 a      1409     1    16     2     9
 -1.9383230457909101E-02 a      1410     1    16     2    10
 -7.6191016958810656E-02 a      1411     1    16     2    11
  6.9733940727464272E-01 a      1412     1    16     2    12
 -5.4490060494944392E-01 a      1413     1    16     2    13
  1.6715865520761597E-01 a      1414     1    16     2    14
 -3.6228425490485128E-01 a      1415     1    16     2    15
  4.1139766652431414E-01 a      1416     1    16     2    16
 -2.8044635124800305E-01 a      1417     1    16     2    17
 -3.8720255652649765E-01 a      1418     1    16     2    18
  6.8078692038897459E-01 a      1419     1    16     2    19
  7.5795360807257273E-01 a      1420     1    16     2    20
  3.4895972934423342E-01 a      1421     1    17     2     1
  2.8110046254708454E-01 a      1422     1    17     2     2
  2.1464557459302264E-01 a      1423     1    17     2     3
  3.3162669406038936E-01 a      1424     1    17     2     4
  3.6241121836836759E-01 a      1425     1    17     2     5
  4.9594542047457207E-01 a      1426     1    17     2     6
 -7.7093023829451801E-01 a      1427     1    17     2     7
  2.8582337926299084E-01 a      1428     1    17     2     8
  1.4976347050251765E-01 a      1429     1    17     2     9
  9.2075813427922959E-01 a      1430     1    17     2    10
  6.8410776345915025E-01 a      1431     1    17     2    11
  2.3548598748147015E-01 a      1432     1    17     2    12
 -1.0207322406266503E-01 a      1433     1    17     2    13
 -1.1521007723670864E-02 a      1434     1    17     2    14
  5.2050496989746808E-01 a      1435     1    17     2    15
 -2.9425714667966264E-02 a      1436     1    17     2    16
  6.3232497861508452E-01 a      1437     1    17     2    17
  3.5885756446764977E-01 a      1438     1    17     2    18
 -5.0681877176282331E-01 a      1439     1    17     2    19
  4.4164175012466167E-02 a      1440     1    17     2    20
  2.6975186977419913E-01 a      1441     1    18     2     1
 -2.7061766846337576E-01 a      1442     1    18     2     2
 -5.7578198292353355E-01 a      1443     1    18     2     3
  8.7956070324275215E-01 a      1444     1    18     2     4
  5.2887983546640183E-01 a      1445     1    18     2     5
  3.0711076495781014E-02 a      1446     1    18     2     6
  5.3916955018434565E-01 a      1447     1    18     2     7
  6.0313081924151557E-01 a      1448     1    18     2     8
 -5.6888946548757535E-01 a      1449     1    18     2     9
 -6.0180764587944924E-01 a      1450     1    18     2    10
  3.3878601162782901E-01 a      1451     1    18     2    11
  3.4148909892226614E-01 a      1452     1    18     2    12
  6.4651150729138476E-02 a      1453     1    18     2    13
 -6.4196246380335664E-01 a      1454     1    18     2    14
  2.7130648672860952E-01 a      1455     1    18     2    15
  5.3260786399514903E-01 a      1456     1    18     2    16
  6.3960759244945042E-01 a      1457     1    18     2    17
  8.9903208096753201E-02 a      1458     1    18     2    18
  2.2124513693999723E-01 a      1459     1    18     2    19
  7.1159617134688144E-02 a      1460     1    18     2    20
 -6.9635253330483787E-02 a      1461     1    19     2     1
 -1.0849593846662296E-01 a      1462     1    19     2     2
  2.2873525950174811E-01 a      1463     1    19     2     3
 -4.3992115125963416E-01 a      1464     1    19     2     4
  2.4144250083864424E-01 a      1465     1    19     2     5
  1.9811554644937096E-01 a      1466     1    19     2     6
  1.2667211628889918E-01 a      1467     1    19     2     7
  6.9796482567529505E-01 a      1468     1    19     2     8
  5.1247076584224260E-01 a      1469     1    19     2     9
 -1.9151644858025982E-01 a      1470     1    19     2    10
  7.5899083937521941E-02 a      1471     1    19     2    11
  1.4183595445035591E-01 a      1472     1    19     2    12
 -9.9321744091899714E-02 a      1473     1    19     2    13
  1.3868573078180321E-01 a      1474     1    19     2    14
 -6.3328834533094402E-01 a      1475     1    19     2    15
 -3.4073674859104841E-01 a      1476     1    19     2    16
  1.2849236069680822E-01 a      1477     1    19     2    17
  7.9262635305589135E-01 a      1478     1    19     2    18
  6.1096217059746494E-01 a      1479     1    19     2    19
 -4.9753136790795294E-01 a      1480     1    19     2    20
 -1.7972733015269243E-01 a      1481     1    20     2     1
  2.7311381057950584E-01 a      1482     1    20     2     2
 -4.7791684283503016E-01 a      1483     1    20     2     3
  3.1921186914406480E-01 a      1484     1    20     2     4
 -2.6622469388248832E-01 a      1485     1    20     2     5
 -2.3506889661730609E-01 a      1486     1    20     2     6
 -5.7957803127612534E-02 a      1487     1    20     2     7
 -4.6035980920328662E-01 a      1488     1    20     2     8
  7.2619825035981342E-02 a      1489     1    20     2     9
 -7.1481294824716479E-01 a      1490     1    20     2    10
  2.2769621965942413E-01 a      1491     1    20     2    11
  5.3307354844510013E-01 a      1492     1    20     2    12
 -1.9487420978380599E-01 a      1493     1    20     2    13
  2.2578800838476792E-01 a      1494     1    20     2    14
 -1.5738362878454079E-01 a      1495     1    20     2    15
 -4.0673000128670894E-01 a      1496     1    20     2    16
 -5.6442440318281273E-01 a      1497     1    20     2    17
  8.6029524815153927E-02 a      1498     1    20     2    18
 -1.2499101391255628E-01 a      1499     1    20     2    19
  2.8190959154751716E-01 a      1500     1    20     2    20
  2.5745913039770690E-01 b      1501     2     1
 -1.1065781743066714E+00 b      1502     2     2
 -1.7307703723454926E+00 b      1503     2     3
  2.3071434393093213E+00 b      1504     2     4
 -8.3013277287295550E-01 b      1505     2     5
 -1.3981038394710718E-01 b      1506     2     6
  5.6057633444931712E-02 b      1507     2     7
  1.0818364945084757E+00 b      1508     2     8
 -2.4263243108440899E-01 b      1509     2     9
 -1.0905190381962901E+00 b      1510     2    10
  5.2964358008143059E-03 b      1511     2    11
 -1.6756105224170732E+00 b      1512     2    12
  3.0091953114759751E-01 b      1513     2    13
  7.3462813290865547E-01 b      1514     2    14
 -3.3978623438454836E-01 b      1515     2    15
  2.4693288392252502E-01 b      1516     2    16
 -4.9672312650004061E-02 b      1517     2    17
  7.2525507019954438E-01 b      1518     2    18
 -1.4872779751020566E+00 b      1519     2    19
 -3.8420914408272744E-01 b      1520     2    20
  5.8389264546646602E-01 a      1521     2     1     3     1
 -4.3827017841029964E-02 a      1522     2     2     3     1
  1.1021702778217861E+00 a      1523     2     3     3     1
 -5.4355020997542214E-01 a      1524     2     4     3     1
  1.1705386442106029E+00 a      1525     2     5     3     1
 -1.5105161147323273E-01 a      1526     2     6     3     1
 -1.9745150545753931E+00 a      1527     2     7     3     1
 -2.1844120245257870E-01 a      1528     2     8     3     1
  8.6771311596260600E-02 a      1529     2     9     3     1
 -1.5869208836601861E-01 a      1530     2    10     3     1
  5.2924100686803743E-01 a      1531     2    11     3     1
  1.2732508975843146E+00 a      1532     2    12     3     1
 -5.1951517911235612E-01 a      1533     2    13     3     1
 -7.1544522840844360E-01 a      1534     2    14     3     1
  3.6417422544192735E-01 a      1535     2    15     3     1
  3.2557964611661172E-01 a      1536     2    16     3     1
 -1.2364438765223165E+00 a      1537     2    17     3     1
 -5.2741405400918442E-02 a      1538     2    18     3     1
  1.3905037925463546E+00 a      1539     2    19     3     1
  1.5577833957884433E+00 a      1540     2    20     3     1
 -1.5929859653066736E+00 b      1541     3     1
