################################################################################
# Neural network connection values (weights and biases).
################################################################################
# Col  Name       Description
################################################################################
# 1    connection Neural network connection value.
# 2    t          Connection type (a = weight, b = bias).
# 3    index      Index enumerating weights.
# 4    l_s        Starting point layer (end point layer for biases).
# 5    n_s        Starting point neuron in starting layer (end point neuron for biases).
# 6    l_e        End point layer.
# 7    n_e        End point neuron in end layer.
################################################################################
#                      1 2         3     4     5     6     7
#             connection t     index   l_s   n_s   l_e   n_e
############################################################
 -1.6333420325925524E-01 a         1     0     1     1     1
  1.0737289186517511E+00 a         2     0     1     1     2
 -1.8514553460192021E-01 a         3     0     1     1     3
 -2.8418698179055877E-02 a         4     0     1     1     4
  2.0567095883356254E-01 a         5     0     1     1     5
  3.7270174888122332E-01 a         6     0     1     1     6
  5.0983703749005287E-02 a         7     0     1     1     7
  2.1937043389672652E-02 a         8     0     1     1     8
  3.4671854275217580E-02 a         9     0     1     1     9
 -3.2513096628150834E-01 a        10     0     1     1    10
  6.6340579206475547E-01 a        11     0     1     1    11
 -1.1251230329736588E-01 a        12     0     1     1    12
  2.9667081335605922E-01 a        13     0     1     1    13
 -3.1982290926201175E-02 a        14     0     1     1    14
 -1.3594936070305030E-01 a        15     0     1     1    15
  2.3844880687405567E-01 a        16     0     1     1    16
 -1.3504540894855652E-01 a        17     0     1     1    17
 -4.5228648483361129E-03 a        18     0     1     1    18
 -1.8924412466565999E-01 a        19     0     1     1    19
  1.7225224958289495E-01 a        20     0     1     1    20
 -1.9582676407260932E-01 a        21     0     2     1     1
 -1.9429323961226350E-01 a        22     0     2     1     2
 -1.8879740513174897E-02 a        23     0     2     1     3
 -8.1977212881637312E-02 a        24     0     2     1     4
 -1.2764710426256173E-02 a        25     0     2     1     5
 -2.1206942641644771E-01 a        26     0     2     1     6
  1.2274138483864994E-01 a        27     0     2     1     7
 -2.0830472625712340E-01 a        28     0     2     1     8
  6.2052361461306804E-01 a        29     0     2     1     9
  1.5670141006326324E-01 a        30     0     2     1    10
  5.2539585387811123E-02 a        31     0     2     1    11
  4.5163927772765661E-01 a        32     0     2     1    12
 -2.7738334997165763E-02 a        33     0     2     1    13
 -4.7595064497512135E-02 a        34     0     2     1    14
 -2.0110878616841876E-01 a        35     0     2     1    15
 -1.2204688130902257E-01 a        36     0     2     1    16
  7.9355502923793009E-02 a        37     0     2     1    17
 -2.1125466886678124E-01 a        38     0     2     1    18
  1.6934735638425089E-01 a        39     0     2     1    19
 -6.8634480854643548E-02 a        40     0     2     1    20
 -6.8186175697908413E-02 a        41     0     3     1     1
  1.7589440612666021E-01 a        42     0     3     1     2
  5.3986538710439928E-03 a        43     0     3     1     3
  9.7196630247938121E-02 a        44     0     3     1     4
  1.6425981077926182E-02 a        45     0     3     1     5
  8.4817420374247748E-02 a        46     0     3     1     6
  3.1105807516492073E-01 a        47     0     3     1     7
  1.1565588367847453E-01 a        48     0     3     1     8
  6.1666909946597681E-02 a        49     0     3     1     9
 -8.6012462805461570E-02 a        50     0     3     1    10
  6.4387714359591910E-02 a        51     0     3     1    11
  1.1378896954006180E-01 a        52     0     3     1    12
 -2.4978695270272083E-01 a        53     0     3     1    13
  1.6544945639442785E-01 a        54     0     3     1    14
 -1.0989727171934355E-01 a        55     0     3     1    15
 -1.1535240463079495E-01 a        56     0     3     1    16
  1.2941153600797792E-02 a        57     0     3     1    17
 -1.0757950514174131E-01 a        58     0     3     1    18
  9.5407689041127092E-02 a        59     0     3     1    19
  8.3421745593975041E-02 a        60     0     3     1    20
  2.7973861423899660E-01 a        61     0     4     1     1
 -5.4628374708828287E-01 a        62     0     4     1     2
  4.0313850582444560E-01 a        63     0     4     1     3
 -9.7152020592835911E-02 a        64     0     4     1     4
 -8.9419656801027359E-03 a        65     0     4     1     5
  1.7765076538486085E-01 a        66     0     4     1     6
 -4.1894983004374095E-02 a        67     0     4     1     7
 -2.0510846308479623E-03 a        68     0     4     1     8
 -1.2670000572665344E-01 a        69     0     4     1     9
  4.9409283416604811E-02 a        70     0     4     1    10
  5.8950588317334651E-01 a        71     0     4     1    11
  1.5295200465544281E-01 a        72     0     4     1    12
 -4.4190956645625751E-01 a        73     0     4     1    13
  1.2511963416632846E-01 a        74     0     4     1    14
  3.6216701602557405E-01 a        75     0     4     1    15
 -2.0709428888714593E-01 a        76     0     4     1    16
 -6.4453704577482818E-01 a        77     0     4     1    17
 -3.7631916224670126E-01 a        78     0     4     1    18
 -2.6030608376188130E-01 a        79     0     4     1    19
  1.7380613895888350E-01 a        80     0     4     1    20
  9.4117485800973766E-01 a        81     0     5     1     1
 -9.9294854742049077E-02 a        82     0     5     1     2
 -8.0454424482210601E-02 a        83     0     5     1     3
 -4.2835545472392672E-01 a        84     0     5     1     4
  3.8460341314727908E-01 a        85     0     5     1     5
  2.6824492716242113E-02 a        86     0     5     1     6
 -2.8992935607245023E-02 a        87     0     5     1     7
  2.5580064042158818E-01 a        88     0     5     1     8
 -2.4248054413922737E-01 a        89     0     5     1     9
 -4.1581656259038169E-01 a        90     0     5     1    10
 -5.4735090814335995E-02 a        91     0     5     1    11
 -4.9030810149235521E-01 a        92     0     5     1    12
  4.2966894053293314E-01 a        93     0     5     1    13
 -5.6849903059125739E-02 a        94     0     5     1    14
  8.8020737292461948E-01 a        95     0     5     1    15
  6.3719869968021356E-02 a        96     0     5     1    16
 -2.3431118677871521E-01 a        97     0     5     1    17
  2.5305881653573364E-01 a        98     0     5     1    18
 -1.1114232875164465E-01 a        99     0     5     1    19
 -1.8084667041317466E-02 a       100     0     5     1    20
 -1.1645684838348763E-01 a       101     0     6     1     1
  1.5525740473333177E-01 a       102     0     6     1     2
 -6.7619290484770889E-02 a       103     0     6     1     3
  1.8811618757189924E-01 a       104     0     6     1     4
 -9.9462752768008325E-02 a       105     0     6     1     5
 -1.1825746097553311E-02 a       106     0     6     1     6
  3.0287979250335251E-01 a       107     0     6     1     7
 -1.1452812255322517E-01 a       108     0     6     1     8
 -1.0521843377949984E-01 a       109     0     6     1     9
  2.7554706751710956E-01 a       110     0     6     1    10
  2.1165542241065510E-01 a       111     0     6     1    11
  2.0235769740773606E-02 a       112     0     6     1    12
  1.5610673525339333E-01 a       113     0     6     1    13
 -4.2565659993374749E-01 a       114     0     6     1    14
  1.7311147933221838E-01 a       115     0     6     1    15
  1.1079090219066684E-01 a       116     0     6     1    16
 -1.0849431658038869E-01 a       117     0     6     1    17
  2.3275098831312607E-01 a       118     0     6     1    18
  2.1704211575384291E-01 a       119     0     6     1    19
  1.5157641612439585E-01 a       120     0     6     1    20
  1.2598991969016821E-01 a       121     0     7     1     1
 -2.4064773451755200E-01 a       122     0     7     1     2
 -5.0352314588722957E-01 a       123     0     7     1     3
  2.1929308991582191E-01 a       124     0     7     1     4
 -3.2550682448775053E-01 a       125     0     7     1     5
  2.7548551063607152E-01 a       126     0     7     1     6
  1.0269126309014689E-01 a       127     0     7     1     7
  5.2249872548058157E-02 a       128     0     7     1     8
 -8.8756518437963991E-02 a       129     0     7     1     9
  3.6892491854140647E-01 a       130     0     7     1    10
 -9.1093880478153044E-01 a       131     0     7     1    11
 -1.5343591454432934E-01 a       132     0     7     1    12
  4.7761526942229882E-01 a       133     0     7     1    13
  3.8301700349941148E-01 a       134     0     7     1    14
 -5.4878690002122732E-01 a       135     0     7     1    15
  4.9187432384362136E-02 a       136     0     7     1    16
  4.8687033714618339E-01 a       137     0     7     1    17
  1.6319522024035144E-01 a       138     0     7     1    18
  2.3521202757894935E-01 a       139     0     7     1    19
 -3.5798057670777694E-01 a       140     0     7     1    20
 -4.8529044928794224E-01 a       141     0     8     1     1
 -3.6002695568568455E-01 a       142     0     8     1     2
 -1.2813256749856064E-01 a       143     0     8     1     3
  4.9075920759348041E-01 a       144     0     8     1     4
  4.0173843763828699E-03 a       145     0     8     1     5
 -2.8781994042960068E-01 a       146     0     8     1     6
  1.7673760009039549E-01 a       147     0     8     1     7
 -2.6347334731756167E-01 a       148     0     8     1     8
  2.6299788059888255E-02 a       149     0     8     1     9
  1.7522129978670820E-01 a       150     0     8     1    10
  1.7696213659820245E-01 a       151     0     8     1    11
  4.6884623402427461E-01 a       152     0     8     1    12
  9.2098569354248483E-02 a       153     0     8     1    13
 -2.4784145345532782E-01 a       154     0     8     1    14
 -2.2937916164983863E-01 a       155     0     8     1    15
 -4.0331128731844873E-01 a       156     0     8     1    16
  9.2183676836089731E-02 a       157     0     8     1    17
 -6.2873675871606360E-02 a       158     0     8     1    18
  1.4791649550558877E-01 a       159     0     8     1    19
 -6.6041265806662613E-02 a       160     0     8     1    20
  1.3908687277399795E-01 a       161     0     9     1     1
 -2.1131906690346969E-01 a       162     0     9     1     2
  7.1335436048689735E-02 a       163     0     9     1     3
 -4.0075168100862751E-01 a       164     0     9     1     4
 -2.4109587605687510E-01 a       165     0     9     1     5
 -6.4252390056813311E-02 a       166     0     9     1     6
 -2.4902070178708019E-02 a       167     0     9     1     7
  2.4282457571643279E-01 a       168     0     9     1     8
  4.0473391064950300E-02 a       169     0     9     1     9
  7.9199320974304349E-02 a       170     0     9     1    10
 -1.4082163603666287E-01 a       171     0     9     1    11
 -9.1022625681114425E-02 a       172     0     9     1    12
 -2.0377855023664046E-01 a       173     0     9     1    13
  1.7196980169716819E-01 a       174     0     9     1    14
  2.0973154844144512E-02 a       175     0     9     1    15
  7.8368247138137816E-03 a       176     0     9     1    16
 -1.1309947777160181E-01 a       177     0     9     1    17
 -7.5288143206777944E-02 a       178     0     9     1    18
 -2.4558995264708314E-01 a       179     0     9     1    19
  3.3780744307325668E-03 a       180     0     9     1    20
  2.0483923996165879E-01 a       181     0    10     1     1
  2.8879943703593153E-01 a       182     0    10     1     2
  3.8482242142879292E-01 a       183     0    10     1     3
 -2.6874391991424046E-01 a       184     0    10     1     4
  6.2620023995947016E-01 a       185     0    10     1     5
  2.1532376742806159E-01 a       186     0    10     1     6
 -1.1510673283034968E-01 a       187     0    10     1     7
  1.0722053980322425E-01 a       188     0    10     1     8
  4.0259463004752916E-02 a       189     0    10     1     9
  8.7685692155187636E-02 a       190     0    10     1    10
  1.0951209186783470E+00 a       191     0    10     1    11
  1.0396730331281753E-01 a       192     0    10     1    12
 -3.8005082705725957E-01 a       193     0    10     1    13
  3.7457796395233264E-02 a       194     0    10     1    14
  2.6668430404209831E-01 a       195     0    10     1    15
  4.4150676397874469E-02 a       196     0    10     1    16
 -3.3982455451964588E-01 a       197     0    10     1    17
  2.4448997902265880E-02 a       198     0    10     1    18
 -4.8282287179905370E-01 a       199     0    10     1    19
  3.1956281005692594E-01 a       200     0    10     1    20
  4.0703831972117382E-02 a       201     0    11     1     1
  5.2561895655576937E-02 a       202     0    11     1     2
  1.9669985572874135E-01 a       203     0    11     1     3
 -1.2913375777409705E-01 a       204     0    11     1     4
 -1.0241484307527522E-01 a       205     0    11     1     5
  2.3905329721035391E-03 a       206     0    11     1     6
  3.3190665047885942E-01 a       207     0    11     1     7
 -1.0476366015215276E-01 a       208     0    11     1     8
  5.3967130127241303E-01 a       209     0    11     1     9
 -5.8069875919015218E-02 a       210     0    11     1    10
 -8.3416589678479064E-02 a       211     0    11     1    11
 -3.5410666616927722E-01 a       212     0    11     1    12
  4.7583678335855900E-01 a       213     0    11     1    13
  6.2867589887083922E-02 a       214     0    11     1    14
  5.0257743429949764E-01 a       215     0    11     1    15
  4.4787586454594713E-01 a       216     0    11     1    16
  6.5524119145204160E-02 a       217     0    11     1    17
  2.6517876085001968E-01 a       218     0    11     1    18
  2.2680437630765344E-02 a       219     0    11     1    19
  7.3834674262122230E-02 a       220     0    11     1    20
 -2.5626693090757358E-01 a       221     0    12     1     1
  1.1577202701751332E-01 a       222     0    12     1     2
 -3.8292706287205130E-01 a       223     0    12     1     3
  2.3095195020404921E-01 a       224     0    12     1     4
  7.8539211924050667E-02 a       225     0    12     1     5
 -6.5191840209863489E-02 a       226     0    12     1     6
 -3.1033010992837834E-01 a       227     0    12     1     7
  2.4081937119225755E-01 a       228     0    12     1     8
 -2.1134236741460538E-01 a       229     0    12     1     9
  7.4789403507635702E-02 a       230     0    12     1    10
  2.0250398885554016E-01 a       231     0    12     1    11
  1.9157299289466834E-01 a       232     0    12     1    12
 -3.3441668942059932E-01 a       233     0    12     1    13
 -3.4454372228094743E-01 a       234     0    12     1    14
  1.1343416754399968E-01 a       235     0    12     1    15
  2.3598425873652357E-01 a       236     0    12     1    16
  1.0926319640435227E-01 a       237     0    12     1    17
 -1.6680359459656127E-01 a       238     0    12     1    18
  3.1290324716286055E-01 a       239     0    12     1    19
  3.6885941179797643E-01 a       240     0    12     1    20
  9.1013597043216710E-02 a       241     0    13     1     1
 -1.8896992770214646E-01 a       242     0    13     1     2
 -2.5073100073362153E-01 a       243     0    13     1     3
  1.0103561717774946E-01 a       244     0    13     1     4
  7.0864864178120778E-03 a       245     0    13     1     5
  1.4049048899913372E-01 a       246     0    13     1     6
  2.0156387177993285E-02 a       247     0    13     1     7
  3.6073985672286188E-02 a       248     0    13     1     8
 -2.0885140310428654E-01 a       249     0    13     1     9
  1.3214505246547853E-01 a       250     0    13     1    10
 -2.2523056169214686E-01 a       251     0    13     1    11
 -1.0937440839842863E-01 a       252     0    13     1    12
  2.8718931657557178E-01 a       253     0    13     1    13
  2.2725469680129923E-01 a       254     0    13     1    14
 -1.6957122803484276E-01 a       255     0    13     1    15
  2.0592008668911824E-01 a       256     0    13     1    16
 -3.5631668571050557E-01 a       257     0    13     1    17
  3.8169769545090944E-02 a       258     0    13     1    18
 -1.7138303760546883E-01 a       259     0    13     1    19
  5.9525361664923976E-02 a       260     0    13     1    20
 -2.0093918695120164E-01 a       261     0    14     1     1
 -1.6617807958373837E-01 a       262     0    14     1     2
 -1.6919146685338005E-01 a       263     0    14     1     3
  1.2650337380582188E-01 a       264     0    14     1     4
 -2.7452416084796499E-01 a       265     0    14     1     5
 -2.8683442882625215E-01 a       266     0    14     1     6
  8.7003485853434190E-02 a       267     0    14     1     7
 -1.6524962405267571E-01 a       268     0    14     1     8
 -3.1173618145802336E-02 a       269     0    14     1     9
 -1.1466702045866864E-01 a       270     0    14     1    10
  1.7675024689954522E-01 a       271     0    14     1    11
  2.6910529209412215E-01 a       272     0    14     1    12
 -1.4801596582214735E-01 a       273     0    14     1    13
  7.9220733430826362E-02 a       274     0    14     1    14
  5.4088666311404333E-02 a       275     0    14     1    15
 -4.4380782757691634E-01 a       276     0    14     1    16
 -2.7850216749459600E-01 a       277     0    14     1    17
 -9.1439613086048872E-03 a       278     0    14     1    18
 -1.6075895682805239E-01 a       279     0    14     1    19
 -1.4847137549323197E-01 a       280     0    14     1    20
 -4.6216914787271055E-03 a       281     0    15     1     1
  6.3911332734299803E-02 a       282     0    15     1     2
  1.6709056217078889E-02 a       283     0    15     1     3
 -1.9081344778813233E-02 a       284     0    15     1     4
  2.3906126633164204E-01 a       285     0    15     1     5
 -9.0428829708303265E-02 a       286     0    15     1     6
 -2.7144649255826897E-01 a       287     0    15     1     7
 -2.0267992883439903E-02 a       288     0    15     1     8
 -1.5445818254241969E-01 a       289     0    15     1     9
  2.2501297277003576E-01 a       290     0    15     1    10
  1.8320589106963578E-01 a       291     0    15     1    11
  4.9746416241683050E-02 a       292     0    15     1    12
  2.4543004552630560E-01 a       293     0    15     1    13
 -6.3863999675121338E-02 a       294     0    15     1    14
 -5.2856441537735228E-02 a       295     0    15     1    15
 -1.6531903594404321E-02 a       296     0    15     1    16
 -2.6242271406078882E-01 a       297     0    15     1    17
 -1.4864162519983501E-02 a       298     0    15     1    18
  1.4524971459187977E-01 a       299     0    15     1    19
  9.5318671234289831E-02 a       300     0    15     1    20
  1.6670106462377018E-01 a       301     0    16     1     1
  2.6587610350605162E-01 a       302     0    16     1     2
  2.9255035970276211E-01 a       303     0    16     1     3
 -1.2748416145546287E-01 a       304     0    16     1     4
  3.6166093435428752E-02 a       305     0    16     1     5
 -2.3875059139276549E-02 a       306     0    16     1     6
 -2.2371105109951597E-01 a       307     0    16     1     7
  3.9969786728434695E-02 a       308     0    16     1     8
  7.9271084785859744E-02 a       309     0    16     1     9
  1.1448466948170941E-01 a       310     0    16     1    10
 -4.9255448082105226E-02 a       311     0    16     1    11
  3.0104862124210669E-02 a       312     0    16     1    12
 -2.2389157055063952E-01 a       313     0    16     1    13
 -8.7328860060938110E-02 a       314     0    16     1    14
 -2.0580562236643202E-02 a       315     0    16     1    15
  2.4736154692004311E-01 a       316     0    16     1    16
  4.8598451472661275E-01 a       317     0    16     1    17
 -2.3688541120365083E-02 a       318     0    16     1    18
  9.9807820175613612E-02 a       319     0    16     1    19
 -1.6534219972365588E-01 a       320     0    16     1    20
 -1.2461079180582624E-04 a       321     0    17     1     1
 -2.5429789132053021E-01 a       322     0    17     1     2
  9.4407627593757024E-02 a       323     0    17     1     3
  1.6724750642565500E-01 a       324     0    17     1     4
  8.7850022899692209E-02 a       325     0    17     1     5
  1.6424075873636357E-01 a       326     0    17     1     6
  6.9426175505234444E-02 a       327     0    17     1     7
 -1.0631862236884806E-01 a       328     0    17     1     8
  1.6909123181311472E-01 a       329     0    17     1     9
  1.0079723489502311E-01 a       330     0    17     1    10
 -1.5620165033753738E-01 a       331     0    17     1    11
 -1.6117198307929850E-01 a       332     0    17     1    12
  3.7121765687015190E-01 a       333     0    17     1    13
 -3.5242757276430184E-02 a       334     0    17     1    14
  9.6446703770770498E-02 a       335     0    17     1    15
 -3.5938220627823390E-02 a       336     0    17     1    16
  2.6231511239636512E-01 a       337     0    17     1    17
  1.3191133712031705E-01 a       338     0    17     1    18
  2.2387580178043417E-02 a       339     0    17     1    19
 -1.3867572034841182E-03 a       340     0    17     1    20
  3.9908497441621955E-02 a       341     0    18     1     1
  1.6031993688522528E-01 a       342     0    18     1     2
  1.5963984823491213E-02 a       343     0    18     1     3
  9.1413647366933928E-02 a       344     0    18     1     4
 -3.3797223561054202E-01 a       345     0    18     1     5
  4.0131200868319554E-02 a       346     0    18     1     6
  2.0573335433446185E-01 a       347     0    18     1     7
  6.6404420846575926E-02 a       348     0    18     1     8
  1.8776634941730275E-01 a       349     0    18     1     9
  8.1754493736662326E-02 a       350     0    18     1    10
 -1.0813034250538862E-01 a       351     0    18     1    11
 -6.2942109274386565E-02 a       352     0    18     1    12
 -2.4818111348927643E-01 a       353     0    18     1    13
  7.1702897485444547E-02 a       354     0    18     1    14
  3.5926968181810799E-02 a       355     0    18     1    15
  5.9181794348362765E-02 a       356     0    18     1    16
  2.1696326536644991E-01 a       357     0    18     1    17
 -1.5662321803705284E-01 a       358     0    18     1    18
  1.0063089308904821E-01 a       359     0    18     1    19
 -5.1015324424419188E-02 a       360     0    18     1    20
 -2.0968962509760731E-02 a       361     0    19     1     1
  6.3080970081996228E-03 a       362     0    19     1     2
 -1.1450251829019097E-01 a       363     0    19     1     3
 -1.4489047738450955E-02 a       364     0    19     1     4
 -1.8188008038672768E-01 a       365     0    19     1     5
 -1.2313951735469393E-01 a       366     0    19     1     6
  1.5212776986550469E-01 a       367     0    19     1     7
  5.1987524697653602E-02 a       368     0    19     1     8
 -1.2470761471371371E-01 a       369     0    19     1     9
 -2.5263105834669752E-01 a       370     0    19     1    10
  1.9787823206336230E-01 a       371     0    19     1    11
 -2.6262835907522906E-02 a       372     0    19     1    12
 -9.1737367560568189E-02 a       373     0    19     1    13
  2.3051518381912744E-01 a       374     0    19     1    14
 -9.3029205337783735E-02 a       375     0    19     1    15
  8.4855549374535766E-02 a       376     0    19     1    16
 -2.9184941889708715E-01 a       377     0    19     1    17
 -4.7450387585938954E-02 a       378     0    19     1    18
 -2.0654776461774305E-01 a       379     0    19     1    19
  2.0882788909246375E-01 a       380     0    19     1    20
 -3.4352123554987318E-02 a       381     0    20     1     1
 -6.7847664053635889E-02 a       382     0    20     1     2
 -1.0773135711713515E-01 a       383     0    20     1     3
 -4.4870208050483895E-03 a       384     0    20     1     4
 -3.7921063772135902E-02 a       385     0    20     1     5
  1.8217417240414807E-01 a       386     0    20     1     6
  1.8390773159920168E-01 a       387     0    20     1     7
 -1.5424358997494200E-01 a       388     0    20     1     8
  8.5807517222869473E-02 a       389     0    20     1     9
  9.9865190285173155E-02 a       390     0    20     1    10
  1.4836045434007478E-01 a       391     0    20     1    11
  1.1262374566569532E-01 a       392     0    20     1    12
 -4.8830993934367385E-02 a       393     0    20     1    13
 -4.3357317963162578E-01 a       394     0    20     1    14
  6.3054811032918254E-02 a       395     0    20     1    15
 -1.3406497572804713E-01 a       396     0    20     1    16
 -1.8349836224541971E-01 a       397     0    20     1    17
  1.5111162063107647E-01 a       398     0    20     1    18
  5.0249740776534352E-02 a       399     0    20     1    19
 -1.0610410587661868E-01 a       400     0    20     1    20
  4.8490273889361585E-02 a       401     0    21     1     1
 -8.5269640203550268E-02 a       402     0    21     1     2
  1.9386863145861556E-02 a       403     0    21     1     3
 -2.8494860897035252E-02 a       404     0    21     1     4
  6.7126355065139809E-02 a       405     0    21     1     5
  7.2994768957404905E-03 a       406     0    21     1     6
 -1.1945420962653465E-01 a       407     0    21     1     7
 -6.2301289086348258E-02 a       408     0    21     1     8
 -1.5391128766492854E-01 a       409     0    21     1     9
 -1.0936896000095281E-01 a       410     0    21     1    10
  3.4139275307337569E-02 a       411     0    21     1    11
  9.5645522438024422E-03 a       412     0    21     1    12
  4.9978349578228567E-02 a       413     0    21     1    13
  1.0003710256251161E-01 a       414     0    21     1    14
 -7.3309778957590499E-02 a       415     0    21     1    15
 -5.9496780259422614E-02 a       416     0    21     1    16
 -9.5278013207375431E-02 a       417     0    21     1    17
 -1.0573565240330348E-02 a       418     0    21     1    18
 -5.8091514489682777E-02 a       419     0    21     1    19
  1.6120437592241671E-01 a       420     0    21     1    20
  1.2131887302446627E-01 a       421     0    22     1     1
  2.6507833253337689E-02 a       422     0    22     1     2
  8.9465732995445524E-02 a       423     0    22     1     3
 -7.3552386816195539E-02 a       424     0    22     1     4
  1.6208046115408611E-01 a       425     0    22     1     5
 -6.9014454013457294E-02 a       426     0    22     1     6
  1.0896684207246979E-01 a       427     0    22     1     7
  7.3956007118070613E-02 a       428     0    22     1     8
  9.7610378524933851E-03 a       429     0    22     1     9
  1.5506810431053536E-01 a       430     0    22     1    10
 -2.7860705028783184E-01 a       431     0    22     1    11
 -2.4904364884459167E-02 a       432     0    22     1    12
  1.9929768592661146E-02 a       433     0    22     1    13
  3.9622899745832713E-01 a       434     0    22     1    14
  5.8354416138878894E-02 a       435     0    22     1    15
  5.1333956663097008E-02 a       436     0    22     1    16
  1.4187936922691044E-01 a       437     0    22     1    17
 -7.2142073305415097E-02 a       438     0    22     1    18
 -4.6951709145604301E-02 a       439     0    22     1    19
 -1.7827248583829020E-01 a       440     0    22     1    20
 -8.1813060843802965E-02 a       441     0    23     1     1
 -1.3091513604160976E-01 a       442     0    23     1     2
  5.0697372827106561E-02 a       443     0    23     1     3
  1.8359308985461698E-01 a       444     0    23     1     4
  1.8277262382321705E-01 a       445     0    23     1     5
 -3.2167692234071073E-02 a       446     0    23     1     6
  1.5613843977682723E-01 a       447     0    23     1     7
 -1.3690025464110616E-02 a       448     0    23     1     8
 -1.2264976345099285E-02 a       449     0    23     1     9
  2.3448097079594388E-01 a       450     0    23     1    10
 -2.0396213275915773E-01 a       451     0    23     1    11
 -5.3262975120626624E-02 a       452     0    23     1    12
  1.7865614850871417E-01 a       453     0    23     1    13
 -8.6873415998529976E-02 a       454     0    23     1    14
  1.2264742713625876E-01 a       455     0    23     1    15
 -1.4854244664646396E-01 a       456     0    23     1    16
  8.2850566549947949E-02 a       457     0    23     1    17
  1.1293774779456396E-01 a       458     0    23     1    18
  1.3035317894273837E-02 a       459     0    23     1    19
  4.2581826912397459E-02 a       460     0    23     1    20
 -5.0924920002127106E-03 a       461     0    24     1     1
  7.9138007817428246E-02 a       462     0    24     1     2
 -5.8100720437211907E-02 a       463     0    24     1     3
 -1.0427850946681031E-02 a       464     0    24     1     4
 -7.2510431223167110E-02 a       465     0    24     1     5
 -2.2218772721564062E-01 a       466     0    24     1     6
 -1.9938153448749332E-01 a       467     0    24     1     7
  5.7345448513605707E-02 a       468     0    24     1     8
  1.9611743141714700E-02 a       469     0    24     1     9
  1.3157919258453449E-01 a       470     0    24     1    10
 -4.8417525421174827E-02 a       471     0    24     1    11
 -2.8533599201220530E-02 a       472     0    24     1    12
 -1.2841037904044778E-01 a       473     0    24     1    13
 -1.1715006769374311E-02 a       474     0    24     1    14
  1.0651191720831611E-02 a       475     0    24     1    15
  4.8957010532380114E-02 a       476     0    24     1    16
  4.2105850357821155E-02 a       477     0    24     1    17
 -4.0542618533968407E-02 a       478     0    24     1    18
  1.2202793839797553E-01 a       479     0    24     1    19
  1.8587137541939278E-01 a       480     0    24     1    20
  7.4216467613351655E-02 a       481     0    25     1     1
 -2.8304044235909563E-02 a       482     0    25     1     2
 -2.6618222547352625E-02 a       483     0    25     1     3
 -3.0607855404743277E-02 a       484     0    25     1     4
 -1.6970601284797773E-01 a       485     0    25     1     5
 -1.7639918479122878E-02 a       486     0    25     1     6
 -1.7572691560304643E-01 a       487     0    25     1     7
  2.4138148821891189E-02 a       488     0    25     1     8
 -1.0604099178718746E-01 a       489     0    25     1     9
 -1.4086235208622641E-01 a       490     0    25     1    10
  1.2782004251774792E-01 a       491     0    25     1    11
  3.8996164863923190E-02 a       492     0    25     1    12
 -1.3737826089678518E-01 a       493     0    25     1    13
  4.0892849304009514E-02 a       494     0    25     1    14
 -9.0816135841777598E-02 a       495     0    25     1    15
 -7.7700538292529223E-02 a       496     0    25     1    16
  2.6119253389862648E-02 a       497     0    25     1    17
  4.6336420722703435E-02 a       498     0    25     1    18
  1.2787485200621167E-02 a       499     0    25     1    19
  6.2398541563590669E-02 a       500     0    25     1    20
 -5.3887325313764743E-02 a       501     0    26     1     1
  9.3732040489090104E-02 a       502     0    26     1     2
 -3.1407794853133685E-02 a       503     0    26     1     3
 -2.4909748476040213E-02 a       504     0    26     1     4
  4.5148188686299544E-02 a       505     0    26     1     5
  1.3043342076230285E-01 a       506     0    26     1     6
  1.3045639726298358E-01 a       507     0    26     1     7
 -7.2824418546304837E-02 a       508     0    26     1     8
  1.1834142226241165E-01 a       509     0    26     1     9
 -1.0775444083218656E-01 a       510     0    26     1    10
  2.2193318197652936E-01 a       511     0    26     1    11
  1.4032555947494639E-02 a       512     0    26     1    12
  2.3898169514046733E-02 a       513     0    26     1    13
 -2.2311396410196196E-01 a       514     0    26     1    14
 -9.6140242138566361E-03 a       515     0    26     1    15
  1.3807920927444500E-01 a       516     0    26     1    16
 -1.2501748536508944E-01 a       517     0    26     1    17
 -1.6295424840569776E-02 a       518     0    26     1    18
 -2.4581416966103078E-02 a       519     0    26     1    19
 -2.7912958737131649E-02 a       520     0    26     1    20
  6.7736712033507840E-02 a       521     0    27     1     1
 -7.2216414011821474E-03 a       522     0    27     1     2
  6.1727009996659650E-02 a       523     0    27     1     3
 -1.4480036350985083E-02 a       524     0    27     1     4
  1.3127739312169129E-01 a       525     0    27     1     5
  1.8514446970851549E-02 a       526     0    27     1     6
 -7.5232575451199213E-02 a       527     0    27     1     7
  3.6913073923363748E-03 a       528     0    27     1     8
 -8.0625594749452578E-02 a       529     0    27     1     9
 -9.4598683493837404E-02 a       530     0    27     1    10
 -1.7141249837808816E-02 a       531     0    27     1    11
  1.3576064038171453E-02 a       532     0    27     1    12
  5.7380617234029700E-02 a       533     0    27     1    13
  1.7974419583146772E-01 a       534     0    27     1    14
 -1.3713831346559900E-02 a       535     0    27     1    15
  5.6156195805907062E-02 a       536     0    27     1    16
 -1.5018759548864785E-02 a       537     0    27     1    17
  7.6881726516996951E-03 a       538     0    27     1    18
 -1.5776028627438057E-01 a       539     0    27     1    19
 -1.5853991239797199E-01 a       540     0    27     1    20
 -5.3466019333786315E-02 a       541     0    28     1     1
  2.6334419501168761E-03 a       542     0    28     1     2
 -7.3265832999696778E-03 a       543     0    28     1     3
 -3.5701491960218594E-02 a       544     0    28     1     4
  1.3401665196230236E-01 a       545     0    28     1     5
 -6.9818291642965866E-02 a       546     0    28     1     6
 -3.6849542037238323E-02 a       547     0    28     1     7
  2.4886544881850412E-02 a       548     0    28     1     8
  2.8723167247476557E-02 a       549     0    28     1     9
  1.0618396594058171E-01 a       550     0    28     1    10
 -4.7364166216068065E-02 a       551     0    28     1    11
 -1.5141576449288202E-02 a       552     0    28     1    12
  5.9705332351347673E-02 a       553     0    28     1    13
  2.8385240861494843E-01 a       554     0    28     1    14
  5.4651479896223300E-02 a       555     0    28     1    15
  2.4933179199139652E-02 a       556     0    28     1    16
 -9.0327555592075101E-02 a       557     0    28     1    17
  3.9707659511013307E-02 a       558     0    28     1    18
 -5.3522423988917905E-02 a       559     0    28     1    19
  4.1922227812848357E-02 a       560     0    28     1    20
 -1.0389187995652001E-01 a       561     0    29     1     1
 -7.7710888743461569E-03 a       562     0    29     1     2
  1.8450461011036257E-02 a       563     0    29     1     3
  3.5207534052874523E-02 a       564     0    29     1     4
  8.5181203712627968E-02 a       565     0    29     1     5
 -6.3441735546661784E-02 a       566     0    29     1     6
  1.1801505944511947E-01 a       567     0    29     1     7
 -7.7240518031456585E-03 a       568     0    29     1     8
  2.8039766988607745E-02 a       569     0    29     1     9
  1.2200335727413278E-01 a       570     0    29     1    10
 -7.3860234622913926E-02 a       571     0    29     1    11
 -1.5598893013894825E-02 a       572     0    29     1    12
  6.4315840254961010E-02 a       573     0    29     1    13
 -9.8206889235873715E-02 a       574     0    29     1    14
  7.7982846610291368E-02 a       575     0    29     1    15
  1.6263824597409465E-02 a       576     0    29     1    16
 -2.0294618951002309E-02 a       577     0    29     1    17
  9.7153765204425827E-02 a       578     0    29     1    18
 -1.7731202189181616E-02 a       579     0    29     1    19
  3.0719326108632053E-02 a       580     0    29     1    20
 -7.6740612613428488E-02 a       581     0    30     1     1
 -6.3001404408065120E-02 a       582     0    30     1     2
 -3.1282125537440510E-02 a       583     0    30     1     3
 -1.0505462479138876E-01 a       584     0    30     1     4
 -1.3695675144171973E-03 a       585     0    30     1     5
 -1.3820719011734797E-01 a       586     0    30     1     6
  1.7442637398429964E-01 a       587     0    30     1     7
  3.7222133661863749E-02 a       588     0    30     1     8
  7.0548378338135043E-02 a       589     0    30     1     9
  1.0929822856753121E-01 a       590     0    30     1    10
 -4.7588869203025339E-02 a       591     0    30     1    11
 -4.2187472101914938E-02 a       592     0    30     1    12
 -1.0626808182361919E-01 a       593     0    30     1    13
  1.9921934256494961E-01 a       594     0    30     1    14
  1.9261443000794045E-02 a       595     0    30     1    15
 -4.7926052811094098E-02 a       596     0    30     1    16
 -5.3257163947006983E-02 a       597     0    30     1    17
  1.3660844566352112E-01 a       598     0    30     1    18
 -5.6009570075466655E-02 a       599     0    30     1    19
  2.1148470275400821E-01 a       600     0    30     1    20
 -1.1099585396944396E-01 a       601     0    31     1     1
  2.8053604998933357E-01 a       602     0    31     1     2
  6.1974614963499063E-02 a       603     0    31     1     3
 -1.5065345728530891E-02 a       604     0    31     1     4
  1.6315130724642898E-01 a       605     0    31     1     5
  7.0139398909718528E-02 a       606     0    31     1     6
 -2.7476999521004564E-01 a       607     0    31     1     7
 -9.8701631895900810E-02 a       608     0    31     1     8
  5.8529146118386041E-02 a       609     0    31     1     9
 -2.7613862446219345E-01 a       610     0    31     1    10
 -1.8293092532441055E-03 a       611     0    31     1    11
 -2.0699870516842661E-01 a       612     0    31     1    12
 -7.1132543765899711E-02 a       613     0    31     1    13
 -4.4074961380576294E-01 a       614     0    31     1    14
 -5.6625629520123977E-01 a       615     0    31     1    15
 -3.0494276742844251E-01 a       616     0    31     1    16
  5.6049069544202645E-01 a       617     0    31     1    17
 -1.7967514725385866E-01 a       618     0    31     1    18
 -6.7712892021067672E-02 a       619     0    31     1    19
  1.8847990741492818E-01 a       620     0    31     1    20
  3.1110472592998784E-01 a       621     0    32     1     1
 -4.3238871344466334E-01 a       622     0    32     1     2
  3.8567441886970771E-01 a       623     0    32     1     3
 -1.7506316381194537E-01 a       624     0    32     1     4
 -6.0171641559073186E-01 a       625     0    32     1     5
  2.1615938442641185E-02 a       626     0    32     1     6
  6.2295907861734834E-02 a       627     0    32     1     7
 -7.3679975054359803E-02 a       628     0    32     1     8
 -1.0348691631301281E-01 a       629     0    32     1     9
 -2.5190515661195018E-01 a       630     0    32     1    10
 -4.1561004732364282E-01 a       631     0    32     1    11
  2.4761692432241719E-01 a       632     0    32     1    12
  3.8954730853051439E-01 a       633     0    32     1    13
  2.2982579013987953E-01 a       634     0    32     1    14
  8.6505849025409631E-01 a       635     0    32     1    15
  1.8125516383835738E-01 a       636     0    32     1    16
 -1.3012639312240371E-01 a       637     0    32     1    17
  4.6324296986089197E-01 a       638     0    32     1    18
  6.3851376581299557E-01 a       639     0    32     1    19
 -2.3157055202390950E-01 a       640     0    32     1    20
  1.0507577076705750E-02 a       641     0    33     1     1
  6.6899369292421004E-02 a       642     0    33     1     2
 -5.7287001889573613E-02 a       643     0    33     1     3
 -2.3050894655646753E-01 a       644     0    33     1     4
  1.0791640827822958E-01 a       645     0    33     1     5
  1.5270090637120171E-01 a       646     0    33     1     6
 -2.2040137537063548E-02 a       647     0    33     1     7
 -2.0386115273960510E-02 a       648     0    33     1     8
 -1.4898395526971978E-01 a       649     0    33     1     9
  9.6920162176535915E-02 a       650     0    33     1    10
  1.0169812825817938E-01 a       651     0    33     1    11
 -8.8330982235103023E-02 a       652     0    33     1    12
 -5.6269069627034166E-02 a       653     0    33     1    13
  6.4395327137111671E-02 a       654     0    33     1    14
 -5.9234748340643226E-02 a       655     0    33     1    15
  3.7319213035536244E-02 a       656     0    33     1    16
 -7.0392355098438525E-02 a       657     0    33     1    17
 -1.0697988038524013E-01 a       658     0    33     1    18
 -1.5972936850917907E-01 a       659     0    33     1    19
  3.0846682265978503E-01 a       660     0    33     1    20
 -2.9389270238352067E-01 a       661     0    34     1     1
  6.9324176656651171E-01 a       662     0    34     1     2
 -4.1162468807290653E-01 a       663     0    34     1     3
  1.9853809820722178E-02 a       664     0    34     1     4
  1.6895105780328099E-01 a       665     0    34     1     5
  8.4777448733286104E-02 a       666     0    34     1     6
 -1.4956772135981297E-01 a       667     0    34     1     7
  2.9919715378259121E-01 a       668     0    34     1     8
 -3.2596665771147215E-01 a       669     0    34     1     9
  3.8417823630000125E-01 a       670     0    34     1    10
  2.0554785358812216E-01 a       671     0    34     1    11
 -7.3762105165660454E-03 a       672     0    34     1    12
 -1.0283132112662381E+00 a       673     0    34     1    13
  5.0457823648660705E-01 a       674     0    34     1    14
 -7.6001484112877959E-01 a       675     0    34     1    15
 -3.6574254288641317E-01 a       676     0    34     1    16
  1.1263698037790136E-02 a       677     0    34     1    17
 -3.8210066526370640E-01 a       678     0    34     1    18
 -4.0008978567182288E-02 a       679     0    34     1    19
  5.5886686678903885E-01 a       680     0    34     1    20
 -4.1012606969371097E-02 a       681     0    35     1     1
 -2.2067968000063995E-01 a       682     0    35     1     2
  5.0143317329579318E-01 a       683     0    35     1     3
  2.5591979841937662E-01 a       684     0    35     1     4
 -2.0272305664736484E-01 a       685     0    35     1     5
  3.1734562845650299E-01 a       686     0    35     1     6
  3.6354664720857099E-01 a       687     0    35     1     7
 -4.1313912740142278E-01 a       688     0    35     1     8
  1.8593745316755173E-02 a       689     0    35     1     9
 -2.7658661714717730E-01 a       690     0    35     1    10
 -1.6097073113218685E-01 a       691     0    35     1    11
  1.5193755379430809E-01 a       692     0    35     1    12
  5.2033009115616191E-01 a       693     0    35     1    13
  1.6083758482287541E-01 a       694     0    35     1    14
  3.6657214175806246E-01 a       695     0    35     1    15
 -4.2306184028720351E-01 a       696     0    35     1    16
 -3.5525436044773806E-01 a       697     0    35     1    17
  1.0732338593141572E-01 a       698     0    35     1    18
  3.4130166570327958E-01 a       699     0    35     1    19
 -3.4890391527856823E-01 a       700     0    35     1    20
 -1.1097463118001199E-02 a       701     0    36     1     1
  5.2662124103396069E-01 a       702     0    36     1     2
 -1.1057143427055907E-01 a       703     0    36     1     3
 -5.5746788231828631E-02 a       704     0    36     1     4
  1.1109060278621796E-01 a       705     0    36     1     5
  1.8794391654143905E-01 a       706     0    36     1     6
  1.9273532073207583E-01 a       707     0    36     1     7
  5.7336408590998887E-02 a       708     0    36     1     8
 -6.5913397844726621E-02 a       709     0    36     1     9
 -1.1049521534758072E-01 a       710     0    36     1    10
 -8.9649378410142033E-02 a       711     0    36     1    11
 -1.2711097361732288E-01 a       712     0    36     1    12
 -3.2283491717053786E-01 a       713     0    36     1    13
 -5.2769685042686663E-02 a       714     0    36     1    14
 -2.1397089238852439E-02 a       715     0    36     1    15
  2.2429273906906130E-01 a       716     0    36     1    16
 -3.3857476579322154E-01 a       717     0    36     1    17
 -1.2411267319728145E-01 a       718     0    36     1    18
 -1.2608105298841024E-01 a       719     0    36     1    19
  1.9961154214279431E-01 a       720     0    36     1    20
 -2.7921177902964839E-01 a       721     0    37     1     1
 -3.6051871059677193E-01 a       722     0    37     1     2
 -2.7324596484322289E-01 a       723     0    37     1     3
  2.9431483357006899E-01 a       724     0    37     1     4
  2.5441451237070439E-01 a       725     0    37     1     5
  1.8443210870276583E-01 a       726     0    37     1     6
 -3.8019856094740290E-01 a       727     0    37     1     7
  7.2490788237798934E-02 a       728     0    37     1     8
  2.5636150884978526E-01 a       729     0    37     1     9
  4.1630283782998156E-01 a       730     0    37     1    10
 -1.3318275662879575E-01 a       731     0    37     1    11
  1.0490220937740161E-01 a       732     0    37     1    12
  5.4562763487424434E-02 a       733     0    37     1    13
  9.4812736484601312E-02 a       734     0    37     1    14
  2.8737001734148115E-01 a       735     0    37     1    15
  5.0228860185897539E-01 a       736     0    37     1    16
 -5.9160756609704324E-01 a       737     0    37     1    17
 -1.2496902306042097E-01 a       738     0    37     1    18
 -1.0287691086233025E-01 a       739     0    37     1    19
 -5.0060861916422483E-01 a       740     0    37     1    20
 -1.7870388363999146E-01 a       741     0    38     1     1
  1.5791836766953662E+00 a       742     0    38     1     2
  3.3859868444681790E-01 a       743     0    38     1     3
 -3.0052439919637097E-01 a       744     0    38     1     4
 -2.3753106287313027E-02 a       745     0    38     1     5
 -4.1519344744679920E-01 a       746     0    38     1     6
  2.8593546414899612E-01 a       747     0    38     1     7
 -4.0557883746556936E-04 a       748     0    38     1     8
 -9.0398824681088397E-01 a       749     0    38     1     9
  4.1576578805281256E-01 a       750     0    38     1    10
  5.4775792961213976E-01 a       751     0    38     1    11
  5.9414319531513653E-02 a       752     0    38     1    12
  8.1993843155533319E-02 a       753     0    38     1    13
 -1.2491942003755527E-01 a       754     0    38     1    14
 -4.3927946893031738E-01 a       755     0    38     1    15
 -4.5555250863024344E-01 a       756     0    38     1    16
  5.2125320464828950E-01 a       757     0    38     1    17
 -2.0128665929980227E-01 a       758     0    38     1    18
 -6.0621802627675928E-02 a       759     0    38     1    19
  1.0299697076248591E-01 a       760     0    38     1    20
 -3.7879754534720630E-02 a       761     0    39     1     1
  6.0572139705146369E-02 a       762     0    39     1     2
  6.1833254275178676E-02 a       763     0    39     1     3
  1.0302014304934654E-01 a       764     0    39     1     4
  3.2522395867879503E-03 a       765     0    39     1     5
  7.0905156719198739E-02 a       766     0    39     1     6
  3.5492203312961785E-03 a       767     0    39     1     7
  2.1119059742728294E-01 a       768     0    39     1     8
  2.0822275069297685E-01 a       769     0    39     1     9
  2.5146255829852354E-01 a       770     0    39     1    10
  5.4450376153488203E-02 a       771     0    39     1    11
 -1.7171828263491510E-02 a       772     0    39     1    12
  9.0292700933451500E-02 a       773     0    39     1    13
 -3.2876338646669466E-02 a       774     0    39     1    14
 -7.5847172945643207E-02 a       775     0    39     1    15
  3.8748478977133939E-03 a       776     0    39     1    16
 -4.2584865990442630E-02 a       777     0    39     1    17
  5.9299937504448449E-03 a       778     0    39     1    18
  3.5502107267781788E-02 a       779     0    39     1    19
 -2.0609248346852463E-01 a       780     0    39     1    20
  6.4084772017700886E-01 a       781     0    40     1     1
 -6.7768591726858596E-01 a       782     0    40     1     2
 -5.2691972011605658E-02 a       783     0    40     1     3
 -5.1168748261118446E-02 a       784     0    40     1     4
 -3.6426888950736570E-02 a       785     0    40     1     5
  1.9521934318242899E-02 a       786     0    40     1     6
  3.7596100037842535E-02 a       787     0    40     1     7
  3.1200195357547068E-02 a       788     0    40     1     8
  3.5538109288410941E-01 a       789     0    40     1     9
 -6.0276612438058330E-01 a       790     0    40     1    10
 -2.3129911694493965E-01 a       791     0    40     1    11
  1.9233695075342584E-04 a       792     0    40     1    12
 -1.7346990350628869E-01 a       793     0    40     1    13
 -1.5063974642255715E-01 a       794     0    40     1    14
  1.8017436635094303E-01 a       795     0    40     1    15
  3.7243253693105943E-01 a       796     0    40     1    16
 -1.0439473969828367E-01 a       797     0    40     1    17
  7.3091042668744860E-02 a       798     0    40     1    18
  2.0096469645152796E-03 a       799     0    40     1    19
 -4.2472655969600659E-01 a       800     0    40     1    20
 -2.2892758840814514E-01 a       801     0    41     1     1
 -5.7989621758683475E-02 a       802     0    41     1     2
 -3.8198647576774208E-01 a       803     0    41     1     3
  8.0620390898303043E-02 a       804     0    41     1     4
  2.1079419192687784E-02 a       805     0    41     1     5
  1.5062293028851592E-01 a       806     0    41     1     6
  3.2136809466180971E-01 a       807     0    41     1     7
 -1.7108954377545121E-01 a       808     0    41     1     8
  4.7956421387137058E-02 a       809     0    41     1     9
 -1.7812877377913292E-01 a       810     0    41     1    10
 -2.6744351116152670E-01 a       811     0    41     1    11
 -1.1781070220812815E-02 a       812     0    41     1    12
  3.2376120461960628E-01 a       813     0    41     1    13
 -5.7945090550602540E-01 a       814     0    41     1    14
 -2.5975083141983279E-01 a       815     0    41     1    15
 -7.1811040846090179E-01 a       816     0    41     1    16
  7.1421344147385835E-01 a       817     0    41     1    17
  1.2942169163581152E-01 a       818     0    41     1    18
 -8.2201176215377682E-03 a       819     0    41     1    19
  1.3086608137277039E-01 a       820     0    41     1    20
  1.8657902867801396E-01 a       821     0    42     1     1
  1.3565816532101066E-01 a       822     0    42     1     2
  1.6766667263984777E-01 a       823     0    42     1     3
 -1.6688221645922180E-01 a       824     0    42     1     4
  3.2118425583603311E-01 a       825     0    42     1     5
 -1.7947837210604195E-01 a       826     0    42     1     6
 -1.3728239896387920E-01 a       827     0    42     1     7
  3.9374615762283072E-02 a       828     0    42     1     8
 -4.1561457030274424E-01 a       829     0    42     1     9
  1.3215154157658016E-01 a       830     0    42     1    10
  3.7099878105537493E-01 a       831     0    42     1    11
  2.0832467334598187E-01 a       832     0    42     1    12
  2.1487920913325678E-01 a       833     0    42     1    13
  8.3867026574687240E-02 a       834     0    42     1    14
  3.6012244322972398E-01 a       835     0    42     1    15
 -9.0104286397065386E-03 a       836     0    42     1    16
 -2.4454431935142551E-01 a       837     0    42     1    17
 -4.8463600567434012E-02 a       838     0    42     1    18
  5.4812798814412408E-02 a       839     0    42     1    19
  2.0209226846745582E-01 a       840     0    42     1    20
  1.1343393243194526E-01 a       841     0    43     1     1
  4.2769645214939277E-02 a       842     0    43     1     2
 -5.2948828047000886E-02 a       843     0    43     1     3
  9.1263922864342831E-02 a       844     0    43     1     4
  5.5980603749705071E-03 a       845     0    43     1     5
  7.3273919126518305E-05 a       846     0    43     1     6
 -3.6485320394564633E-02 a       847     0    43     1     7
 -1.3153156841407996E-02 a       848     0    43     1     8
 -8.8675504114226172E-02 a       849     0    43     1     9
  3.4964731659686359E-03 a       850     0    43     1    10
 -1.5831570250365086E-04 a       851     0    43     1    11
  4.0921502268227536E-02 a       852     0    43     1    12
  1.2988305528441334E-02 a       853     0    43     1    13
 -5.4609655070132851E-02 a       854     0    43     1    14
 -2.6330298926985244E-02 a       855     0    43     1    15
 -3.2348242820081446E-02 a       856     0    43     1    16
  2.4837108372671796E-02 a       857     0    43     1    17
 -1.3419062942751167E-01 a       858     0    43     1    18
  9.6027301375822577E-02 a       859     0    43     1    19
 -1.2534334266891126E-01 a       860     0    43     1    20
  1.9933631903706440E-02 a       861     0    44     1     1
  1.0848730026751828E-01 a       862     0    44     1     2
  2.8548300582657574E-02 a       863     0    44     1     3
 -9.0452145352312566E-02 a       864     0    44     1     4
 -1.5047387462625578E-01 a       865     0    44     1     5
 -1.8398169382051471E-01 a       866     0    44     1     6
  2.8309894913657946E-01 a       867     0    44     1     7
  4.7947819705923045E-02 a       868     0    44     1     8
  5.5788360124347645E-02 a       869     0    44     1     9
 -1.2489287804799572E-01 a       870     0    44     1    10
  7.0769578133206654E-02 a       871     0    44     1    11
 -2.4052258715875262E-02 a       872     0    44     1    12
 -1.0189849806883731E-01 a       873     0    44     1    13
 -6.8066604654539120E-02 a       874     0    44     1    14
 -1.0758591698327068E-02 a       875     0    44     1    15
  1.4772232717148890E-02 a       876     0    44     1    16
  8.7558923580454931E-02 a       877     0    44     1    17
 -7.6179456111039795E-02 a       878     0    44     1    18
 -1.2830174732781552E-01 a       879     0    44     1    19
 -1.0748611326487333E-01 a       880     0    44     1    20
 -2.5047638320612482E-02 a       881     0    45     1     1
  1.4505880616536615E-01 a       882     0    45     1     2
 -6.8550787682777461E-02 a       883     0    45     1     3
  1.3373718920429886E-01 a       884     0    45     1     4
  6.6992324514951018E-02 a       885     0    45     1     5
 -4.3947686908239675E-01 a       886     0    45     1     6
  6.2098820747899519E-02 a       887     0    45     1     7
 -3.4020979355447574E-02 a       888     0    45     1     8
  6.9125783095248486E-02 a       889     0    45     1     9
  1.3924760856234614E-01 a       890     0    45     1    10
 -3.4275911149608700E-02 a       891     0    45     1    11
 -1.1863108897401985E-02 a       892     0    45     1    12
 -5.5642330619942778E-03 a       893     0    45     1    13
  9.0394003839154802E-02 a       894     0    45     1    14
  4.5646451069370944E-02 a       895     0    45     1    15
 -1.3365080648439035E-02 a       896     0    45     1    16
 -1.8421598433972803E-02 a       897     0    45     1    17
 -9.1343959379906088E-03 a       898     0    45     1    18
 -9.1271334806348997E-02 a       899     0    45     1    19
  2.5254929168821445E-02 a       900     0    45     1    20
  7.1977105305164726E-02 a       901     0    46     1     1
 -6.4527000331290260E-02 a       902     0    46     1     2
  2.2419016754039976E-03 a       903     0    46     1     3
 -8.9276665554547149E-02 a       904     0    46     1     4
 -1.1631668289468723E-01 a       905     0    46     1     5
 -1.8926335389241483E-01 a       906     0    46     1     6
 -4.0084011571633787E-01 a       907     0    46     1     7
 -2.5363787754435241E-01 a       908     0    46     1     8
 -1.4911058862891849E-01 a       909     0    46     1     9
 -3.0175589243272988E-01 a       910     0    46     1    10
  1.2822823600109629E-02 a       911     0    46     1    11
  5.5512052250074315E-02 a       912     0    46     1    12
 -6.3534821124307306E-02 a       913     0    46     1    13
 -2.1150397620211356E-01 a       914     0    46     1    14
 -9.5586980315216077E-02 a       915     0    46     1    15
  1.6770556201394440E-01 a       916     0    46     1    16
  1.4949808106956680E-02 a       917     0    46     1    17
  1.1059972992758903E-01 a       918     0    46     1    18
 -2.6860982224447740E-02 a       919     0    46     1    19
  1.3118929618962796E-01 a       920     0    46     1    20
  7.9492220220940019E-02 a       921     0    47     1     1
 -1.7603371588976344E-01 a       922     0    47     1     2
  1.1949728405181965E-01 a       923     0    47     1     3
 -1.6412617684613665E-01 a       924     0    47     1     4
 -2.0651371449469894E-01 a       925     0    47     1     5
  2.1517700119406910E-01 a       926     0    47     1     6
 -5.9409826868416435E-03 a       927     0    47     1     7
  3.0672841561322248E-02 a       928     0    47     1     8
  1.6421682739736732E-01 a       929     0    47     1     9
 -3.6959593985388473E-01 a       930     0    47     1    10
 -5.6076064083798963E-02 a       931     0    47     1    11
 -9.6971598905744111E-02 a       932     0    47     1    12
 -1.3675203055605399E-02 a       933     0    47     1    13
  2.2049318957753777E-01 a       934     0    47     1    14
 -7.7090471073813130E-02 a       935     0    47     1    15
 -1.4370933394240018E-02 a       936     0    47     1    16
  5.6296105801357070E-02 a       937     0    47     1    17
  5.8735568733396866E-02 a       938     0    47     1    18
 -2.0930681691712619E-01 a       939     0    47     1    19
 -2.8228090870079053E-01 a       940     0    47     1    20
 -4.5830568782878861E-02 a       941     0    48     1     1
 -2.8220827274913190E-02 a       942     0    48     1     2
  3.0838255155483166E-02 a       943     0    48     1     3
  1.7420225415128627E-02 a       944     0    48     1     4
  1.2714816699583820E-01 a       945     0    48     1     5
 -2.7875887606933181E-01 a       946     0    48     1     6
 -3.3141949461710646E-02 a       947     0    48     1     7
  3.5533969426890979E-02 a       948     0    48     1     8
  7.8167496343860304E-02 a       949     0    48     1     9
  3.1905773204550514E-01 a       950     0    48     1    10
  3.2446183156008862E-02 a       951     0    48     1    11
 -1.0548311206195963E-02 a       952     0    48     1    12
  8.3492347545425477E-02 a       953     0    48     1    13
  1.5145878669690499E-01 a       954     0    48     1    14
 -9.2267779894324886E-02 a       955     0    48     1    15
  8.8769623819769911E-02 a       956     0    48     1    16
  1.3064363181058833E-01 a       957     0    48     1    17
  9.8401302971121346E-02 a       958     0    48     1    18
 -1.6172524878257055E-02 a       959     0    48     1    19
  3.7685263531701663E-01 a       960     0    48     1    20
  2.4591353739161129E-01 a       961     0    49     1     1
 -1.0188247662912790E-01 a       962     0    49     1     2
  4.0654089049645750E-02 a       963     0    49     1     3
 -1.0921425730341601E-01 a       964     0    49     1     4
 -1.6556097539717443E-01 a       965     0    49     1     5
 -4.0529137758874255E-02 a       966     0    49     1     6
  4.5509452701962341E-02 a       967     0    49     1     7
 -3.3530567905583147E-02 a       968     0    49     1     8
  4.6428575879330969E-02 a       969     0    49     1     9
 -1.1706762220497885E-01 a       970     0    49     1    10
  3.3013277032636346E-01 a       971     0    49     1    11
 -4.1260447533340280E-02 a       972     0    49     1    12
  1.7202022228529817E-01 a       973     0    49     1    13
 -6.4307705586412245E-02 a       974     0    49     1    14
 -1.5443458655132183E-01 a       975     0    49     1    15
 -2.2458128597001881E-01 a       976     0    49     1    16
  2.5369047422356189E-01 a       977     0    49     1    17
  1.9923564704904848E-01 a       978     0    49     1    18
  8.0133329963823413E-02 a       979     0    49     1    19
  5.0106416292811251E-01 a       980     0    49     1    20
 -3.8505260487183068E-01 a       981     0    50     1     1
 -1.1685536766649027E+00 a       982     0    50     1     2
 -4.4839885583013889E-01 a       983     0    50     1     3
  3.1498066921205770E-01 a       984     0    50     1     4
  3.8154694785649618E-01 a       985     0    50     1     5
 -9.2828444225847781E-02 a       986     0    50     1     6
 -5.8461441577541462E-02 a       987     0    50     1     7
  1.6603768044127741E-03 a       988     0    50     1     8
  4.8782603562266935E-01 a       989     0    50     1     9
 -3.1849808015386227E-01 a       990     0    50     1    10
 -1.2439347667701250E+00 a       991     0    50     1    11
 -8.6456597397034346E-02 a       992     0    50     1    12
 -4.5344029271494057E-01 a       993     0    50     1    13
 -2.2701551544479789E-01 a       994     0    50     1    14
  2.9987853484757226E-01 a       995     0    50     1    15
 -1.8975451738466451E-01 a       996     0    50     1    16
 -1.8291252176856401E-01 a       997     0    50     1    17
  4.3985819689881078E-02 a       998     0    50     1    18
  3.9098384518728002E-01 a       999     0    50     1    19
 -8.3092582179509128E-02 a      1000     0    50     1    20
  7.5154242183115672E-02 a      1001     0    51     1     1
 -1.2249109505044233E-01 a      1002     0    51     1     2
 -6.3537756524911518E-02 a      1003     0    51     1     3
  7.0852001570556591E-03 a      1004     0    51     1     4
 -9.1930864368836740E-02 a      1005     0    51     1     5
 -2.0783222969060770E-02 a      1006     0    51     1     6
 -4.0279540879641562E-01 a      1007     0    51     1     7
 -1.4772005575060593E-01 a      1008     0    51     1     8
 -6.1558682890185477E-02 a      1009     0    51     1     9
 -1.8052928965749829E-01 a      1010     0    51     1    10
 -6.5707512375340728E-04 a      1011     0    51     1    11
  9.4388006500741185E-03 a      1012     0    51     1    12
  2.4839922044922157E-02 a      1013     0    51     1    13
  1.0131418642896763E-01 a      1014     0    51     1    14
  8.0403767288648287E-02 a      1015     0    51     1    15
  1.9091429599325312E-02 a      1016     0    51     1    16
 -6.4877797006759538E-02 a      1017     0    51     1    17
 -1.4003090445719550E-03 a      1018     0    51     1    18
 -8.6268186623739654E-02 a      1019     0    51     1    19
  1.2017058587360487E-01 a      1020     0    51     1    20
 -2.7517351647769489E-01 a      1021     0    52     1     1
  6.2817842552790215E-01 a      1022     0    52     1     2
  2.1056589139772647E-01 a      1023     0    52     1     3
 -2.4676160483594789E-01 a      1024     0    52     1     4
 -1.0950932175267822E-01 a      1025     0    52     1     5
  1.5578384790191432E-01 a      1026     0    52     1     6
 -1.1888365595524832E-01 a      1027     0    52     1     7
  9.2639437180777690E-02 a      1028     0    52     1     8
 -3.5708720577555980E-01 a      1029     0    52     1     9
  1.0217270848168586E-01 a      1030     0    52     1    10
  5.5596856786450699E-01 a      1031     0    52     1    11
  1.8100400149070179E-02 a      1032     0    52     1    12
  2.7131652976089676E-01 a      1033     0    52     1    13
 -2.0788075369968650E-01 a      1034     0    52     1    14
 -9.4817327450531855E-02 a      1035     0    52     1    15
  1.2557837684949177E-01 a      1036     0    52     1    16
 -1.6057252604018113E-01 a      1037     0    52     1    17
 -8.1317762332082863E-02 a      1038     0    52     1    18
 -1.6924477831360737E-01 a      1039     0    52     1    19
  2.9801642184459948E-01 a      1040     0    52     1    20
 -1.1803121592414052E-01 a      1041     0    53     1     1
 -2.1176676405141961E-01 a      1042     0    53     1     2
  2.7190900104892363E-02 a      1043     0    53     1     3
 -5.7032076177862857E-02 a      1044     0    53     1     4
  1.6814242996039880E-01 a      1045     0    53     1     5
 -2.2322378467355816E-01 a      1046     0    53     1     6
  7.0041881335881656E-02 a      1047     0    53     1     7
  4.3382398130102556E-02 a      1048     0    53     1     8
  8.9355725159470920E-02 a      1049     0    53     1     9
  1.7340907698202074E-01 a      1050     0    53     1    10
 -4.5678987586914560E-01 a      1051     0    53     1    11
 -1.7705769185706266E-01 a      1052     0    53     1    12
 -4.9612025334740384E-01 a      1053     0    53     1    13
 -3.4894619676673483E-01 a      1054     0    53     1    14
 -1.3340315751066617E-02 a      1055     0    53     1    15
  3.9075963521967377E-01 a      1056     0    53     1    16
 -1.0517796314807125E-01 a      1057     0    53     1    17
 -1.1076371637508488E-01 a      1058     0    53     1    18
 -7.7825149834851837E-02 a      1059     0    53     1    19
 -2.0833697286769248E-01 a      1060     0    53     1    20
  4.3690376154330957E-01 a      1061     0    54     1     1
 -3.6188779819957018E-01 a      1062     0    54     1     2
 -2.1486325177975613E-01 a      1063     0    54     1     3
  9.3359553624220715E-02 a      1064     0    54     1     4
 -1.0884280078662345E-01 a      1065     0    54     1     5
 -1.2930104397970914E-03 a      1066     0    54     1     6
  1.5900751055053639E-01 a      1067     0    54     1     7
 -1.0423865802535916E-01 a      1068     0    54     1     8
 -7.3212860241337094E-02 a      1069     0    54     1     9
  1.4139232962386480E-01 a      1070     0    54     1    10
 -1.3607598176956162E-01 a      1071     0    54     1    11
 -1.0418250665766000E-01 a      1072     0    54     1    12
  4.7104003943504454E-02 a      1073     0    54     1    13
  2.7284287315666689E-01 a      1074     0    54     1    14
 -1.4348866734368976E-01 a      1075     0    54     1    15
 -9.5292055024600253E-02 a      1076     0    54     1    16
  1.0322736315274715E-01 a      1077     0    54     1    17
  7.9177575446550214E-02 a      1078     0    54     1    18
 -1.5319797210921804E-01 a      1079     0    54     1    19
  1.6117532098521192E-01 a      1080     0    54     1    20
  1.2806468626263592E+00 b      1081     1     1
  1.5330785027103349E+00 b      1082     1     2
  9.8531557487198301E-02 b      1083     1     3
 -1.3405451297931164E+00 b      1084     1     4
 -3.3753618446087252E-01 b      1085     1     5
  7.7827420832639205E-01 b      1086     1     6
  1.1473272346635042E+00 b      1087     1     7
 -9.3380399177872053E-01 b      1088     1     8
 -1.5540979029992683E+00 b      1089     1     9
  6.5205427608891764E-01 b      1090     1    10
  7.2921499916168864E-01 b      1091     1    11
 -8.4695670266616230E-01 b      1092     1    12
 -5.3296389395744836E-01 b      1093     1    13
  1.3607824107592497E+00 b      1094     1    14
 -5.5121298844785915E-01 b      1095     1    15
  1.1935429157859875E-01 b      1096     1    16
  4.5649284901941756E-01 b      1097     1    17
  2.0819389515494249E-02 b      1098     1    18
 -7.8729517604074883E-01 b      1099     1    19
  8.8262771085262481E-01 b      1100     1    20
 -4.5912806942095541E-01 a      1101     1     1     2     1
  8.6778898031651397E-02 a      1102     1     1     2     2
 -5.5076287395862367E-01 a      1103     1     1     2     3
 -3.9701133452840955E-03 a      1104     1     1     2     4
  9.1357891336158459E-01 a      1105     1     1     2     5
 -4.0501535940632510E-01 a      1106     1     1     2     6
  3.2574134491714518E-01 a      1107     1     1     2     7
 -3.1291432926663171E-01 a      1108     1     1     2     8
 -2.9799248094617797E-01 a      1109     1     1     2     9
  4.1581050290211785E-01 a      1110     1     1     2    10
  8.8563066446285546E-02 a      1111     1     1     2    11
 -6.0165189346007719E-01 a      1112     1     1     2    12
 -4.4190012345371515E-01 a      1113     1     1     2    13
  5.2963491493444238E-02 a      1114     1     1     2    14
  3.5858062567610544E-01 a      1115     1     1     2    15
 -6.2273099543862720E-01 a      1116     1     1     2    16
  5.6817325071233549E-02 a      1117     1     1     2    17
  4.6872189613055609E-01 a      1118     1     1     2    18
 -3.1639139370772673E-01 a      1119     1     1     2    19
  3.9446170014313570E-01 a      1120     1     1     2    20
 -8.1959196332763884E-02 a      1121     1     2     2     1
  7.3668664403966813E-02 a      1122     1     2     2     2
  3.0543548828256889E-01 a      1123     1     2     2     3
  3.4761479366587494E-01 a      1124     1     2     2     4
 -3.0982210088176154E-01 a      1125     1     2     2     5
 -8.6962113600841795E-01 a      1126     1     2     2     6
  1.5900938019216420E+00 a      1127     1     2     2     7
  5.7826041633289915E-01 a      1128     1     2     2     8
  6.8664932996007366E-01 a      1129     1     2     2     9
 -4.7865156697622746E-01 a      1130     1     2     2    10
 -7.6988299952830286E-01 a      1131     1     2     2    11
 -1.5459867587594628E-01 a      1132     1     2     2    12
  3.2891355735542083E-01 a      1133     1     2     2    13
  4.3296353507680002E-01 a      1134     1     2     2    14
  2.5761130658126311E-03 a      1135     1     2     2    15
 -9.0779686094828060E-01 a      1136     1     2     2    16
  2.4338953226919618E-02 a      1137     1     2     2    17
  7.3488202554092286E-01 a      1138     1     2     2    18
  2.0498102038905036E-01 a      1139     1     2     2    19
  2.4565922760860368E-01 a      1140     1     2     2    20
  5.8529764856887267E-02 a      1141     1     3     2     1
  3.1344576715812250E-01 a      1142     1     3     2     2
 -9.0397506479822864E-01 a      1143     1     3     2     3
 -3.4210167096653560E-01 a      1144     1     3     2     4
  4.6383155135270077E-01 a      1145     1     3     2     5
 -6.6645708998424355E-02 a      1146     1     3     2     6
  2.7339641455956970E-01 a      1147     1     3     2     7
 -3.7626846804521963E-01 a      1148     1     3     2     8
  8.6286601225033038E-02 a      1149     1     3     2     9
 -1.3598629499030931E-01 a      1150     1     3     2    10
  4.5548308832344159E-01 a      1151     1     3     2    11
  3.1442859920370453E-01 a      1152     1     3     2    12
 -5.0544299832482453E-01 a      1153     1     3     2    13
  1.8718114603463087E-01 a      1154     1     3     2    14
 -4.2685894911203164E-02 a      1155     1     3     2    15
  2.3307316546115772E-01 a      1156     1     3     2    16
 -2.3578159405194307E-02 a      1157     1     3     2    17
  6.3471001089494927E-01 a      1158     1     3     2    18
  2.7077201255345890E-01 a      1159     1     3     2    19
 -5.8060183729943121E-02 a      1160     1     3     2    20
 -7.8887907883455866E-01 a      1161     1     4     2     1
 -2.1405577169435722E-01 a      1162     1     4     2     2
  1.4748633559719393E-01 a      1163     1     4     2     3
 -3.6609463719546369E-02 a      1164     1     4     2     4
  1.1900292683049166E-01 a      1165     1     4     2     5
  2.1313623186028238E-01 a      1166     1     4     2     6
  2.7619064644413233E-01 a      1167     1     4     2     7
  1.7421666259451612E-02 a      1168     1     4     2     8
  1.4378440936965636E-01 a      1169     1     4     2     9
 -9.7314267268495416E-02 a      1170     1     4     2    10
 -2.7294045660303148E-02 a      1171     1     4     2    11
  9.3151472401651003E-02 a      1172     1     4     2    12
  3.6504681955375408E-02 a      1173     1     4     2    13
  3.7501648993846443E-01 a      1174     1     4     2    14
 -6.0618080863050283E-01 a      1175     1     4     2    15
  5.1430084428032008E-01 a      1176     1     4     2    16
  6.3050900561643208E-01 a      1177     1     4     2    17
 -1.4955601774026736E-01 a      1178     1     4     2    18
 -6.5861125740556403E-01 a      1179     1     4     2    19
  5.6373512371857915E-01 a      1180     1     4     2    20
  7.2424444867038673E-01 a      1181     1     5     2     1
  1.2556480076489351E-01 a      1182     1     5     2     2
  4.6310514165258915E-02 a      1183     1     5     2     3
 -2.2045097852713767E-02 a      1184     1     5     2     4
  3.2206784723132381E-01 a      1185     1     5     2     5
 -2.9947814719168209E-01 a      1186     1     5     2     6
 -2.9491635259749166E-01 a      1187     1     5     2     7
  1.7404400325155059E-01 a      1188     1     5     2     8
 -1.3701609897347278E-01 a      1189     1     5     2     9
  7.8504077584504603E-02 a      1190     1     5     2    10
 -1.1967152026906792E-01 a      1191     1     5     2    11
  2.6594783154943402E-01 a      1192     1     5     2    12
 -1.3407785157303009E-01 a      1193     1     5     2    13
 -5.0959303105185849E-01 a      1194     1     5     2    14
 -2.8721219049026436E-01 a      1195     1     5     2    15
  4.4303371879544912E-01 a      1196     1     5     2    16
  3.4847640669904956E-01 a      1197     1     5     2    17
 -1.4548819780745922E-02 a      1198     1     5     2    18
  1.9508625404937893E-01 a      1199     1     5     2    19
  1.4008881668062464E-01 a      1200     1     5     2    20
  3.2735835104126909E-01 a      1201     1     6     2     1
  1.1238505043684774E-01 a      1202     1     6     2     2
 -2.8662526749726952E-01 a      1203     1     6     2     3
  3.8499184055083013E-01 a      1204     1     6     2     4
 -6.6780109962620371E-01 a      1205     1     6     2     5
 -3.2333214482792816E-01 a      1206     1     6     2     6
 -8.5077854697114944E-02 a      1207     1     6     2     7
  4.6980975924671670E-01 a      1208     1     6     2     8
 -3.6844573243338730E-01 a      1209     1     6     2     9
  4.4962647129848693E-01 a      1210     1     6     2    10
 -2.8790686880118471E-01 a      1211     1     6     2    11
  5.1607143013349555E-01 a      1212     1     6     2    12
  2.9030761415506307E-01 a      1213     1     6     2    13
 -1.8972133061330554E-01 a      1214     1     6     2    14
  1.9526858352575799E-01 a      1215     1     6     2    15
  3.7823481125023228E-01 a      1216     1     6     2    16
 -4.3108267536572770E-01 a      1217     1     6     2    17
 -2.8716867843699601E-01 a      1218     1     6     2    18
  1.8339911832678288E-01 a      1219     1     6     2    19
 -4.1653161263587472E-02 a      1220     1     6     2    20
 -2.2128877275119407E-01 a      1221     1     7     2     1
  7.7615510783804031E-01 a      1222     1     7     2     2
  8.6380278498991561E-02 a      1223     1     7     2     3
 -9.9301998779309369E-02 a      1224     1     7     2     4
  4.3918222460520023E-01 a      1225     1     7     2     5
 -1.2206950671734471E-02 a      1226     1     7     2     6
  4.8923283719777150E-01 a      1227     1     7     2     7
  7.1682498776882841E-01 a      1228     1     7     2     8
 -2.2048554534664735E-01 a      1229     1     7     2     9
  3.9170298773389861E-01 a      1230     1     7     2    10
  6.6468514444054128E-01 a      1231     1     7     2    11
  4.8662057465470904E-01 a      1232     1     7     2    12
 -1.2733251553640484E-01 a      1233     1     7     2    13
  1.2147781838702142E-01 a      1234     1     7     2    14
  1.0823599509162118E-01 a      1235     1     7     2    15
  6.6171782847316812E-02 a      1236     1     7     2    16
 -4.5603938065527172E-01 a      1237     1     7     2    17
  2.4259016007931172E-01 a      1238     1     7     2    18
 -2.7981385907118256E-01 a      1239     1     7     2    19
 -6.0625518675564592E-03 a      1240     1     7     2    20
  4.6638036168777791E-01 a      1241     1     8     2     1
 -2.4562634060098756E-01 a      1242     1     8     2     2
 -6.9426553940693447E-01 a      1243     1     8     2     3
  4.6504680991319314E-01 a      1244     1     8     2     4
  2.3407799798857230E-02 a      1245     1     8     2     5
 -6.3321355914947974E-01 a      1246     1     8     2     6
  2.2787405575741038E-01 a      1247     1     8     2     7
  1.3239739105580528E-01 a      1248     1     8     2     8
  8.0536078046497095E-01 a      1249     1     8     2     9
 -4.4512154075392812E-01 a      1250     1     8     2    10
 -4.8979192149993321E-02 a      1251     1     8     2    11
  4.4514983947515663E-01 a      1252     1     8     2    12
  2.5267908613213869E-01 a      1253     1     8     2    13
 -3.7755107790160591E-01 a      1254     1     8     2    14
  5.5251012234477037E-01 a      1255     1     8     2    15
  5.9699207743497451E-01 a      1256     1     8     2    16
  3.4086418157934623E-01 a      1257     1     8     2    17
 -3.1884965864735754E-01 a      1258     1     8     2    18
  6.3441215173385834E-01 a      1259     1     8     2    19
  3.2702549647718171E-01 a      1260     1     8     2    20
 -4.6688209564812184E-02 a      1261     1     9     2     1
  4.8615787641386771E-01 a      1262     1     9     2     2
  7.1490328549177945E-02 a      1263     1     9     2     3
  3.4113461877578394E-01 a      1264     1     9     2     4
  8.7532799079576978E-02 a      1265     1     9     2     5
 -4.1380284138749662E-01 a      1266     1     9     2     6
  5.3058504296593223E-01 a      1267     1     9     2     7
 -1.2509462981300951E-01 a      1268     1     9     2     8
  1.8653498213562633E-01 a      1269     1     9     2     9
 -3.6659543581117121E-01 a      1270     1     9     2    10
 -4.1694678188732331E-01 a      1271     1     9     2    11
  2.2465168727986838E-02 a      1272     1     9     2    12
 -2.3816328004341103E-01 a      1273     1     9     2    13
 -3.5024513467127510E-01 a      1274     1     9     2    14
  7.1643465012308261E-01 a      1275     1     9     2    15
  5.6802883368145440E-01 a      1276     1     9     2    16
  7.2928822912821600E-02 a      1277     1     9     2    17
  4.3143873993905713E-01 a      1278     1     9     2    18
 -8.7188989552406428E-03 a      1279     1     9     2    19
  6.0625721240390973E-01 a      1280     1     9     2    20
 -3.2067695560895032E-01 a      1281     1    10     2     1
  7.3756034310802765E-01 a      1282     1    10     2     2
  5.5951305620861584E-02 a      1283     1    10     2     3
  6.5219573186932014E-02 a      1284     1    10     2     4
 -5.0122034062780652E-01 a      1285     1    10     2     5
 -1.3078591521285965E-01 a      1286     1    10     2     6
 -2.8425561647032849E-01 a      1287     1    10     2     7
  5.6395321092890277E-02 a      1288     1    10     2     8
  2.8742629025586358E-01 a      1289     1    10     2     9
  4.0749098633260517E-01 a      1290     1    10     2    10
  5.4113176584968814E-01 a      1291     1    10     2    11
 -2.3256121785115786E-02 a      1292     1    10     2    12
  1.5626130721498648E-02 a      1293     1    10     2    13
 -4.1073338452732105E-01 a      1294     1    10     2    14
 -1.7634323844356495E-01 a      1295     1    10     2    15
 -4.6300408279127486E-01 a      1296     1    10     2    16
 -7.7199592368481437E-02 a      1297     1    10     2    17
 -2.0749326289324690E-01 a      1298     1    10     2    18
 -3.9241336819128109E-01 a      1299     1    10     2    19
 -2.5141691783214309E-01 a      1300     1    10     2    20
 -4.4223975236342063E-02 a      1301     1    11     2     1
  6.2239260849574696E-01 a      1302     1    11     2     2
  3.9496937796484588E-01 a      1303     1    11     2     3
 -2.5737361283729432E-01 a      1304     1    11     2     4
  5.7345694333683905E-01 a      1305     1    11     2     5
 -4.3587054319720070E-02 a      1306     1    11     2     6
  1.3279799178183640E+00 a      1307     1    11     2     7
  6.2525945554915852E-01 a      1308     1    11     2     8
  2.4968190631958226E-01 a      1309     1    11     2     9
 -2.7503153714416978E-01 a      1310     1    11     2    10
 -2.2517970846066276E-01 a      1311     1    11     2    11
 -6.8728390506650683E-01 a      1312     1    11     2    12
 -2.2758576774261324E-01 a      1313     1    11     2    13
 -2.4040735118722187E-01 a      1314     1    11     2    14
 -3.5965679130511691E-01 a      1315     1    11     2    15
  3.9691548220045836E-02 a      1316     1    11     2    16
 -2.6317957268140624E-01 a      1317     1    11     2    17
 -2.9494536708497848E-01 a      1318     1    11     2    18
 -3.8714426854381444E-02 a      1319     1    11     2    19
  4.3219474089293115E-02 a      1320     1    11     2    20
  2.8270662329324353E-01 a      1321     1    12     2     1
 -4.8893421880377985E-03 a      1322     1    12     2     2
 -4.8982072173880459E-01 a      1323     1    12     2     3
  1.0571126823708656E+00 a      1324     1    12     2     4
  4.0085484919246228E-01 a      1325     1    12     2     5
 -1.2558799555868339E-01 a      1326     1    12     2     6
  2.8233612477776659E-01 a      1327     1    12     2     7
 -2.8331591740021062E-01 a      1328     1    12     2     8
  2.3824251254244233E-01 a      1329     1    12     2     9
  5.1258887935202269E-01 a      1330     1    12     2    10
  2.4181128470703556E-02 a      1331     1    12     2    11
  4.3843781112828334E-01 a      1332     1    12     2    12
  2.2931870172289506E-01 a      1333     1    12     2    13
 -1.0453602521668351E-01 a      1334     1    12     2    14
 -9.8937324878117572E-02 a      1335     1    12     2    15
  7.9477640195451116E-01 a      1336     1    12     2    16
 -1.4828876297421126E-01 a      1337     1    12     2    17
  6.8775670502672970E-02 a      1338     1    12     2    18
  7.8886471312210760E-01 a      1339     1    12     2    19
 -9.1316861512634448E-02 a      1340     1    12     2    20
  1.5231185347301465E-01 a      1341     1    13     2     1
 -1.7226603585160280E-01 a      1342     1    13     2     2
  2.6927662223921855E-01 a      1343     1    13     2     3
 -3.1511619576803734E-01 a      1344     1    13     2     4
  2.6595769325553027E-02 a      1345     1    13     2     5
  6.6755406066285483E-01 a      1346     1    13     2     6
  3.5518614998421844E-01 a      1347     1    13     2     7
  2.3997384308937103E-01 a      1348     1    13     2     8
  6.0730965774446866E-01 a      1349     1    13     2     9
 -4.5084289180484871E-01 a      1350     1    13     2    10
  2.9552213240824438E-01 a      1351     1    13     2    11
 -7.1152780529856130E-02 a      1352     1    13     2    12
  5.3863736583317501E-03 a      1353     1    13     2    13
  4.7333157497118611E-01 a      1354     1    13     2    14
  6.2594443675102207E-01 a      1355     1    13     2    15
  7.2906327574839502E-01 a      1356     1    13     2    16
 -1.8713309028818459E-01 a      1357     1    13     2    17
  4.8671664942793608E-01 a      1358     1    13     2    18
 -1.0363522307489441E+00 a      1359     1    13     2    19
  3.8494406317336166E-01 a      1360     1    13     2    20
  7.1466067464518757E-01 a      1361     1    14     2     1
 -2.0187471647416552E-01 a      1362     1    14     2     2
 -2.1631918628432337E-01 a      1363     1    14     2     3
  9.3438681887509395E-02 a      1364     1    14     2     4
 -3.3917583027403725E-01 a      1365     1    14     2     5
  1.6074956202159735E-01 a      1366     1    14     2     6
  1.2059247251296194E-01 a      1367     1    14     2     7
  3.5173856277486615E-01 a      1368     1    14     2     8
 -5.4471450274553102E-01 a      1369     1    14     2     9
  3.2395031384705592E-01 a      1370     1    14     2    10
  1.0728397199689435E-01 a      1371     1    14     2    11
 -7.3414040204404185E-01 a      1372     1    14     2    12
  2.7631099922554819E-01 a      1373     1    14     2    13
  2.6362360728321699E-01 a      1374     1    14     2    14
 -3.2461887940450834E-01 a      1375     1    14     2    15
 -8.3365086956045364E-01 a      1376     1    14     2    16
  9.2366544195825961E-01 a      1377     1    14     2    17
 -3.1015040576654246E-01 a      1378     1    14     2    18
 -1.5917287225925423E-02 a      1379     1    14     2    19
 -1.6281721375877908E-01 a      1380     1    14     2    20
 -1.7363684954143387E-02 a      1381     1    15     2     1
 -5.5806126305478954E-01 a      1382     1    15     2     2
 -6.7310762476134800E-01 a      1383     1    15     2     3
  5.0499823022489031E-02 a      1384     1    15     2     4
  5.0531807480976278E-02 a      1385     1    15     2     5
  3.2054676663440751E-01 a      1386     1    15     2     6
  6.0928470549024161E-01 a      1387     1    15     2     7
 -2.5628136455593554E-04 a      1388     1    15     2     8
  1.1564900922525125E-01 a      1389     1    15     2     9
 -6.7786861351942707E-01 a      1390     1    15     2    10
 -1.2076180655775017E+00 a      1391     1    15     2    11
 -7.1221818731431819E-01 a      1392     1    15     2    12
  1.2090875352038130E-01 a      1393     1    15     2    13
 -3.0010550241301226E-01 a      1394     1    15     2    14
  7.0478391773187166E-01 a      1395     1    15     2    15
  1.6519254142293921E-01 a      1396     1    15     2    16
 -5.1609423113891391E-02 a      1397     1    15     2    17
 -2.3059853085448800E-01 a      1398     1    15     2    18
  6.8731188839659105E-02 a      1399     1    15     2    19
  3.0663353444044211E-01 a      1400     1    15     2    20
 -8.6395650960802949E-03 a      1401     1    16     2     1
 -3.9322312743580706E-01 a      1402     1    16     2     2
  6.4558593046858001E-02 a      1403     1    16     2     3
 -1.0420717698868617E-02 a      1404     1    16     2     4
 -4.5765965320910656E-01 a      1405     1    16     2     5
  2.8364852619540243E-01 a      1406     1    16     2     6
 -3.1014480026272412E-01 a      1407     1    16     2     7
 -1.3608071292485632E-01 a      1408     1    16     2     8
 -2.5309895753600103E-01 a      1409     1    16     2     9
  3.4010696896254677E-01 a      1410     1    16     2    10
  1.8712144317894894E-01 a      1411     1    16     2    11
  1.3309650013510951E-01 a      1412     1    16     2    12
  1.7580497973868850E-01 a      1413     1    16     2    13
  2.2746857602394399E-01 a      1414     1    16     2    14
 -1.4733664050426887E-01 a      1415     1    16     2    15
  2.8854545218582158E-02 a      1416     1    16     2    16
  5.3144144798366433E-01 a      1417     1    16     2    17
 -3.3181064694960410E-01 a      1418     1    16     2    18
 -3.7530006589989001E-01 a      1419     1    16     2    19
 -1.6079058679293362E-01 a      1420     1    16     2    20
  2.9169001435950248E-01 a      1421     1    17     2     1
  2.0200969883986988E-01 a      1422     1    17     2     2
 -4.0920404842616132E-01 a      1423     1    17     2     3
  6.7073815021439803E-02 a      1424     1    17     2     4
  1.9805867821162262E-01 a      1425     1    17     2     5
 -8.5048671112712734E-02 a      1426     1    17     2     6
  3.7046668340500283E-01 a      1427     1    17     2     7
  6.6549311834584912E-01 a      1428     1    17     2     8
  5.2536377768549203E-01 a      1429     1    17     2     9
 -3.4356966582959486E-01 a      1430     1    17     2    10
 -5.7150399989682676E-01 a      1431     1    17     2    11
 -8.3392955142847558E-01 a      1432     1    17     2    12
  2.4441303773160303E-01 a      1433     1    17     2    13
 -5.7556817307732100E-01 a      1434     1    17     2    14
 -1.4375450210649240E-01 a      1435     1    17     2    15
 -7.3907823470071729E-02 a      1436     1    17     2    16
 -5.6534962865525529E-01 a      1437     1    17     2    17
 -2.8453387320161483E-01 a      1438     1    17     2    18
 -2.4039825861911657E-01 a      1439     1    17     2    19
  2.7282158510512000E-01 a      1440     1    17     2    20
  2.5746825575891259E-02 a      1441     1    18     2     1
 -6.6480199019774733E-01 a      1442     1    18     2     2
  4.5559654393428939E-01 a      1443     1    18     2     3
 -3.3056213587410443E-01 a      1444     1    18     2     4
  4.0516511016264101E-01 a      1445     1    18     2     5
 -5.7705853615880778E-02 a      1446     1    18     2     6
  1.5763954914652789E-01 a      1447     1    18     2     7
 -5.0544184312196760E-01 a      1448     1    18     2     8
 -3.3864947274452030E-02 a      1449     1    18     2     9
 -6.0959563413161999E-02 a      1450     1    18     2    10
 -2.1093160119666865E-01 a      1451     1    18     2    11
  2.3465912760605259E-01 a      1452     1    18     2    12
  2.4976218813097625E-02 a      1453     1    18     2    13
  6.6702444091912227E-01 a      1454     1    18     2    14
  3.8277295416998536E-01 a      1455     1    18     2    15
  4.4981361525143959E-01 a      1456     1    18     2    16
 -1.7705616880616759E-01 a      1457     1    18     2    17
 -4.5193389970455591E-02 a      1458     1    18     2    18
 -2.7548132295079358E-01 a      1459     1    18     2    19
  6.3405124250089664E-02 a      1460     1    18     2    20
  5.8663229955205387E-01 a      1461     1    19     2     1
  1.9946898731640350E-01 a      1462     1    19     2     2
  4.9004715820888431E-02 a      1463     1    19     2     3
 -6.8463953771110908E-01 a      1464     1    19     2     4
  6.3721421833774494E-01 a      1465     1    19     2     5
  1.0389510634755728E-01 a      1466     1    19     2     6
 -8.1978339815460699E-01 a      1467     1    19     2     7
 -7.0706236282522994E-01 a      1468     1    19     2     8
 -5.5839354864487145E-01 a      1469     1    19     2     9
  1.7219645868967495E-01 a      1470     1    19     2    10
 -5.3060294527235187E-02 a      1471     1    19     2    11
 -9.7484614596428446E-02 a      1472     1    19     2    12
 -4.3379268122427678E-01 a      1473     1    19     2    13
  4.4903190151376138E-01 a      1474     1    19     2    14
  1.1702486340223235E-01 a      1475     1    19     2    15
  2.8642516302708765E-01 a      1476     1    19     2    16
  6.1025715161694360E-01 a      1477     1    19     2    17
  1.8053907545347969E-01 a      1478     1    19     2    18
 -1.6187129673498533E-02 a      1479     1    19     2    19
 -4.5889413348073077E-01 a      1480     1    19     2    20
 -1.0896889106864868E-01 a      1481     1    20     2     1
  9.6283908671528681E-02 a      1482     1    20     2     2
 -6.9550507137124862E-01 a      1483     1    20     2     3
  6.3443871385620809E-01 a      1484     1    20     2     4
  4.1234581430994138E-01 a      1485     1    20     2     5
 -6.1654289817396435E-01 a      1486     1    20     2     6
  1.6853040883314602E-01 a      1487     1    20     2     7
  7.8670019334888963E-01 a      1488     1    20     2     8
  3.4170227420799580E-02 a      1489     1    20     2     9
  5.1265421968979108E-01 a      1490     1    20     2    10
  1.8867493792919454E-01 a      1491     1    20     2    11
 -1.9814004836004953E-01 a      1492     1    20     2    12
  4.6162920886941150E-01 a      1493     1    20     2    13
  1.6718934987768486E-01 a      1494     1    20     2    14
 -2.4366738073834304E-01 a      1495     1    20     2    15
 -3.1203868159292963E-01 a      1496     1    20     2    16
 -5.1694809158776778E-01 a      1497     1    20     2    17
  2.7419215914242906E-01 a      1498     1    20     2    18
  9.3717676662510782E-02 a      1499     1    20     2    19
 -1.8498935200866498E-01 a      1500     1    20     2    20
  5.7149653663464994E-01 b      1501     2     1
 -1.3174491675306523E+00 b      1502     2     2
  1.5021005936944491E+00 b      1503     2     3
 -5.9198357110818001E-01 b      1504     2     4
  5.5120807206648204E-01 b      1505     2     5
  2.9402386151882393E-01 b      1506     2     6
  8.8525159473823700E-01 b      1507     2     7
  7.5459554869218215E-01 b      1508     2     8
 -7.1494629339291182E-01 b      1509     2     9
  1.5228260343551470E+00 b      1510     2    10
  1.2187863876157630E+00 b      1511     2    11
  7.9359755131140020E-01 b      1512     2    12
  3.6402223492493063E-01 b      1513     2    13
 -5.0886127005974990E-01 b      1514     2    14
 -1.3077770837372023E+00 b      1515     2    15
  3.4461756180811010E-01 b      1516     2    16
 -1.0338351909596002E+00 b      1517     2    17
  2.5971852425463671E-01 b      1518     2    18
 -1.9880234602920022E-01 b      1519     2    19
 -8.5800056656917867E-01 b      1520     2    20
  9.4877565320497279E-02 a      1521     2     1     3     1
  1.2374487483279092E-01 a      1522     2     2     3     1
 -6.2055016825955178E-01 a      1523     2     3     3     1
  8.2317173560250267E-01 a      1524     2     4     3     1
  1.1700633301035257E-01 a      1525     2     5     3     1
  5.0864154402674500E-01 a      1526     2     6     3     1
 -1.3441377777548269E+00 a      1527     2     7     3     1
 -2.5205306666160365E+00 a      1528     2     8     3     1
  1.8064080708913899E+00 a      1529     2     9     3     1
 -1.6976869897660785E+00 a      1530     2    10     3     1
 -1.1342144381377628E+00 a      1531     2    11     3     1
  1.3636389316018152E-01 a      1532     2    12     3     1
 -1.3438041618066348E+00 a      1533     2    13     3     1
  4.0266093756000848E-01 a      1534     2    14     3     1
  1.8572545412562085E+00 a      1535     2    15     3     1
  2.6186979113170126E+00 a      1536     2    16     3     1
  2.2654180205658530E+00 a      1537     2    17     3     1
 -5.3455208420957967E-01 a      1538     2    18     3     1
 -2.9064667644142977E-01 a      1539     2    19     3     1
  1.6035869875598552E+00 a      1540     2    20     3     1
 -2.7491663269731177E+00 b      1541     3     1
