################################################################################
# Neural network connection values (weights and biases).
################################################################################
# Col  Name       Description
################################################################################
# 1    connection Neural network connection value.
# 2    t          Connection type (a = weight, b = bias).
# 3    index      Index enumerating weights.
# 4    l_s        Starting point layer (end point layer for biases).
# 5    n_s        Starting point neuron in starting layer (end point neuron for biases).
# 6    l_e        End point layer.
# 7    n_e        End point neuron in end layer.
################################################################################
#                      1 2         3     4     5     6     7
#             connection t     index   l_s   n_s   l_e   n_e
############################################################
 -1.9740093393166228E-01 a         1     0     1     1     1
 -7.3792318503665355E-01 a         2     0     1     1     2
 -4.1154658375721004E-01 a         3     0     1     1     3
 -1.9102475808087235E-01 a         4     0     1     1     4
 -3.5992605959945467E-02 a         5     0     1     1     5
  2.1437487583745196E-01 a         6     0     1     1     6
 -3.5264275478520851E-01 a         7     0     1     1     7
 -3.4274679563405869E-01 a         8     0     1     1     8
 -1.9940197508591911E-02 a         9     0     1     1     9
 -2.2564222061538391E-01 a        10     0     1     1    10
  8.6956913014137535E-02 a        11     0     1     1    11
 -4.6095859946725642E-01 a        12     0     1     1    12
 -1.5955798726644674E-01 a        13     0     1     1    13
 -7.0325443655090724E-04 a        14     0     1     1    14
 -1.7893024930916923E-01 a        15     0     1     1    15
 -4.8476125274136228E-01 a        16     0     1     1    16
 -2.7062993092404758E-01 a        17     0     1     1    17
  9.9718948562126000E-02 a        18     0     1     1    18
  2.2136448971994868E-01 a        19     0     1     1    19
  3.8904732613952059E-01 a        20     0     1     1    20
  1.1140657277236106E-01 a        21     0     2     1     1
 -1.0839897567104313E-01 a        22     0     2     1     2
  7.2379207344112802E-03 a        23     0     2     1     3
 -2.4323183887910810E-01 a        24     0     2     1     4
 -1.4060120432372653E-01 a        25     0     2     1     5
  8.8886031829523510E-02 a        26     0     2     1     6
 -9.3967138239298642E-02 a        27     0     2     1     7
  7.9216492462107532E-02 a        28     0     2     1     8
  1.2472978014497635E-02 a        29     0     2     1     9
  2.7004388039440913E-01 a        30     0     2     1    10
 -5.3057146459563928E-02 a        31     0     2     1    11
  6.7625574768152424E-02 a        32     0     2     1    12
  5.2293879080702810E-01 a        33     0     2     1    13
  1.5476043784530619E-01 a        34     0     2     1    14
 -3.4951430623583357E-01 a        35     0     2     1    15
 -2.3765949442278328E-01 a        36     0     2     1    16
 -4.3566961421989660E-02 a        37     0     2     1    17
 -2.7999954967900914E-01 a        38     0     2     1    18
  1.1076452786255639E-01 a        39     0     2     1    19
  1.5105134256588623E-01 a        40     0     2     1    20
 -2.7461998637338964E-01 a        41     0     3     1     1
 -7.7765340458123264E-02 a        42     0     3     1     2
 -4.4918507908809041E-01 a        43     0     3     1     3
  4.0363342934452817E-01 a        44     0     3     1     4
  2.9889122368662785E-01 a        45     0     3     1     5
  5.4940999806563667E-02 a        46     0     3     1     6
 -4.9082631974153590E-01 a        47     0     3     1     7
  2.5288993392492481E-01 a        48     0     3     1     8
 -2.0630395892747125E-01 a        49     0     3     1     9
 -5.7530759876483199E-02 a        50     0     3     1    10
 -1.7362199176053736E-01 a        51     0     3     1    11
 -7.4233053174270799E-02 a        52     0     3     1    12
 -2.0010310257435010E-01 a        53     0     3     1    13
 -5.9590332692678061E-01 a        54     0     3     1    14
  4.1534989102292197E-01 a        55     0     3     1    15
  7.1668734091067526E-02 a        56     0     3     1    16
  1.1565728333155854E-01 a        57     0     3     1    17
  3.8076546682216722E-01 a        58     0     3     1    18
 -2.6904054412681927E-01 a        59     0     3     1    19
 -4.0537661392251717E-01 a        60     0     3     1    20
 -6.0099510935050304E-01 a        61     0     4     1     1
  7.1371290756102146E-01 a        62     0     4     1     2
 -1.2173544590345700E-01 a        63     0     4     1     3
  5.4700718249449132E-01 a        64     0     4     1     4
 -3.7165206906829473E-01 a        65     0     4     1     5
 -1.0437849371442667E+00 a        66     0     4     1     6
 -6.7558797360734468E-01 a        67     0     4     1     7
  7.9603613742463097E-01 a        68     0     4     1     8
 -3.0335756242206968E-01 a        69     0     4     1     9
 -3.0205083670170157E-01 a        70     0     4     1    10
  6.1469942324155635E-01 a        71     0     4     1    11
  3.5630411853763255E-01 a        72     0     4     1    12
  5.4347863442205635E-01 a        73     0     4     1    13
  2.0327206912707400E-02 a        74     0     4     1    14
 -6.7605481728763361E-01 a        75     0     4     1    15
  4.7993038951144140E-01 a        76     0     4     1    16
 -2.4362969511277580E-01 a        77     0     4     1    17
 -3.2123495242801846E-03 a        78     0     4     1    18
  9.9704487443311673E-02 a        79     0     4     1    19
  1.0229104218760694E-01 a        80     0     4     1    20
 -2.6815105920568649E-01 a        81     0     5     1     1
  9.4023257878004474E-02 a        82     0     5     1     2
 -3.0590336586888933E-01 a        83     0     5     1     3
  4.5134732815677070E-01 a        84     0     5     1     4
  8.6158161117251247E-02 a        85     0     5     1     5
 -3.7623592541045255E-03 a        86     0     5     1     6
 -2.6915144826638293E-01 a        87     0     5     1     7
  3.8755269344306648E-01 a        88     0     5     1     8
 -1.2811957002605887E-02 a        89     0     5     1     9
 -5.4059630088342137E-01 a        90     0     5     1    10
 -1.4837331916478108E-01 a        91     0     5     1    11
  1.8522061315114132E-02 a        92     0     5     1    12
 -8.6994417734790719E-01 a        93     0     5     1    13
 -1.6584862941526318E-01 a        94     0     5     1    14
  6.3139545819138909E-01 a        95     0     5     1    15
  2.0593265798289748E-01 a        96     0     5     1    16
 -1.2629402042711640E-01 a        97     0     5     1    17
  4.6962951212786030E-01 a        98     0     5     1    18
  4.1537169857663418E-02 a        99     0     5     1    19
 -6.7545617370032462E-01 a       100     0     5     1    20
 -2.8758228813319858E-01 a       101     0     6     1     1
 -2.2159040324978185E-01 a       102     0     6     1     2
 -6.2591305932374386E-02 a       103     0     6     1     3
 -4.7149039000494763E-01 a       104     0     6     1     4
 -9.5454008811784022E-02 a       105     0     6     1     5
 -1.2959636029861452E-01 a       106     0     6     1     6
  2.3195078564791349E-01 a       107     0     6     1     7
 -3.9604081908326738E-01 a       108     0     6     1     8
 -2.7438944086399281E-01 a       109     0     6     1     9
 -6.2112059881508397E-01 a       110     0     6     1    10
  4.5350345451455676E-01 a       111     0     6     1    11
  2.1622878549296667E-01 a       112     0     6     1    12
  5.7013945243109398E-01 a       113     0     6     1    13
  1.2634069229925806E+00 a       114     0     6     1    14
 -2.4314958649436444E-01 a       115     0     6     1    15
  6.4942706616396417E-01 a       116     0     6     1    16
 -1.2304647696328188E+00 a       117     0     6     1    17
 -5.5451015202428577E-01 a       118     0     6     1    18
  9.8882628503322995E-02 a       119     0     6     1    19
  2.7782085584682311E-02 a       120     0     6     1    20
 -1.8194248015826714E-01 a       121     0     7     1     1
 -7.0968215485427932E-01 a       122     0     7     1     2
 -7.8261348202317815E-01 a       123     0     7     1     3
 -2.9746414795119538E-02 a       124     0     7     1     4
  8.5664484720736178E-02 a       125     0     7     1     5
  8.4021282629831162E-02 a       126     0     7     1     6
 -2.7399956960794086E-01 a       127     0     7     1     7
 -1.2247090923675963E-01 a       128     0     7     1     8
 -1.4743290429898723E-01 a       129     0     7     1     9
  2.8719727823511332E-01 a       130     0     7     1    10
  1.9572048012736964E-01 a       131     0     7     1    11
 -3.6821334018448526E-01 a       132     0     7     1    12
  2.3046795087596724E-03 a       133     0     7     1    13
 -2.4175981546970569E-02 a       134     0     7     1    14
  4.3271054937658848E-01 a       135     0     7     1    15
 -4.3593681838211018E-01 a       136     0     7     1    16
 -8.8953381234540685E-01 a       137     0     7     1    17
 -1.2861359513624064E-02 a       138     0     7     1    18
  1.9744403154005777E-01 a       139     0     7     1    19
 -5.6885723295328337E-02 a       140     0     7     1    20
  4.3472305397808819E-01 a       141     0     8     1     1
  4.2097040133049761E-02 a       142     0     8     1     2
 -3.4207978272321987E-01 a       143     0     8     1     3
  4.7486765083349441E-01 a       144     0     8     1     4
  5.3884140440202388E-01 a       145     0     8     1     5
  1.1328661847351064E-01 a       146     0     8     1     6
  1.5148957260233190E-01 a       147     0     8     1     7
 -3.2032722886084258E-01 a       148     0     8     1     8
 -4.0005824657097772E-01 a       149     0     8     1     9
  2.8339332762677111E-01 a       150     0     8     1    10
 -3.0127938691923412E-01 a       151     0     8     1    11
 -2.5604569636118574E-01 a       152     0     8     1    12
  5.5492974273565410E-01 a       153     0     8     1    13
 -6.9641035366486193E-02 a       154     0     8     1    14
 -1.9161937986805827E-01 a       155     0     8     1    15
  7.8680531643007798E-02 a       156     0     8     1    16
  2.9370824697938908E-01 a       157     0     8     1    17
 -8.7403713080429005E-03 a       158     0     8     1    18
  1.6948738756183046E-01 a       159     0     8     1    19
  5.7988250010844167E-01 a       160     0     8     1    20
 -1.7711737820339549E-01 a       161     0     9     1     1
 -2.4980232405885025E-01 a       162     0     9     1     2
 -5.9052125268547928E-01 a       163     0     9     1     3
  1.3576123139458332E-01 a       164     0     9     1     4
 -7.2779756557016975E-02 a       165     0     9     1     5
  2.3964278668051728E-01 a       166     0     9     1     6
 -4.0844400055245900E-01 a       167     0     9     1     7
  2.3065359110849348E-01 a       168     0     9     1     8
 -4.1997665029069653E-01 a       169     0     9     1     9
  4.2722857503372796E-01 a       170     0     9     1    10
  4.4263681964615392E-01 a       171     0     9     1    11
 -5.4385698521323196E-02 a       172     0     9     1    12
  8.0019402268885831E-01 a       173     0     9     1    13
 -5.3410684260276474E-02 a       174     0     9     1    14
 -7.8243729949882879E-02 a       175     0     9     1    15
  5.8166109699617835E-03 a       176     0     9     1    16
 -1.2054534236880283E+00 a       177     0     9     1    17
  5.7991443037188360E-02 a       178     0     9     1    18
  3.4899440912236462E-01 a       179     0     9     1    19
 -1.6983381893948044E-01 a       180     0     9     1    20
 -1.8932345709149151E-01 a       181     0    10     1     1
  2.8034025250764227E-01 a       182     0    10     1     2
 -1.8971273990565249E-01 a       183     0    10     1     3
  4.7269805144788424E-01 a       184     0    10     1     4
  2.9701962520750667E-02 a       185     0    10     1     5
 -1.1093119925064415E-01 a       186     0    10     1     6
 -3.6543518438972522E-01 a       187     0    10     1     7
 -2.3220129979361778E-01 a       188     0    10     1     8
 -2.2041869480111827E-02 a       189     0    10     1     9
 -4.5979876049076385E-01 a       190     0    10     1    10
  2.0547401091225820E-01 a       191     0    10     1    11
 -8.3456288715116914E-02 a       192     0    10     1    12
  6.4629424647833245E-01 a       193     0    10     1    13
 -1.8251018789550791E-01 a       194     0    10     1    14
 -1.3532653614985662E-01 a       195     0    10     1    15
  3.9329624324161302E-02 a       196     0    10     1    16
 -4.4051177952813231E-01 a       197     0    10     1    17
 -1.7616003314837442E-01 a       198     0    10     1    18
  1.0559877748957036E-01 a       199     0    10     1    19
 -1.7762072538636411E-01 a       200     0    10     1    20
  2.0000727962717338E-01 a       201     0    11     1     1
 -8.0517448175860151E-02 a       202     0    11     1     2
  4.7862144418307878E-01 a       203     0    11     1     3
  3.9186711213800608E-02 a       204     0    11     1     4
 -5.4860028709330155E-01 a       205     0    11     1     5
  2.1478329242892735E-01 a       206     0    11     1     6
  2.3475195943784766E-01 a       207     0    11     1     7
 -3.0843144971441000E-01 a       208     0    11     1     8
  1.9464966597946901E-01 a       209     0    11     1     9
  5.9922695933930659E-01 a       210     0    11     1    10
 -1.7044333135509732E-01 a       211     0    11     1    11
  2.8532714469314807E-01 a       212     0    11     1    12
  6.0804486234959010E-01 a       213     0    11     1    13
 -8.4662967099216994E-03 a       214     0    11     1    14
 -1.2196038365075001E+00 a       215     0    11     1    15
 -7.8014717129132036E-02 a       216     0    11     1    16
  2.0335200482008811E-01 a       217     0    11     1    17
  1.3883360382799920E-01 a       218     0    11     1    18
 -4.1534817909227917E-01 a       219     0    11     1    19
  3.0314714228385115E-01 a       220     0    11     1    20
 -9.4404291148516628E-01 a       221     0    12     1     1
 -3.3707943418992338E-02 a       222     0    12     1     2
  1.8343964065607121E-02 a       223     0    12     1     3
  5.1595700523193821E-01 a       224     0    12     1     4
  6.2899189429344726E-01 a       225     0    12     1     5
 -1.6105058622899815E-01 a       226     0    12     1     6
  3.8418797558311880E-02 a       227     0    12     1     7
 -7.9965612330008498E-02 a       228     0    12     1     8
 -6.6083819122993903E-01 a       229     0    12     1     9
 -3.8045003020843565E-01 a       230     0    12     1    10
  4.7638590223892241E-01 a       231     0    12     1    11
  2.3962747596156228E-02 a       232     0    12     1    12
  4.2780477948778017E-01 a       233     0    12     1    13
 -6.7573336492388325E-01 a       234     0    12     1    14
  5.0593171693048944E-01 a       235     0    12     1    15
  4.0212947849938269E-01 a       236     0    12     1    16
 -2.5997306874736675E-01 a       237     0    12     1    17
  1.7751105019280611E-02 a       238     0    12     1    18
  2.4923119485589534E-01 a       239     0    12     1    19
  4.5105016113282265E-01 a       240     0    12     1    20
 -2.5579576033763225E-02 a       241     0    13     1     1
 -2.3221128720818443E-01 a       242     0    13     1     2
 -2.7322583498157232E-01 a       243     0    13     1     3
  1.8167631712810231E-01 a       244     0    13     1     4
  1.0542668935302933E-01 a       245     0    13     1     5
 -6.9935245177172589E-02 a       246     0    13     1     6
  3.3285612552502224E-02 a       247     0    13     1     7
 -1.9806187158516181E-01 a       248     0    13     1     8
 -9.4469989669940829E-02 a       249     0    13     1     9
  2.1157201724043356E-01 a       250     0    13     1    10
  2.5810150994966047E-01 a       251     0    13     1    11
 -3.0876992958124425E-04 a       252     0    13     1    12
 -1.2953422104308268E-01 a       253     0    13     1    13
  4.7938666836951076E-02 a       254     0    13     1    14
  2.6882571313705550E-01 a       255     0    13     1    15
 -1.5694941974972196E-01 a       256     0    13     1    16
 -2.0765452984767194E-01 a       257     0    13     1    17
 -6.5887596103422638E-02 a       258     0    13     1    18
  6.0432436417245862E-02 a       259     0    13     1    19
 -4.2489216232405196E-02 a       260     0    13     1    20
 -2.9691481805548942E-01 a       261     0    14     1     1
 -3.3272477045724491E-01 a       262     0    14     1     2
  2.9588582959279564E-01 a       263     0    14     1     3
  1.9835141929472791E-02 a       264     0    14     1     4
 -2.5537713073085572E-01 a       265     0    14     1     5
  2.7446793195201641E-01 a       266     0    14     1     6
 -5.2738192258031835E-01 a       267     0    14     1     7
  1.6158713827712334E-01 a       268     0    14     1     8
  1.6019097066620039E-01 a       269     0    14     1     9
 -6.8271920006347309E-01 a       270     0    14     1    10
 -5.0796574427518427E-02 a       271     0    14     1    11
 -4.4122263861314337E-01 a       272     0    14     1    12
 -4.3367906088716940E-01 a       273     0    14     1    13
 -1.4648512400399100E-01 a       274     0    14     1    14
 -3.0783788190085332E-01 a       275     0    14     1    15
  7.3264590812674124E-01 a       276     0    14     1    16
  3.2653124893803881E-01 a       277     0    14     1    17
  9.1170361434340874E-01 a       278     0    14     1    18
  7.1203719120787923E-01 a       279     0    14     1    19
 -2.8090489437190025E-01 a       280     0    14     1    20
  1.8350800240511961E-01 a       281     0    15     1     1
 -6.2155522239506811E-01 a       282     0    15     1     2
  3.2464103000026384E-01 a       283     0    15     1     3
 -1.3477792445672152E-01 a       284     0    15     1     4
  5.0030717246719494E-02 a       285     0    15     1     5
  1.4175853839827107E-01 a       286     0    15     1     6
  1.2035793428309312E-01 a       287     0    15     1     7
  1.6113156306086951E-01 a       288     0    15     1     8
 -1.3873280627764406E-01 a       289     0    15     1     9
 -1.2613625765629935E-01 a       290     0    15     1    10
 -1.3861262278492989E-01 a       291     0    15     1    11
  1.9810015585560220E-01 a       292     0    15     1    12
  2.9895957913622284E-01 a       293     0    15     1    13
  9.1653965752970179E-01 a       294     0    15     1    14
 -1.9582124259551217E-01 a       295     0    15     1    15
  2.2521876948509170E-01 a       296     0    15     1    16
 -8.9860840862420444E-01 a       297     0    15     1    17
  7.2907062151855398E-02 a       298     0    15     1    18
 -5.0702662151395561E-01 a       299     0    15     1    19
  3.6574632651021116E-01 a       300     0    15     1    20
 -3.4680158470549595E-02 a       301     0    16     1     1
  1.2313371470115549E-02 a       302     0    16     1     2
 -2.8230380200807115E-01 a       303     0    16     1     3
  3.1892289406356705E-01 a       304     0    16     1     4
  5.2206469637496741E-02 a       305     0    16     1     5
 -2.7729071609613787E-01 a       306     0    16     1     6
  5.6469035739500059E-02 a       307     0    16     1     7
  1.1869694519685162E-01 a       308     0    16     1     8
  1.3216738376361731E-01 a       309     0    16     1     9
 -7.4881040517297204E-01 a       310     0    16     1    10
  6.4673957511017871E-02 a       311     0    16     1    11
 -6.6171145823122071E-02 a       312     0    16     1    12
  5.2426931888686334E-01 a       313     0    16     1    13
  5.2029246918698507E-02 a       314     0    16     1    14
 -7.6378523951460095E-02 a       315     0    16     1    15
 -5.4430962197907738E-02 a       316     0    16     1    16
 -6.3686427781295118E-01 a       317     0    16     1    17
 -8.2905605622378309E-02 a       318     0    16     1    18
  1.4456207425060012E-02 a       319     0    16     1    19
 -3.0038216067709528E-03 a       320     0    16     1    20
  4.0364528876927552E-01 a       321     0    17     1     1
 -2.0894507488803248E-02 a       322     0    17     1     2
 -8.4290122115533850E-01 a       323     0    17     1     3
 -3.4962705297851462E-02 a       324     0    17     1     4
 -2.8685920617665772E-01 a       325     0    17     1     5
  1.3425390870204298E-01 a       326     0    17     1     6
 -2.8640963981687645E-01 a       327     0    17     1     7
  1.0583440308936058E-01 a       328     0    17     1     8
 -1.8356128092312926E-01 a       329     0    17     1     9
  4.9706462050998546E-01 a       330     0    17     1    10
 -1.9052278260403746E-01 a       331     0    17     1    11
  1.5517552131622109E-03 a       332     0    17     1    12
  3.2120858796265050E-01 a       333     0    17     1    13
 -4.2022597478251250E-01 a       334     0    17     1    14
 -1.7684983673244045E-01 a       335     0    17     1    15
 -4.2468575412121207E-01 a       336     0    17     1    16
 -3.4876435129795624E-01 a       337     0    17     1    17
  3.5837192338634544E-01 a       338     0    17     1    18
 -5.1032131279195858E-01 a       339     0    17     1    19
  5.7583907931726530E-01 a       340     0    17     1    20
 -6.6347712592597419E-02 a       341     0    18     1     1
  2.2242144215007170E-01 a       342     0    18     1     2
 -1.6196202569078602E-01 a       343     0    18     1     3
 -2.1164718989708750E-01 a       344     0    18     1     4
  4.5187900074043807E-01 a       345     0    18     1     5
 -4.9792753634273879E-01 a       346     0    18     1     6
 -7.6495879478262779E-02 a       347     0    18     1     7
 -1.5394241911552284E-01 a       348     0    18     1     8
 -6.5261039124246231E-02 a       349     0    18     1     9
 -6.6211790734113693E-02 a       350     0    18     1    10
  6.2554807617232824E-02 a       351     0    18     1    11
  5.6727954077252762E-01 a       352     0    18     1    12
  5.1301683521999664E-01 a       353     0    18     1    13
  3.3238400780025285E-01 a       354     0    18     1    14
  2.5028173323537911E-01 a       355     0    18     1    15
 -2.0923371849739592E-01 a       356     0    18     1    16
 -2.8421400701267457E-01 a       357     0    18     1    17
 -4.0838110732222715E-01 a       358     0    18     1    18
  6.1334520946846460E-01 a       359     0    18     1    19
 -1.0437607766861562E-01 a       360     0    18     1    20
  8.4889045161173293E-02 a       361     0    19     1     1
  2.1765203903252486E-01 a       362     0    19     1     2
 -1.3156532409218470E-02 a       363     0    19     1     3
  2.8790357074044537E-01 a       364     0    19     1     4
 -7.8168979973987376E-02 a       365     0    19     1     5
  2.0976571235644625E-01 a       366     0    19     1     6
 -5.0697154995338382E-02 a       367     0    19     1     7
  2.6275210767694318E-02 a       368     0    19     1     8
 -9.0677176981099519E-02 a       369     0    19     1     9
  3.7896864943104985E-02 a       370     0    19     1    10
 -3.7203141479613067E-02 a       371     0    19     1    11
  1.4643056731327398E-02 a       372     0    19     1    12
  4.6356220151147529E-02 a       373     0    19     1    13
 -6.2732861636578319E-02 a       374     0    19     1    14
  2.4612856659802326E-01 a       375     0    19     1    15
 -7.9208457374478014E-02 a       376     0    19     1    16
 -2.2606869294622217E-01 a       377     0    19     1    17
 -1.7984115275197868E-01 a       378     0    19     1    18
 -1.6084194304484439E-01 a       379     0    19     1    19
  5.8162823321990774E-04 a       380     0    19     1    20
 -2.6604064325677790E-01 a       381     0    20     1     1
  4.8131624249456904E-02 a       382     0    20     1     2
  5.3354219221396582E-01 a       383     0    20     1     3
 -5.8221036254805225E-01 a       384     0    20     1     4
 -5.2196259871058172E-02 a       385     0    20     1     5
  4.3249595584625272E-01 a       386     0    20     1     6
  9.5293634645867431E-02 a       387     0    20     1     7
  6.6520459236281637E-02 a       388     0    20     1     8
  1.7199686234907063E-01 a       389     0    20     1     9
 -2.3239572849415990E-01 a       390     0    20     1    10
  2.7155778652149500E-02 a       391     0    20     1    11
  1.2312045876220190E-01 a       392     0    20     1    12
  3.7028699173529044E-02 a       393     0    20     1    13
 -1.6098610850747538E-01 a       394     0    20     1    14
 -9.1913276185451631E-01 a       395     0    20     1    15
 -2.0192043925047178E-02 a       396     0    20     1    16
  1.8069698330984315E-02 a       397     0    20     1    17
 -5.3468698044807839E-01 a       398     0    20     1    18
  1.2474523992847497E-01 a       399     0    20     1    19
  1.8199281710255949E-01 a       400     0    20     1    20
  2.2710064079884979E-02 a       401     0    21     1     1
 -1.3639016984572847E-01 a       402     0    21     1     2
  3.3341594854581991E-02 a       403     0    21     1     3
 -1.6836099044989924E-01 a       404     0    21     1     4
 -1.2821093846818662E-01 a       405     0    21     1     5
  1.5142260513393871E-01 a       406     0    21     1     6
  3.1384052277820351E-01 a       407     0    21     1     7
  4.3994836019117317E-01 a       408     0    21     1     8
 -5.0786064689856872E-02 a       409     0    21     1     9
 -3.1956172412694478E-01 a       410     0    21     1    10
  1.4120959212595430E-01 a       411     0    21     1    11
 -1.7203455302107287E-01 a       412     0    21     1    12
 -3.1250374233979283E-01 a       413     0    21     1    13
  3.0424009683975219E-02 a       414     0    21     1    14
  7.5131960467812031E-01 a       415     0    21     1    15
  1.4006399490528582E-01 a       416     0    21     1    16
 -7.2654672455887370E-01 a       417     0    21     1    17
  4.8216391949137832E-01 a       418     0    21     1    18
 -3.5077502015991502E-01 a       419     0    21     1    19
  2.4153457861498404E-01 a       420     0    21     1    20
  7.1584667728424589E-02 a       421     0    22     1     1
  7.6112038516730263E-02 a       422     0    22     1     2
 -2.1946536137453693E-01 a       423     0    22     1     3
  3.9012910697715696E-02 a       424     0    22     1     4
  1.8763036084024790E-01 a       425     0    22     1     5
 -3.3542702182141837E-01 a       426     0    22     1     6
  5.2362311967008579E-01 a       427     0    22     1     7
  2.4251511849471641E-01 a       428     0    22     1     8
 -2.1061812170903256E-02 a       429     0    22     1     9
 -2.5037874222027473E-01 a       430     0    22     1    10
  1.7802527268063850E-01 a       431     0    22     1    11
  4.0846939580799807E-01 a       432     0    22     1    12
 -1.3605543504475914E-01 a       433     0    22     1    13
  2.2100689807810558E-01 a       434     0    22     1    14
 -5.0498500683825227E-02 a       435     0    22     1    15
  1.3576555989641113E-02 a       436     0    22     1    16
 -1.4473686249743437E-01 a       437     0    22     1    17
  1.4866868176121528E-01 a       438     0    22     1    18
 -6.2763288300742334E-02 a       439     0    22     1    19
 -8.3060619676914971E-02 a       440     0    22     1    20
 -2.1192261082274788E-02 a       441     0    23     1     1
 -3.3640262508358154E-01 a       442     0    23     1     2
 -6.5745325611737249E-01 a       443     0    23     1     3
  3.0565299293130888E-01 a       444     0    23     1     4
 -2.6047229336829841E-01 a       445     0    23     1     5
 -2.1401111236468590E-01 a       446     0    23     1     6
 -5.9548607184280067E-01 a       447     0    23     1     7
 -5.4316845542775549E-01 a       448     0    23     1     8
 -5.5069596019081297E-02 a       449     0    23     1     9
  4.8559618373261620E-01 a       450     0    23     1    10
 -1.7203857200415007E-02 a       451     0    23     1    11
 -4.2359837239660747E-01 a       452     0    23     1    12
 -2.9222434764912630E-01 a       453     0    23     1    13
 -1.8334238782244566E-01 a       454     0    23     1    14
  7.4828623338743150E-01 a       455     0    23     1    15
  2.9197604018812684E-01 a       456     0    23     1    16
  4.6534827052663225E-01 a       457     0    23     1    17
  1.0030802112269828E+00 a       458     0    23     1    18
  1.2521642428643909E-01 a       459     0    23     1    19
 -4.8782182837557964E-01 a       460     0    23     1    20
  4.4620717563028617E-01 a       461     0    24     1     1
 -2.9022054967953137E-01 a       462     0    24     1     2
 -3.0437749475542650E-02 a       463     0    24     1     3
  4.1396716270511041E-01 a       464     0    24     1     4
  3.1964187804139887E-01 a       465     0    24     1     5
 -7.0878638683669648E-01 a       466     0    24     1     6
 -8.5004738361111179E-02 a       467     0    24     1     7
  3.9981075870144217E-01 a       468     0    24     1     8
  4.5701777629387701E-02 a       469     0    24     1     9
 -6.7677065320571517E-01 a       470     0    24     1    10
 -4.7260801978987160E-02 a       471     0    24     1    11
  8.4052039331074246E-01 a       472     0    24     1    12
  7.9091015985343127E-01 a       473     0    24     1    13
  5.7911263014587777E-01 a       474     0    24     1    14
 -6.1906187785855460E-01 a       475     0    24     1    15
 -4.1604180712921879E-01 a       476     0    24     1    16
 -1.2125945472011488E-02 a       477     0    24     1    17
  2.1280723227621043E-01 a       478     0    24     1    18
 -9.8314423171751694E-02 a       479     0    24     1    19
 -1.9938538860841501E-02 a       480     0    24     1    20
  8.7311905311809448E-02 a       481     0    25     1     1
 -3.4461887618291963E-02 a       482     0    25     1     2
 -1.4929406955427499E-01 a       483     0    25     1     3
  8.3806141042203589E-02 a       484     0    25     1     4
 -5.3404564063712261E-03 a       485     0    25     1     5
  5.6342500913021010E-02 a       486     0    25     1     6
 -3.1604770302746948E-01 a       487     0    25     1     7
  6.2165898147391589E-02 a       488     0    25     1     8
  2.7778904412528466E-02 a       489     0    25     1     9
 -4.1899657548499725E-02 a       490     0    25     1    10
 -1.9523118322536401E-01 a       491     0    25     1    11
 -2.1909296310860880E-02 a       492     0    25     1    12
  2.1854774932167911E-01 a       493     0    25     1    13
  2.0661457822179537E-02 a       494     0    25     1    14
  1.6616155150970252E-01 a       495     0    25     1    15
 -1.2281852070113099E-01 a       496     0    25     1    16
 -1.1886401706716204E-01 a       497     0    25     1    17
 -7.7410337135395288E-02 a       498     0    25     1    18
  5.9283715787338135E-03 a       499     0    25     1    19
  1.1111383414971843E-01 a       500     0    25     1    20
 -8.2867021928231272E-03 a       501     0    26     1     1
  1.1625698806583969E-01 a       502     0    26     1     2
  2.2395772060107566E-01 a       503     0    26     1     3
 -3.0358412400770157E-01 a       504     0    26     1     4
  1.8530125582946125E-01 a       505     0    26     1     5
  4.0630008523563250E-02 a       506     0    26     1     6
  5.3433970690309396E-01 a       507     0    26     1     7
  1.7904115591458306E-01 a       508     0    26     1     8
  1.5611180096043742E-01 a       509     0    26     1     9
 -2.8371525890264132E-01 a       510     0    26     1    10
  5.7782842002268388E-02 a       511     0    26     1    11
  1.7205583926342430E-01 a       512     0    26     1    12
  2.2989503972358241E-01 a       513     0    26     1    13
  1.1712758281385618E-01 a       514     0    26     1    14
 -6.2360849524898021E-01 a       515     0    26     1    15
 -3.2801879965027353E-01 a       516     0    26     1    16
 -3.6684674783551369E-01 a       517     0    26     1    17
 -9.4184018094858535E-01 a       518     0    26     1    18
 -1.5494233657519110E-01 a       519     0    26     1    19
  5.4657539846876685E-02 a       520     0    26     1    20
 -2.8946240075662955E-01 a       521     0    27     1     1
  1.0874727434291917E-01 a       522     0    27     1     2
  1.2687348863106240E-01 a       523     0    27     1     3
  2.4107902658865150E-02 a       524     0    27     1     4
  3.0862999995369389E-01 a       525     0    27     1     5
  6.3239345470987363E-02 a       526     0    27     1     6
  2.2915927137236591E-01 a       527     0    27     1     7
 -4.2798545293084239E-01 a       528     0    27     1     8
  1.6113944559873011E-01 a       529     0    27     1     9
  2.4810729985221128E-01 a       530     0    27     1    10
  3.6869805780554675E-02 a       531     0    27     1    11
 -3.5754361183036557E-02 a       532     0    27     1    12
 -2.1935057788460224E-01 a       533     0    27     1    13
 -1.4588291104196718E-01 a       534     0    27     1    14
  5.0673815424354951E-01 a       535     0    27     1    15
  9.0494894874582857E-02 a       536     0    27     1    16
 -1.8733456449133565E-01 a       537     0    27     1    17
  1.3520469396643339E-01 a       538     0    27     1    18
  1.4022217361983444E-01 a       539     0    27     1    19
  7.2955333029904826E-02 a       540     0    27     1    20
  7.8304021443418428E-02 a       541     0    28     1     1
 -7.0022689805045835E-02 a       542     0    28     1     2
 -4.0430314169666148E-01 a       543     0    28     1     3
 -2.4797381189430420E-02 a       544     0    28     1     4
  1.1659825007921397E-01 a       545     0    28     1     5
  1.6243661187136861E-02 a       546     0    28     1     6
 -2.2047229034499169E-02 a       547     0    28     1     7
  2.4806933753899332E-01 a       548     0    28     1     8
  3.2359268962036201E-03 a       549     0    28     1     9
 -1.2704328331221798E-01 a       550     0    28     1    10
  5.3572991099217777E-03 a       551     0    28     1    11
  2.7529034223465909E-01 a       552     0    28     1    12
  1.5003339699834040E-01 a       553     0    28     1    13
  9.9881940979948777E-02 a       554     0    28     1    14
 -1.6503706247948338E-01 a       555     0    28     1    15
 -1.8684732192897230E-01 a       556     0    28     1    16
 -2.5115385641232274E-01 a       557     0    28     1    17
 -9.6363237451565734E-02 a       558     0    28     1    18
  5.7982267450771917E-02 a       559     0    28     1    19
 -2.7405451319743912E-01 a       560     0    28     1    20
 -1.6305364913220843E-01 a       561     0    29     1     1
 -1.7221775034432951E-01 a       562     0    29     1     2
 -5.0472508201430488E-01 a       563     0    29     1     3
  1.2459463157120654E-01 a       564     0    29     1     4
 -2.2425856994836316E-01 a       565     0    29     1     5
  1.5851974178254455E-01 a       566     0    29     1     6
 -5.1982436355460981E-01 a       567     0    29     1     7
 -1.7619121926016820E-01 a       568     0    29     1     8
 -1.3413897330392242E-02 a       569     0    29     1     9
  1.8057960387468816E-01 a       570     0    29     1    10
 -2.6157601493948489E-04 a       571     0    29     1    11
 -2.1943526817407527E-01 a       572     0    29     1    12
 -1.4979198521048545E-01 a       573     0    29     1    13
 -2.8574033251155240E-01 a       574     0    29     1    14
  2.9340584494365435E-01 a       575     0    29     1    15
  2.4234165463470334E-01 a       576     0    29     1    16
  1.5086002811396634E-01 a       577     0    29     1    17
  4.8664589983871265E-01 a       578     0    29     1    18
  2.0463173864399400E-01 a       579     0    29     1    19
 -3.2337246085705212E-01 a       580     0    29     1    20
  2.4080728194941667E-01 a       581     0    30     1     1
  1.4396596783365401E-01 a       582     0    30     1     2
 -1.0586040470529119E-01 a       583     0    30     1     3
  3.0722092147332825E-01 a       584     0    30     1     4
 -2.8088944338514277E-01 a       585     0    30     1     5
 -1.7495819654807232E-01 a       586     0    30     1     6
  1.2264744791799830E-01 a       587     0    30     1     7
  6.2441991852335599E-01 a       588     0    30     1     8
 -1.0203077553939205E-01 a       589     0    30     1     9
 -3.2893731887907790E-01 a       590     0    30     1    10
 -7.9578979325116872E-02 a       591     0    30     1    11
 -1.1770269450303472E-01 a       592     0    30     1    12
  4.1661278709256760E-02 a       593     0    30     1    13
  1.4591471567135436E-01 a       594     0    30     1    14
  5.8254692464342617E-02 a       595     0    30     1    15
 -2.1876340651058887E-01 a       596     0    30     1    16
  4.7902163924577343E-02 a       597     0    30     1    17
  1.7294184658596029E-01 a       598     0    30     1    18
 -1.9886924715557766E-01 a       599     0    30     1    19
  1.2220850915247312E-01 a       600     0    30     1    20
  3.0338526058197557E-01 a       601     0    31     1     1
  3.1318876425112552E-01 a       602     0    31     1     2
  9.3251684101495716E-02 a       603     0    31     1     3
  1.7112068148817514E-01 a       604     0    31     1     4
  4.0197844653668335E-01 a       605     0    31     1     5
  7.1778142705366277E-01 a       606     0    31     1     6
  3.4256168235764733E-01 a       607     0    31     1     7
  4.8755815406232428E-01 a       608     0    31     1     8
  4.3755810162333603E-01 a       609     0    31     1     9
 -5.0873938881662228E-01 a       610     0    31     1    10
  1.4285114943775012E-01 a       611     0    31     1    11
 -4.4393692554011092E-02 a       612     0    31     1    12
  1.9534146207761085E-02 a       613     0    31     1    13
 -2.5996260258101350E-01 a       614     0    31     1    14
  1.8965939863465980E-01 a       615     0    31     1    15
  2.5423821962655535E-01 a       616     0    31     1    16
  7.5835554468681843E-01 a       617     0    31     1    17
  2.6687450456909173E-01 a       618     0    31     1    18
  3.3126025360421590E-01 a       619     0    31     1    19
 -2.8958282398729368E-01 a       620     0    31     1    20
 -2.4962752876523150E-01 a       621     0    32     1     1
  8.1470325449597512E-03 a       622     0    32     1     2
  7.0696086637302480E-01 a       623     0    32     1     3
 -4.1688991292902605E-01 a       624     0    32     1     4
 -2.1416821565128852E-01 a       625     0    32     1     5
 -5.4808319164275265E-01 a       626     0    32     1     6
 -2.6956300239838243E-01 a       627     0    32     1     7
 -3.8357947629945610E-01 a       628     0    32     1     8
  4.4857027211997171E-02 a       629     0    32     1     9
  1.4006687209378124E-01 a       630     0    32     1    10
 -4.2621487754558091E-01 a       631     0    32     1    11
  6.4034172978978454E-02 a       632     0    32     1    12
 -6.2523986298114131E-01 a       633     0    32     1    13
  1.9577373490975788E-01 a       634     0    32     1    14
 -4.5994109013588480E-01 a       635     0    32     1    15
 -2.1896968114707510E-02 a       636     0    32     1    16
 -1.4472546525125199E-01 a       637     0    32     1    17
  1.7992396374246994E-01 a       638     0    32     1    18
 -2.1922408824532674E-01 a       639     0    32     1    19
  5.1399160349311489E-02 a       640     0    32     1    20
  3.4375742873258713E-01 a       641     0    33     1     1
 -3.1100699417852368E-01 a       642     0    33     1     2
  2.1589899716662259E-01 a       643     0    33     1     3
  2.2433842490910566E-01 a       644     0    33     1     4
  7.9065648089504587E-02 a       645     0    33     1     5
  1.7199935641103289E-01 a       646     0    33     1     6
 -1.3372554131092856E-01 a       647     0    33     1     7
 -3.9275552709395811E-01 a       648     0    33     1     8
 -1.6221800808032674E-01 a       649     0    33     1     9
 -1.3662720331354228E-01 a       650     0    33     1    10
 -2.4824314960526286E-01 a       651     0    33     1    11
 -1.7885808791726324E-01 a       652     0    33     1    12
  5.8185478690523684E-01 a       653     0    33     1    13
 -2.2444307284114773E-01 a       654     0    33     1    14
 -1.6374707917034306E-01 a       655     0    33     1    15
  4.1124627380454304E-01 a       656     0    33     1    16
  2.4785933477611688E-01 a       657     0    33     1    17
  3.7159556110450986E-01 a       658     0    33     1    18
 -6.8861912205170295E-02 a       659     0    33     1    19
 -1.0621884218847588E-01 a       660     0    33     1    20
 -9.0452082183790611E-02 a       661     0    34     1     1
 -7.6022313710827794E-01 a       662     0    34     1     2
 -4.8495523312132904E-01 a       663     0    34     1     3
  5.2960112464523458E-02 a       664     0    34     1     4
 -4.1792125180004341E-01 a       665     0    34     1     5
 -1.3335890172758688E-01 a       666     0    34     1     6
  1.3325967801000441E-01 a       667     0    34     1     7
  3.4049080921762392E-01 a       668     0    34     1     8
 -2.0589970795084830E-01 a       669     0    34     1     9
  6.2548572094217114E-01 a       670     0    34     1    10
  2.2882361661010797E-01 a       671     0    34     1    11
  2.0834169042819968E-03 a       672     0    34     1    12
  1.5664499942027441E-01 a       673     0    34     1    13
 -1.6833660557750699E-01 a       674     0    34     1    14
  7.5813371595604939E-01 a       675     0    34     1    15
 -1.8866763591037336E-01 a       676     0    34     1    16
  6.1624821714898297E-02 a       677     0    34     1    17
 -7.1031692433187321E-01 a       678     0    34     1    18
 -1.9418551522123378E-01 a       679     0    34     1    19
  9.6869089466941161E-01 a       680     0    34     1    20
  1.5115691842223203E-01 a       681     0    35     1     1
  6.7140453636517480E-02 a       682     0    35     1     2
  3.6940744757914597E-02 a       683     0    35     1     3
 -9.5399774403427473E-01 a       684     0    35     1     4
 -1.7951707770958239E-01 a       685     0    35     1     5
 -1.2615920560180387E+00 a       686     0    35     1     6
  9.0307765890926395E-01 a       687     0    35     1     7
 -3.6568093393091411E-01 a       688     0    35     1     8
  6.5384472768027935E-01 a       689     0    35     1     9
 -2.7706865700345312E-01 a       690     0    35     1    10
 -1.2974248516030343E-01 a       691     0    35     1    11
  1.1802435486969418E+00 a       692     0    35     1    12
 -4.7246777625800634E-01 a       693     0    35     1    13
  5.9907252783209086E-01 a       694     0    35     1    14
  1.6244657780089858E-01 a       695     0    35     1    15
  2.2810267430416897E-01 a       696     0    35     1    16
 -7.4032655000917824E-01 a       697     0    35     1    17
 -1.8994802559522411E-01 a       698     0    35     1    18
 -6.2838104838497422E-01 a       699     0    35     1    19
  8.4515470166124451E-01 a       700     0    35     1    20
  8.3576372354599426E-01 a       701     0    36     1     1
 -9.8586126101169423E-03 a       702     0    36     1     2
  6.4740955558073821E-01 a       703     0    36     1     3
 -5.7169849685471741E-01 a       704     0    36     1     4
  5.5546627821838124E-01 a       705     0    36     1     5
  5.9780145175104982E-01 a       706     0    36     1     6
 -3.9845510498384024E-01 a       707     0    36     1     7
  4.7302853222713820E-01 a       708     0    36     1     8
 -8.2694691786723992E-02 a       709     0    36     1     9
 -2.6953833389455711E-02 a       710     0    36     1    10
  3.3429892800409461E-01 a       711     0    36     1    11
 -2.3402437361087762E-02 a       712     0    36     1    12
  7.3833955751589442E-01 a       713     0    36     1    13
  1.6489913793056526E-01 a       714     0    36     1    14
 -2.9122096079664256E-01 a       715     0    36     1    15
 -2.3746950230406069E-01 a       716     0    36     1    16
 -3.2184242388256490E-01 a       717     0    36     1    17
  2.5064417696264968E-01 a       718     0    36     1    18
  1.5692065797377561E-02 a       719     0    36     1    19
 -4.4301452999293078E-01 a       720     0    36     1    20
  4.4164558243243966E-02 a       721     0    37     1     1
  3.6221066691328879E-01 a       722     0    37     1     2
  3.0405491407077401E-01 a       723     0    37     1     3
  4.8328607532953216E-01 a       724     0    37     1     4
 -3.1071873400893213E-01 a       725     0    37     1     5
 -6.8619075888858161E-01 a       726     0    37     1     6
 -2.2519688888399308E-02 a       727     0    37     1     7
 -1.4867604244706681E-01 a       728     0    37     1     8
 -6.5529204756752765E-02 a       729     0    37     1     9
  2.3592366684765015E-01 a       730     0    37     1    10
  6.9834774202591349E-02 a       731     0    37     1    11
  2.4766681700705656E-01 a       732     0    37     1    12
 -5.6673010706629934E-01 a       733     0    37     1    13
  4.1521989554149646E-01 a       734     0    37     1    14
  4.5772251477623044E-01 a       735     0    37     1    15
  7.1096350254462981E-02 a       736     0    37     1    16
  9.7101150826547633E-02 a       737     0    37     1    17
 -8.6479584386529607E-01 a       738     0    37     1    18
 -3.2130260838714314E-01 a       739     0    37     1    19
  3.4713762786029070E-02 a       740     0    37     1    20
  1.7907438012890514E-01 a       741     0    38     1     1
 -5.2905128207007393E-02 a       742     0    38     1     2
 -4.5119751537633634E-01 a       743     0    38     1     3
 -7.7954174983302671E-01 a       744     0    38     1     4
  6.3692791164740981E-01 a       745     0    38     1     5
  4.9292962619355035E-01 a       746     0    38     1     6
  1.1427149364381741E+00 a       747     0    38     1     7
  6.2766160558752471E-01 a       748     0    38     1     8
 -5.0211756679687924E-01 a       749     0    38     1     9
 -5.4740638693125676E-02 a       750     0    38     1    10
  2.6897979269845346E-01 a       751     0    38     1    11
 -4.8791765437189147E-02 a       752     0    38     1    12
  5.7905943806132298E-01 a       753     0    38     1    13
  3.0136530022385710E-01 a       754     0    38     1    14
 -2.8265357909376343E-02 a       755     0    38     1    15
 -3.7905766538735386E-01 a       756     0    38     1    16
  7.5451393781101328E-01 a       757     0    38     1    17
  1.4455130749649739E-01 a       758     0    38     1    18
  2.5552889054873070E-02 a       759     0    38     1    19
 -8.7477590256126198E-02 a       760     0    38     1    20
  2.2905026812436936E-02 a       761     0    39     1     1
  4.9406416396147712E-01 a       762     0    39     1     2
 -9.5885407831569680E-02 a       763     0    39     1     3
  1.2536306082703294E-01 a       764     0    39     1     4
 -1.3707599925924580E-01 a       765     0    39     1     5
 -9.5372391424789232E-02 a       766     0    39     1     6
 -3.8596659098220615E-01 a       767     0    39     1     7
 -2.1725941120396629E-02 a       768     0    39     1     8
  1.9250096611311784E-01 a       769     0    39     1     9
 -1.0758338520921121E-01 a       770     0    39     1    10
  1.9872037851487154E-01 a       771     0    39     1    11
  2.3060076875870905E-01 a       772     0    39     1    12
 -7.6822827403962934E-01 a       773     0    39     1    13
  4.7841088016367334E-01 a       774     0    39     1    14
  3.6972564307647865E-01 a       775     0    39     1    15
 -1.6349503444775440E-01 a       776     0    39     1    16
  1.5757784365270008E-01 a       777     0    39     1    17
 -3.9514723070415175E-02 a       778     0    39     1    18
 -1.7353912499228874E-01 a       779     0    39     1    19
  2.0857606635491588E-01 a       780     0    39     1    20
 -3.1644044316112990E-01 a       781     0    40     1     1
  7.9039916328727755E-01 a       782     0    40     1     2
  9.9014920443519816E-01 a       783     0    40     1     3
  4.3938800649883814E-01 a       784     0    40     1     4
 -1.6264084122440980E-01 a       785     0    40     1     5
  7.2275964114649993E-01 a       786     0    40     1     6
 -4.3385636764835722E-01 a       787     0    40     1     7
  1.3921859511791224E-01 a       788     0    40     1     8
  3.8633219706106470E-01 a       789     0    40     1     9
 -6.6045733732121892E-01 a       790     0    40     1    10
  1.6000134468199054E-01 a       791     0    40     1    11
 -1.6676097591677466E-01 a       792     0    40     1    12
 -2.4562216403563455E-01 a       793     0    40     1    13
 -1.5562564646401714E-01 a       794     0    40     1    14
  4.6184795442798306E-02 a       795     0    40     1    15
  3.7188500864440827E-01 a       796     0    40     1    16
 -4.8165336149033422E-01 a       797     0    40     1    17
  3.6402728422380970E-01 a       798     0    40     1    18
  4.3549541590341290E-01 a       799     0    40     1    19
 -1.2105016860700930E+00 a       800     0    40     1    20
  3.0655419167512088E-01 a       801     0    41     1     1
 -4.8304128090746695E-01 a       802     0    41     1     2
  2.1355579789514739E-01 a       803     0    41     1     3
  3.9123169215187120E-01 a       804     0    41     1     4
  4.0467884328437803E-01 a       805     0    41     1     5
  4.3271092589715571E-01 a       806     0    41     1     6
 -6.8104462517423275E-02 a       807     0    41     1     7
 -2.3636349367313145E-01 a       808     0    41     1     8
 -1.3140468059454351E+00 a       809     0    41     1     9
  1.0206884616078129E+00 a       810     0    41     1    10
 -4.8675191752854080E-01 a       811     0    41     1    11
 -1.0897111245442299E+00 a       812     0    41     1    12
  8.3601728104174308E-02 a       813     0    41     1    13
 -4.1999067943708190E-01 a       814     0    41     1    14
 -6.7552759670586537E-01 a       815     0    41     1    15
 -1.4048835624956020E+00 a       816     0    41     1    16
  2.9942939320101458E-01 a       817     0    41     1    17
  5.8383078998124072E-01 a       818     0    41     1    18
  1.5903530782454361E-01 a       819     0    41     1    19
 -1.4965664084394128E+00 a       820     0    41     1    20
 -4.9770985974344845E-01 a       821     0    42     1     1
  7.7935347634059104E-01 a       822     0    42     1     2
  6.3157255701375165E-03 a       823     0    42     1     3
  1.5733153494400423E+00 a       824     0    42     1     4
 -3.2302105330521058E-01 a       825     0    42     1     5
 -5.9276021451424210E-01 a       826     0    42     1     6
  3.0570328388483475E-02 a       827     0    42     1     7
 -2.9496206511201351E-01 a       828     0    42     1     8
 -7.1346808526626324E-02 a       829     0    42     1     9
  3.3261110594217580E-01 a       830     0    42     1    10
 -8.3152383516068185E-02 a       831     0    42     1    11
 -9.4230556193761042E-02 a       832     0    42     1    12
 -4.6108669588813306E-01 a       833     0    42     1    13
 -6.2137718224086458E-01 a       834     0    42     1    14
  6.7782321174904836E-01 a       835     0    42     1    15
  4.5002710019577241E-01 a       836     0    42     1    16
  6.8666488244803092E-01 a       837     0    42     1    17
 -7.1552470516707012E-01 a       838     0    42     1    18
  1.7484617204869757E-01 a       839     0    42     1    19
  3.3552458937437368E-01 a       840     0    42     1    20
  2.1284727754036920E-01 a       841     0    43     1     1
 -2.9787345515088905E-02 a       842     0    43     1     2
 -3.7320767263931320E-01 a       843     0    43     1     3
 -6.8978534399838060E-02 a       844     0    43     1     4
 -9.1626894079440177E-02 a       845     0    43     1     5
 -2.5494915932958195E-01 a       846     0    43     1     6
 -6.4195537452918161E-01 a       847     0    43     1     7
  2.2818448545099521E-01 a       848     0    43     1     8
  2.0801874462817695E-02 a       849     0    43     1     9
  1.4561467063290587E-01 a       850     0    43     1    10
 -4.8591510501030340E-02 a       851     0    43     1    11
  2.7031476272784782E-01 a       852     0    43     1    12
  3.5095723048817101E-01 a       853     0    43     1    13
 -6.0450300721824647E-02 a       854     0    43     1    14
  2.6002955728279004E-01 a       855     0    43     1    15
  1.5314066806015281E-01 a       856     0    43     1    16
 -1.3159980413415004E-01 a       857     0    43     1    17
  1.1600388610230333E-01 a       858     0    43     1    18
  3.1576919954973670E-01 a       859     0    43     1    19
 -2.6680508490375043E-01 a       860     0    43     1    20
 -1.4427072494841417E-01 a       861     0    44     1     1
 -2.8469757694092729E-01 a       862     0    44     1     2
  5.2823969480176071E-02 a       863     0    44     1     3
  1.8110575755277109E-01 a       864     0    44     1     4
  1.2731791590216063E-01 a       865     0    44     1     5
  2.7515388088375103E-01 a       866     0    44     1     6
  5.4101308894163669E-01 a       867     0    44     1     7
 -5.3557063496290136E-02 a       868     0    44     1     8
 -1.1202595323840203E-01 a       869     0    44     1     9
 -1.7742992106045066E-01 a       870     0    44     1    10
  1.3958229060931290E-01 a       871     0    44     1    11
 -2.4315475332299091E-01 a       872     0    44     1    12
 -1.9581853115108008E-01 a       873     0    44     1    13
  1.3550932318978196E-01 a       874     0    44     1    14
  1.5104370026720523E-01 a       875     0    44     1    15
 -2.0079748313588375E-01 a       876     0    44     1    16
 -6.8324325894904891E-02 a       877     0    44     1    17
 -1.8911593721049616E-01 a       878     0    44     1    18
 -2.3206929324021355E-01 a       879     0    44     1    19
  3.7668420000376168E-01 a       880     0    44     1    20
 -2.7690062109600195E-02 a       881     0    45     1     1
  1.8064344827569265E-01 a       882     0    45     1     2
  5.2111691408120209E-01 a       883     0    45     1     3
 -1.8118239880992562E-01 a       884     0    45     1     4
 -1.6456894471839076E-01 a       885     0    45     1     5
 -1.9861313880774074E-03 a       886     0    45     1     6
 -2.3482024555328759E-03 a       887     0    45     1     7
  3.3302008676806488E-01 a       888     0    45     1     8
  1.5146091113918655E-01 a       889     0    45     1     9
  1.9106531370664642E-01 a       890     0    45     1    10
 -5.2849667590967722E-02 a       891     0    45     1    11
 -1.1923803086970231E-01 a       892     0    45     1    12
 -2.4981117370595959E-01 a       893     0    45     1    13
  9.9538931683935628E-02 a       894     0    45     1    14
  5.9913995633412945E-02 a       895     0    45     1    15
  6.8377963188548357E-02 a       896     0    45     1    16
 -6.6799840221243204E-02 a       897     0    45     1    17
 -3.0279544884828519E-01 a       898     0    45     1    18
 -2.8902071967743411E-02 a       899     0    45     1    19
 -6.6954737178576751E-02 a       900     0    45     1    20
  8.8279997525727485E-03 a       901     0    46     1     1
  3.8882876765370911E-01 a       902     0    46     1     2
  1.6243138291145716E-02 a       903     0    46     1     3
  2.0467757594126640E-01 a       904     0    46     1     4
  5.8575968168601125E-02 a       905     0    46     1     5
 -1.3400496047805746E-01 a       906     0    46     1     6
  1.5369517013342649E-02 a       907     0    46     1     7
 -5.9569997921116016E-02 a       908     0    46     1     8
  1.0786420317914878E-01 a       909     0    46     1     9
  1.0284653921026213E-01 a       910     0    46     1    10
 -2.6566579071948093E-02 a       911     0    46     1    11
 -2.5862902455585052E-01 a       912     0    46     1    12
  2.1303398128025200E-01 a       913     0    46     1    13
  3.8446102646559635E-02 a       914     0    46     1    14
 -8.5148518816460281E-02 a       915     0    46     1    15
 -7.3428591345586186E-02 a       916     0    46     1    16
 -7.3059417142462613E-02 a       917     0    46     1    17
 -5.5459554137640910E-01 a       918     0    46     1    18
 -1.6552648157176948E-02 a       919     0    46     1    19
 -1.9670714332164782E-01 a       920     0    46     1    20
 -3.6444526712766917E-01 a       921     0    47     1     1
 -4.6842296495188868E-01 a       922     0    47     1     2
  5.7893955130599484E-01 a       923     0    47     1     3
 -4.0276878171917729E-01 a       924     0    47     1     4
 -3.6717632864107519E-01 a       925     0    47     1     5
  3.5831038332505005E-01 a       926     0    47     1     6
  4.5429272494757905E-01 a       927     0    47     1     7
 -5.2743537741624835E-01 a       928     0    47     1     8
 -2.5462220401651936E-01 a       929     0    47     1     9
 -4.8104474978536517E-02 a       930     0    47     1    10
  1.0644277672641324E-01 a       931     0    47     1    11
 -2.3420402658784456E-01 a       932     0    47     1    12
 -1.8884179191552045E-01 a       933     0    47     1    13
  1.2557653524253445E-01 a       934     0    47     1    14
 -6.3694342096225920E-01 a       935     0    47     1    15
 -1.9604423952299266E-01 a       936     0    47     1    16
  6.8636460603912541E-01 a       937     0    47     1    17
  2.3429521115742241E-01 a       938     0    47     1    18
  4.0852195827634463E-01 a       939     0    47     1    19
  2.4677703290355052E-01 a       940     0    47     1    20
 -6.9528843497146817E-02 a       941     0    48     1     1
  2.5940046315108423E-02 a       942     0    48     1     2
  9.5542977569810894E-02 a       943     0    48     1     3
 -4.5811336703211175E-01 a       944     0    48     1     4
 -4.4257935097663979E-02 a       945     0    48     1     5
 -3.3571077476826548E-02 a       946     0    48     1     6
  2.7028460464374010E-01 a       947     0    48     1     7
  1.2001012094853462E-01 a       948     0    48     1     8
 -1.0415901132397819E-01 a       949     0    48     1     9
 -4.9212550270507381E-02 a       950     0    48     1    10
 -2.9358425327455817E-01 a       951     0    48     1    11
 -6.7401770360088209E-02 a       952     0    48     1    12
 -4.3121719468651459E-01 a       953     0    48     1    13
 -7.7803046455980973E-01 a       954     0    48     1    14
  1.3254393241115028E-01 a       955     0    48     1    15
  6.9677408945466146E-01 a       956     0    48     1    16
  9.4110322923711587E-01 a       957     0    48     1    17
  5.1575501555710712E-01 a       958     0    48     1    18
 -6.5125772821197769E-01 a       959     0    48     1    19
  1.0873477134641660E-01 a       960     0    48     1    20
 -3.0399836017615756E-01 a       961     0    49     1     1
 -4.1464588585806988E-01 a       962     0    49     1     2
  1.6310786951002521E-02 a       963     0    49     1     3
 -5.4626462549886412E-01 a       964     0    49     1     4
  8.6431228492625217E-02 a       965     0    49     1     5
 -7.7217917567061513E-03 a       966     0    49     1     6
 -2.1413988818705820E-01 a       967     0    49     1     7
 -1.3840804120705219E-01 a       968     0    49     1     8
  1.4767987028403282E-01 a       969     0    49     1     9
  7.9714105897902926E-02 a       970     0    49     1    10
  1.0742401008595935E-01 a       971     0    49     1    11
 -1.4531050829945158E-01 a       972     0    49     1    12
  1.1572807573452292E-02 a       973     0    49     1    13
 -1.8259964224889869E-01 a       974     0    49     1    14
 -6.3800074591369105E-02 a       975     0    49     1    15
  4.6174382294927874E-01 a       976     0    49     1    16
 -1.9230326592630326E-01 a       977     0    49     1    17
  2.5896403849632715E-01 a       978     0    49     1    18
  1.4504249501462707E-01 a       979     0    49     1    19
 -4.8582007279553509E-02 a       980     0    49     1    20
  2.5209647351872244E-01 a       981     0    50     1     1
 -5.2696513266668826E-02 a       982     0    50     1     2
 -8.8371034188832312E-02 a       983     0    50     1     3
 -1.7966084733401333E-01 a       984     0    50     1     4
 -1.3156818358570396E-01 a       985     0    50     1     5
  1.3782639387292930E-01 a       986     0    50     1     6
  1.2317976197389441E-01 a       987     0    50     1     7
 -2.3574208600440325E-01 a       988     0    50     1     8
  2.8135952482747473E-01 a       989     0    50     1     9
  5.4481941290235669E-01 a       990     0    50     1    10
 -8.6472863758442597E-01 a       991     0    50     1    11
  9.4945597710436347E-01 a       992     0    50     1    12
 -2.0606921529426600E-01 a       993     0    50     1    13
 -1.5586307610958622E-01 a       994     0    50     1    14
  3.1012623453058552E-02 a       995     0    50     1    15
 -1.3367342537890581E-01 a       996     0    50     1    16
 -3.1195207014868448E-01 a       997     0    50     1    17
  1.2728089658270561E-01 a       998     0    50     1    18
  1.0322965782229716E-01 a       999     0    50     1    19
 -6.3429203681490498E-01 a      1000     0    50     1    20
 -2.9846989510338595E-02 a      1001     0    51     1     1
 -7.1044987736595136E-02 a      1002     0    51     1     2
 -3.1535720045210887E-02 a      1003     0    51     1     3
  1.3131534091673505E-01 a      1004     0    51     1     4
  1.9904900674626521E-02 a      1005     0    51     1     5
  2.7703087709532652E-03 a      1006     0    51     1     6
  1.5245620708554672E-01 a      1007     0    51     1     7
  8.1396137512598499E-02 a      1008     0    51     1     8
 -7.9379141435111586E-02 a      1009     0    51     1     9
 -3.6238843302771925E-02 a      1010     0    51     1    10
 -8.1410349257543854E-02 a      1011     0    51     1    11
  7.7795297047364284E-03 a      1012     0    51     1    12
  1.7603038467841028E-01 a      1013     0    51     1    13
 -2.8603528109531867E-01 a      1014     0    51     1    14
  4.0420131522736776E-02 a      1015     0    51     1    15
  1.1296714616394603E-01 a      1016     0    51     1    16
 -6.1843824565336013E-02 a      1017     0    51     1    17
  1.2952842157520542E-01 a      1018     0    51     1    18
 -1.9362718770580524E-02 a      1019     0    51     1    19
 -9.4094237240357953E-02 a      1020     0    51     1    20
  2.2006131229297324E-01 a      1021     0    52     1     1
  1.5913910888762969E-01 a      1022     0    52     1     2
 -9.9069987525194259E-01 a      1023     0    52     1     3
  2.8748380941467039E-01 a      1024     0    52     1     4
  4.6559636272843385E-01 a      1025     0    52     1     5
 -4.2336632620304898E-01 a      1026     0    52     1     6
 -2.9675464149933556E-01 a      1027     0    52     1     7
 -1.4560963211644018E-01 a      1028     0    52     1     8
 -4.7729899225873240E-01 a      1029     0    52     1     9
  1.2202034758067636E-01 a      1030     0    52     1    10
  6.1589178160097027E-02 a      1031     0    52     1    11
  2.4895023034014110E-01 a      1032     0    52     1    12
 -1.4940339372848300E-02 a      1033     0    52     1    13
  1.1218474513557645E-02 a      1034     0    52     1    14
  1.1811656541260977E-01 a      1035     0    52     1    15
 -1.3390466021638878E-01 a      1036     0    52     1    16
  8.7931699857381573E-01 a      1037     0    52     1    17
 -3.6125328612047536E-01 a      1038     0    52     1    18
 -1.2274570280271709E-01 a      1039     0    52     1    19
  3.1902162781318855E-01 a      1040     0    52     1    20
 -3.3321762299260940E-02 a      1041     0    53     1     1
  1.9179206639286481E-01 a      1042     0    53     1     2
  4.4674286656715473E-01 a      1043     0    53     1     3
 -2.3994095751981051E-01 a      1044     0    53     1     4
 -1.8025325331546943E-01 a      1045     0    53     1     5
 -1.8257437745206231E-02 a      1046     0    53     1     6
 -3.3543575519953051E-01 a      1047     0    53     1     7
  3.5391934386266322E-01 a      1048     0    53     1     8
  1.9519136790562746E+00 a      1049     0    53     1     9
  1.8522845159954546E-01 a      1050     0    53     1    10
 -1.9678809168191980E-01 a      1051     0    53     1    11
 -1.3724872954939657E-01 a      1052     0    53     1    12
  2.5284948128586926E-01 a      1053     0    53     1    13
  8.0986634982340677E-01 a      1054     0    53     1    14
 -1.2765942581659262E+00 a      1055     0    53     1    15
 -5.3640643658308351E-01 a      1056     0    53     1    16
  7.3477693158095148E-01 a      1057     0    53     1    17
 -2.3599394961928222E-01 a      1058     0    53     1    18
  2.6084668648291359E-01 a      1059     0    53     1    19
  3.1334898491225310E-01 a      1060     0    53     1    20
  3.2885449243326348E-01 a      1061     0    54     1     1
  2.5468356236516554E-01 a      1062     0    54     1     2
 -2.7029945828381080E-01 a      1063     0    54     1     3
 -5.0835834403787161E-01 a      1064     0    54     1     4
  1.2195254736299348E-01 a      1065     0    54     1     5
  1.7993886329198694E-01 a      1066     0    54     1     6
 -7.0173239535271853E-02 a      1067     0    54     1     7
  2.8722282423738837E-01 a      1068     0    54     1     8
 -3.0147594332082633E-01 a      1069     0    54     1     9
 -2.8458977331606577E-01 a      1070     0    54     1    10
 -1.2818940781196075E-01 a      1071     0    54     1    11
  3.1609366831403879E-01 a      1072     0    54     1    12
 -1.4913166059831240E-01 a      1073     0    54     1    13
  3.0697215512817844E-01 a      1074     0    54     1    14
  4.8072251340130984E-01 a      1075     0    54     1    15
 -7.0995840353845997E-03 a      1076     0    54     1    16
 -6.1715394534841939E-01 a      1077     0    54     1    17
  3.4780187039286165E-01 a      1078     0    54     1    18
 -2.3692740753059205E-01 a      1079     0    54     1    19
  6.1086477467186387E-02 a      1080     0    54     1    20
 -2.8984242366111318E-01 b      1081     1     1
 -7.8493854862123780E-01 b      1082     1     2
 -1.4884515109478922E+00 b      1083     1     3
  1.1198826817625340E+00 b      1084     1     4
 -1.3521170969292768E+00 b      1085     1     5
 -1.2458735068451421E+00 b      1086     1     6
 -1.1695034339430113E+00 b      1087     1     7
 -1.3001883739281241E+00 b      1088     1     8
 -4.8448792895750048E-01 b      1089     1     9
 -3.4949581409354433E-02 b      1090     1    10
  8.8792016051932132E-01 b      1091     1    11
  1.0221503844523991E+00 b      1092     1    12
  7.4592781402518282E-01 b      1093     1    13
 -1.2498734373618628E-01 b      1094     1    14
  9.6999725505600842E-01 b      1095     1    15
  1.8092668248404636E-02 b      1096     1    16
  8.9712814416846498E-01 b      1097     1    17
 -7.2824861312612441E-02 b      1098     1    18
  6.0230501232390765E-01 b      1099     1    19
 -1.6742932321171906E+00 b      1100     1    20
 -6.3656817678460920E-01 a      1101     1     1     2     1
  4.3323671743602660E-01 a      1102     1     1     2     2
 -7.6187600021455892E-01 a      1103     1     1     2     3
 -2.4806631037931853E-01 a      1104     1     1     2     4
  6.3284809793129215E-01 a      1105     1     1     2     5
 -5.4525524744544662E-01 a      1106     1     1     2     6
  6.7143678278817454E-01 a      1107     1     1     2     7
  2.2880954696759712E-01 a      1108     1     1     2     8
 -2.1544869758638557E-01 a      1109     1     1     2     9
  5.2228041197679032E-01 a      1110     1     1     2    10
 -4.9422854452927584E-01 a      1111     1     1     2    11
  4.8862944244351869E-01 a      1112     1     1     2    12
  4.4254932395974431E-02 a      1113     1     1     2    13
 -2.6056882807579851E-01 a      1114     1     1     2    14
 -1.5506044435173030E-01 a      1115     1     1     2    15
 -1.0772751122588561E-01 a      1116     1     1     2    16
 -1.5024733988949209E-02 a      1117     1     1     2    17
  3.2045388528888086E-01 a      1118     1     1     2    18
  9.0222001538479180E-01 a      1119     1     1     2    19
  6.0915037139107397E-01 a      1120     1     1     2    20
  7.8372014487699759E-01 a      1121     1     2     2     1
 -9.4939343403648069E-01 a      1122     1     2     2     2
  1.7259114214996102E-01 a      1123     1     2     2     3
 -1.8680741720416902E-01 a      1124     1     2     2     4
  1.2676394237830357E-01 a      1125     1     2     2     5
 -1.1328923211790347E-02 a      1126     1     2     2     6
 -3.6208765314346913E-01 a      1127     1     2     2     7
 -8.3886039264231460E-01 a      1128     1     2     2     8
 -1.4650524516610067E-01 a      1129     1     2     2     9
 -8.5181870736383974E-02 a      1130     1     2     2    10
  1.1654266850141384E-02 a      1131     1     2     2    11
 -4.4093957283077201E-01 a      1132     1     2     2    12
  1.0788737861311339E-01 a      1133     1     2     2    13
 -2.2775261268156294E-01 a      1134     1     2     2    14
  8.5832787064366811E-01 a      1135     1     2     2    15
  4.0908731444156271E-01 a      1136     1     2     2    16
  1.4887843937212258E-01 a      1137     1     2     2    17
  6.2744808541508068E-01 a      1138     1     2     2    18
  3.9008084142022975E-01 a      1139     1     2     2    19
 -3.6732946516926779E-01 a      1140     1     2     2    20
 -3.0802717342172475E-01 a      1141     1     3     2     1
 -1.0889821117777096E+00 a      1142     1     3     2     2
  2.8067764133269713E-01 a      1143     1     3     2     3
 -5.4676216585062809E-01 a      1144     1     3     2     4
  1.0173624224798587E-01 a      1145     1     3     2     5
 -6.4928726401577500E-02 a      1146     1     3     2     6
 -2.8090027345000279E-01 a      1147     1     3     2     7
  1.3113971663188329E-02 a      1148     1     3     2     8
 -8.9063635200738556E-01 a      1149     1     3     2     9
 -6.2859657675294733E-01 a      1150     1     3     2    10
  3.0295527580194731E-01 a      1151     1     3     2    11
  1.7427136516613534E-01 a      1152     1     3     2    12
 -8.2911988316301644E-01 a      1153     1     3     2    13
 -4.5562936173369717E-01 a      1154     1     3     2    14
 -4.7587813288111763E-01 a      1155     1     3     2    15
  8.8355081311671224E-01 a      1156     1     3     2    16
  3.9788312027229639E-01 a      1157     1     3     2    17
 -1.4745805145774668E-01 a      1158     1     3     2    18
  6.2172371355090017E-01 a      1159     1     3     2    19
 -1.2729769911257890E-01 a      1160     1     3     2    20
  4.7384838407137536E-01 a      1161     1     4     2     1
  8.4202725086747343E-01 a      1162     1     4     2     2
 -1.8450475523359475E-01 a      1163     1     4     2     3
 -4.3544073253927984E-01 a      1164     1     4     2     4
  1.0435703962659441E-02 a      1165     1     4     2     5
 -3.9290811985657578E-02 a      1166     1     4     2     6
  2.6215435679453586E-01 a      1167     1     4     2     7
 -7.3940339639403618E-01 a      1168     1     4     2     8
  9.8391909611385109E-01 a      1169     1     4     2     9
  1.8997494688706712E-01 a      1170     1     4     2    10
  1.0844145932223130E-02 a      1171     1     4     2    11
 -4.8907449332215919E-01 a      1172     1     4     2    12
 -4.6539864285627741E-01 a      1173     1     4     2    13
  6.2402551825115997E-02 a      1174     1     4     2    14
 -3.6002635392734475E-02 a      1175     1     4     2    15
  1.4178334458557876E-01 a      1176     1     4     2    16
 -4.1198717456576639E-01 a      1177     1     4     2    17
 -4.5686730720822422E-01 a      1178     1     4     2    18
  7.2108802181123866E-02 a      1179     1     4     2    19
  3.1745021343516450E-01 a      1180     1     4     2    20
 -3.4941711012817894E-01 a      1181     1     5     2     1
  9.3629590452368372E-01 a      1182     1     5     2     2
 -1.0365572442541983E-01 a      1183     1     5     2     3
 -4.0834226442993588E-01 a      1184     1     5     2     4
 -3.2124990054553165E-01 a      1185     1     5     2     5
  4.7567282525718936E-02 a      1186     1     5     2     6
  7.5554555952940816E-01 a      1187     1     5     2     7
 -6.1154564987033500E-01 a      1188     1     5     2     8
  3.2460679833798756E-01 a      1189     1     5     2     9
  4.3975095471576303E-01 a      1190     1     5     2    10
 -6.2264730747787111E-01 a      1191     1     5     2    11
  6.2017479262068231E-01 a      1192     1     5     2    12
  4.0271905097358873E-01 a      1193     1     5     2    13
  5.9113427723571332E-01 a      1194     1     5     2    14
 -1.0132118552400141E-01 a      1195     1     5     2    15
 -5.5279238296078304E-01 a      1196     1     5     2    16
 -4.8844661155822089E-01 a      1197     1     5     2    17
 -5.8562150867022011E-01 a      1198     1     5     2    18
  3.2592775127918746E-03 a      1199     1     5     2    19
 -1.0001490593981588E+00 a      1200     1     5     2    20
  8.4330461510833166E-01 a      1201     1     6     2     1
 -3.4216465098578225E-01 a      1202     1     6     2     2
 -1.0206631229223534E-01 a      1203     1     6     2     3
  3.1964274798485937E-01 a      1204     1     6     2     4
  1.0551597403278677E-01 a      1205     1     6     2     5
 -8.2551254606123203E-01 a      1206     1     6     2     6
 -2.7394677407267046E-02 a      1207     1     6     2     7
  1.2478896724952508E+00 a      1208     1     6     2     8
  7.6251997307611463E-01 a      1209     1     6     2     9
  1.7133080112960222E-01 a      1210     1     6     2    10
 -6.3522465689302710E-01 a      1211     1     6     2    11
  3.4620114907945060E-01 a      1212     1     6     2    12
  1.7515601065093065E-02 a      1213     1     6     2    13
 -9.7090958686901541E-02 a      1214     1     6     2    14
 -3.6388560049961832E-01 a      1215     1     6     2    15
  2.1118387929872509E-01 a      1216     1     6     2    16
 -7.8710096910509530E-01 a      1217     1     6     2    17
 -2.9524617980937623E-01 a      1218     1     6     2    18
 -7.7301377590634560E-02 a      1219     1     6     2    19
 -4.4770596052397560E-01 a      1220     1     6     2    20
  9.3409017248483794E-01 a      1221     1     7     2     1
 -3.3409480218970272E-01 a      1222     1     7     2     2
  3.4145459741095001E-02 a      1223     1     7     2     3
  6.2185684109703898E-01 a      1224     1     7     2     4
  5.1260597425021071E-01 a      1225     1     7     2     5
  4.9660811339036337E-01 a      1226     1     7     2     6
 -7.5211664011372026E-02 a      1227     1     7     2     7
 -1.5139744830397425E-01 a      1228     1     7     2     8
  1.0937133026178276E+00 a      1229     1     7     2     9
  4.1630760622885987E-01 a      1230     1     7     2    10
 -1.3669613649950416E-01 a      1231     1     7     2    11
  6.3350299162347010E-02 a      1232     1     7     2    12
  8.2184364437236568E-01 a      1233     1     7     2    13
 -8.2889641062877911E-02 a      1234     1     7     2    14
 -4.9693533356529984E-02 a      1235     1     7     2    15
 -6.7093285581979523E-01 a      1236     1     7     2    16
  1.0837247976806057E-01 a      1237     1     7     2    17
 -4.6450010767372429E-01 a      1238     1     7     2    18
 -2.3037629756487452E-01 a      1239     1     7     2    19
  1.1169840823914996E-01 a      1240     1     7     2    20
 -4.2853086204825858E-01 a      1241     1     8     2     1
 -4.7970069529467863E-01 a      1242     1     8     2     2
 -3.6024857164599949E-01 a      1243     1     8     2     3
 -3.8744506052292627E-01 a      1244     1     8     2     4
 -2.4969466780640037E-01 a      1245     1     8     2     5
 -4.3405436212230510E-02 a      1246     1     8     2     6
  2.4820516981204657E-01 a      1247     1     8     2     7
  7.0988074319205252E-01 a      1248     1     8     2     8
 -9.5120377477160212E-01 a      1249     1     8     2     9
  7.6308360325386335E-02 a      1250     1     8     2    10
 -6.0132459097150892E-01 a      1251     1     8     2    11
 -3.0568770324198069E-01 a      1252     1     8     2    12
  1.5318933701194498E-01 a      1253     1     8     2    13
 -8.3585632576198576E-01 a      1254     1     8     2    14
  1.1175482985381627E-01 a      1255     1     8     2    15
 -5.2402141477433539E-01 a      1256     1     8     2    16
 -1.0319966985572142E+00 a      1257     1     8     2    17
  9.0080873481645576E-03 a      1258     1     8     2    18
 -1.4331636079319787E-01 a      1259     1     8     2    19
 -5.4085795072776033E-01 a      1260     1     8     2    20
 -2.9159037433576018E-01 a      1261     1     9     2     1
 -2.6269753306847282E-01 a      1262     1     9     2     2
 -3.3605983618239227E-01 a      1263     1     9     2     3
  6.1168543797700436E-01 a      1264     1     9     2     4
 -4.4616052752271351E-01 a      1265     1     9     2     5
 -4.3499831339748435E-01 a      1266     1     9     2     6
  3.6457257641546709E-01 a      1267     1     9     2     7
  6.3801814800055490E-01 a      1268     1     9     2     8
  2.3257232979248985E-01 a      1269     1     9     2     9
  3.3787963708204027E-01 a      1270     1     9     2    10
  5.2215993182206766E-01 a      1271     1     9     2    11
  1.0588299080912175E-01 a      1272     1     9     2    12
  6.7624532836641271E-01 a      1273     1     9     2    13
 -2.5906479773490354E-01 a      1274     1     9     2    14
  2.6858148659721781E-01 a      1275     1     9     2    15
 -3.7828046679709282E-01 a      1276     1     9     2    16
 -1.4912053081449522E-01 a      1277     1     9     2    17
  5.9100425956846769E-01 a      1278     1     9     2    18
  5.6067674365833153E-01 a      1279     1     9     2    19
  3.3541238887524277E-02 a      1280     1     9     2    20
  6.9876631145877763E-02 a      1281     1    10     2     1
  8.9462017125830517E-01 a      1282     1    10     2     2
 -6.0767667764310607E-01 a      1283     1    10     2     3
  1.6691918276602066E-01 a      1284     1    10     2     4
 -3.3110200946155377E-01 a      1285     1    10     2     5
 -3.3069781860086349E-02 a      1286     1    10     2     6
  3.6214748312438683E-01 a      1287     1    10     2     7
  9.2797549213458441E-01 a      1288     1    10     2     8
  3.7780546430589708E-02 a      1289     1    10     2     9
 -2.2722855273513892E-02 a      1290     1    10     2    10
 -3.8743329442868457E-02 a      1291     1    10     2    11
  2.8419861535567904E-02 a      1292     1    10     2    12
  6.3357050944888893E-01 a      1293     1    10     2    13
  5.1912683986661978E-01 a      1294     1    10     2    14
  2.8316363424579927E-01 a      1295     1    10     2    15
 -4.2528534390682876E-01 a      1296     1    10     2    16
 -6.3637787280067770E-01 a      1297     1    10     2    17
  9.0865058628555961E-01 a      1298     1    10     2    18
  3.6846053076859470E-01 a      1299     1    10     2    19
  3.8468554310379688E-01 a      1300     1    10     2    20
 -6.6141905509389351E-02 a      1301     1    11     2     1
 -5.6903461698066690E-02 a      1302     1    11     2     2
  4.7842132061070280E-01 a      1303     1    11     2     3
  6.5798171127037297E-01 a      1304     1    11     2     4
 -3.5345063628826268E-01 a      1305     1    11     2     5
  6.9774784383218924E-01 a      1306     1    11     2     6
  1.1460009286045816E-01 a      1307     1    11     2     7
  5.6351078719501702E-01 a      1308     1    11     2     8
  4.4743061588950167E-01 a      1309     1    11     2     9
 -1.8943616806326763E-01 a      1310     1    11     2    10
  5.9115482164090327E-01 a      1311     1    11     2    11
 -3.2027376586867878E-01 a      1312     1    11     2    12
  4.5799844353923003E-01 a      1313     1    11     2    13
  6.2730593942007640E-01 a      1314     1    11     2    14
  8.9516261049430024E-01 a      1315     1    11     2    15
 -7.2579551227741046E-01 a      1316     1    11     2    16
  3.2353459574474208E-01 a      1317     1    11     2    17
 -2.6381054024865669E-01 a      1318     1    11     2    18
 -6.0690605036782794E-02 a      1319     1    11     2    19
 -5.7559506323307652E-01 a      1320     1    11     2    20
  7.2258510562661460E-01 a      1321     1    12     2     1
 -7.6319090169781434E-01 a      1322     1    12     2     2
 -2.7914297383544528E-01 a      1323     1    12     2     3
  1.4519915198819988E-01 a      1324     1    12     2     4
 -2.5623560367781634E-01 a      1325     1    12     2     5
  2.1275488924774580E-01 a      1326     1    12     2     6
 -6.6850504482857354E-01 a      1327     1    12     2     7
  5.3629457032392289E-02 a      1328     1    12     2     8
  6.3899364657177993E-01 a      1329     1    12     2     9
  3.9645354027365076E-02 a      1330     1    12     2    10
  6.0206459214704255E-01 a      1331     1    12     2    11
 -3.9875743437736472E-01 a      1332     1    12     2    12
 -5.1349229244635730E-01 a      1333     1    12     2    13
 -8.3464658800766545E-01 a      1334     1    12     2    14
 -6.7419702459412856E-01 a      1335     1    12     2    15
  1.6608037130336856E-01 a      1336     1    12     2    16
  8.5328268482350100E-01 a      1337     1    12     2    17
 -2.1826052188876577E-01 a      1338     1    12     2    18
  2.9855026145867580E-01 a      1339     1    12     2    19
  3.5597943118730996E-01 a      1340     1    12     2    20
  2.9997247065471644E-01 a      1341     1    13     2     1
 -3.7706027723301960E-01 a      1342     1    13     2     2
  6.7386152942443178E-01 a      1343     1    13     2     3
  9.1344005378210677E-02 a      1344     1    13     2     4
 -5.4124396500880656E-01 a      1345     1    13     2     5
  8.2399193055955233E-01 a      1346     1    13     2     6
  2.6264493348956180E-01 a      1347     1    13     2     7
 -2.3400868697142943E-01 a      1348     1    13     2     8
 -8.7240948109952449E-02 a      1349     1    13     2     9
 -2.0050870434106077E-01 a      1350     1    13     2    10
 -4.8408549035271375E-01 a      1351     1    13     2    11
 -4.9432688122611829E-01 a      1352     1    13     2    12
  6.3117078729637655E-01 a      1353     1    13     2    13
  1.5198163332148840E-01 a      1354     1    13     2    14
 -6.1070457769933739E-01 a      1355     1    13     2    15
 -2.7423169467962472E-01 a      1356     1    13     2    16
 -8.0029878298737966E-01 a      1357     1    13     2    17
  2.0098857020434849E-01 a      1358     1    13     2    18
  8.3400158198739538E-01 a      1359     1    13     2    19
 -5.2247395475678071E-01 a      1360     1    13     2    20
 -2.6040159912597366E-01 a      1361     1    14     2     1
 -1.0264899620441956E+00 a      1362     1    14     2     2
 -3.6380490043380231E-01 a      1363     1    14     2     3
  3.9510952838400509E-01 a      1364     1    14     2     4
  2.6403630638667336E-01 a      1365     1    14     2     5
 -3.7868036362219998E-01 a      1366     1    14     2     6
 -1.8290793850523859E-01 a      1367     1    14     2     7
  6.5654180531592055E-02 a      1368     1    14     2     8
  3.6886220673809929E-02 a      1369     1    14     2     9
 -1.4127510831297832E-01 a      1370     1    14     2    10
 -2.5934380527417195E-01 a      1371     1    14     2    11
 -2.5243737646536896E-01 a      1372     1    14     2    12
 -4.7984748781029929E-01 a      1373     1    14     2    13
  2.3267127859696429E-01 a      1374     1    14     2    14
 -1.2342483351271281E+00 a      1375     1    14     2    15
 -7.6910908040772330E-01 a      1376     1    14     2    16
 -4.2353612464368195E-02 a      1377     1    14     2    17
 -4.0816680853311349E-01 a      1378     1    14     2    18
 -7.1935294840308883E-01 a      1379     1    14     2    19
 -5.2328715005536752E-01 a      1380     1    14     2    20
 -7.0424850124433347E-01 a      1381     1    15     2     1
  1.3629999345701467E+00 a      1382     1    15     2     2
  1.7725714933537207E-01 a      1383     1    15     2     3
  2.9837692639563340E-01 a      1384     1    15     2     4
 -6.2930588674369670E-01 a      1385     1    15     2     5
  2.1813444784565511E-01 a      1386     1    15     2     6
 -1.5297767100133124E-02 a      1387     1    15     2     7
  8.0924303035845968E-02 a      1388     1    15     2     8
  4.9238401458372388E-01 a      1389     1    15     2     9
 -1.7206008188379099E-01 a      1390     1    15     2    10
  4.3435028096162022E-03 a      1391     1    15     2    11
 -3.0756491358142635E-01 a      1392     1    15     2    12
 -4.7759276853109811E-01 a      1393     1    15     2    13
 -7.3460760031083705E-01 a      1394     1    15     2    14
  1.0582006261101069E-01 a      1395     1    15     2    15
  9.2999182268853464E-01 a      1396     1    15     2    16
 -2.6834548507413125E-01 a      1397     1    15     2    17
 -3.6465675402031307E-02 a      1398     1    15     2    18
  5.1667430163423100E-01 a      1399     1    15     2    19
 -4.5394024221895601E-01 a      1400     1    15     2    20
  2.7762695339248705E-01 a      1401     1    16     2     1
 -4.7473808609256085E-01 a      1402     1    16     2     2
 -4.1019477545471283E-01 a      1403     1    16     2     3
  1.1381589021705585E+00 a      1404     1    16     2     4
  4.4899161743143762E-01 a      1405     1    16     2     5
 -3.0471888736324787E-01 a      1406     1    16     2     6
  2.0359764936403721E-02 a      1407     1    16     2     7
  1.8943768642554440E-01 a      1408     1    16     2     8
 -2.8803748144212795E-02 a      1409     1    16     2     9
  4.9730636217998864E-01 a      1410     1    16     2    10
 -5.9869260691541193E-01 a      1411     1    16     2    11
 -7.4712404627040718E-01 a      1412     1    16     2    12
 -4.7053314269053520E-01 a      1413     1    16     2    13
 -7.0596538967342726E-01 a      1414     1    16     2    14
 -6.9935562994627332E-01 a      1415     1    16     2    15
  9.6896879103523598E-02 a      1416     1    16     2    16
 -8.0170055327398615E-01 a      1417     1    16     2    17
 -1.8889403509487859E-01 a      1418     1    16     2    18
  1.6939437975208727E-01 a      1419     1    16     2    19
 -2.9191060167868005E-01 a      1420     1    16     2    20
 -7.3184168623026902E-01 a      1421     1    17     2     1
 -3.8567145185202595E-01 a      1422     1    17     2     2
 -4.9806476979844505E-01 a      1423     1    17     2     3
 -4.1907526087544189E-01 a      1424     1    17     2     4
 -7.8199996706909758E-01 a      1425     1    17     2     5
  3.8623956823347588E-01 a      1426     1    17     2     6
  4.4917127015538844E-01 a      1427     1    17     2     7
  2.8692438700989059E-01 a      1428     1    17     2     8
 -1.1102152171508822E-01 a      1429     1    17     2     9
 -5.3304684443681272E-01 a      1430     1    17     2    10
  3.9062140674533330E-01 a      1431     1    17     2    11
  3.2760780200268752E-01 a      1432     1    17     2    12
 -5.5379397119938678E-01 a      1433     1    17     2    13
 -3.8281809634785746E-01 a      1434     1    17     2    14
  9.6672717291352595E-01 a      1435     1    17     2    15
  2.5435342662490668E-01 a      1436     1    17     2    16
 -3.6588589113162323E-01 a      1437     1    17     2    17
 -2.4094483897539004E-01 a      1438     1    17     2    18
 -2.7039071288913691E-01 a      1439     1    17     2    19
 -8.0516147529219662E-01 a      1440     1    17     2    20
  2.9934667317274000E-01 a      1441     1    18     2     1
  3.1179946620763221E-01 a      1442     1    18     2     2
  5.0005522618972242E-01 a      1443     1    18     2     3
  4.1475836122100601E-01 a      1444     1    18     2     4
  3.2043692384925876E-01 a      1445     1    18     2     5
  1.2451319041945291E-01 a      1446     1    18     2     6
  1.0479191775241146E-01 a      1447     1    18     2     7
  5.3889501835387787E-01 a      1448     1    18     2     8
 -3.5294079027840558E-01 a      1449     1    18     2     9
  2.3723646213885394E-01 a      1450     1    18     2    10
 -1.7767448849430131E-01 a      1451     1    18     2    11
 -1.3575365587582733E-02 a      1452     1    18     2    12
 -4.3452395149503949E-02 a      1453     1    18     2    13
  4.8495800370521447E-01 a      1454     1    18     2    14
  9.0998265868777517E-01 a      1455     1    18     2    15
  2.7766668900626684E-01 a      1456     1    18     2    16
 -4.8723890897441274E-01 a      1457     1    18     2    17
  3.2370131827238285E-01 a      1458     1    18     2    18
  8.9031691849202865E-01 a      1459     1    18     2    19
  7.1401457382213082E-02 a      1460     1    18     2    20
 -8.2579561698472959E-01 a      1461     1    19     2     1
  2.0699470684926335E-02 a      1462     1    19     2     2
 -1.0837082298013623E-01 a      1463     1    19     2     3
  3.9142946441767124E-01 a      1464     1    19     2     4
  1.9083646855773864E-01 a      1465     1    19     2     5
 -4.2014967747298293E-01 a      1466     1    19     2     6
 -4.2646893614993531E-01 a      1467     1    19     2     7
 -6.2079755059378537E-02 a      1468     1    19     2     8
 -3.0658694290760902E-01 a      1469     1    19     2     9
  7.3197194341791405E-01 a      1470     1    19     2    10
  2.2467645273577256E-02 a      1471     1    19     2    11
  4.7168132164154308E-01 a      1472     1    19     2    12
 -2.8403226364892342E-01 a      1473     1    19     2    13
 -4.7803894812645009E-01 a      1474     1    19     2    14
  2.2047612000033132E-01 a      1475     1    19     2    15
 -1.3674344811675854E-01 a      1476     1    19     2    16
 -5.5540650850272311E-01 a      1477     1    19     2    17
 -2.5798892424100724E-02 a      1478     1    19     2    18
 -2.1994817843285616E-01 a      1479     1    19     2    19
 -6.8085087225181662E-01 a      1480     1    19     2    20
  4.4681585718185021E-03 a      1481     1    20     2     1
  5.9950633700205100E-03 a      1482     1    20     2     2
 -4.3517902793937607E-01 a      1483     1    20     2     3
  1.8421015081006825E-01 a      1484     1    20     2     4
 -8.1015838012091823E-01 a      1485     1    20     2     5
 -3.7016862460295041E-01 a      1486     1    20     2     6
  4.5929871941269895E-01 a      1487     1    20     2     7
  4.4309171956897964E-01 a      1488     1    20     2     8
  1.6104566558905689E-01 a      1489     1    20     2     9
  5.7346815479321256E-01 a      1490     1    20     2    10
  2.4403371761094420E-01 a      1491     1    20     2    11
 -5.3975263136219898E-01 a      1492     1    20     2    12
  6.5293540625181515E-02 a      1493     1    20     2    13
 -6.1302794649269432E-01 a      1494     1    20     2    14
  4.2022997581188948E-01 a      1495     1    20     2    15
 -8.9302414480539138E-01 a      1496     1    20     2    16
 -6.6526838307922942E-01 a      1497     1    20     2    17
  3.2535727527930497E-01 a      1498     1    20     2    18
 -8.9809495721938637E-02 a      1499     1    20     2    19
  1.2112785299640196E-01 a      1500     1    20     2    20
  7.1573051614238503E-01 b      1501     2     1
  1.8304440474433206E-01 b      1502     2     2
 -6.7951579333931378E-01 b      1503     2     3
 -7.1605580377069211E-01 b      1504     2     4
 -1.2630699255261897E+00 b      1505     2     5
  1.6908383112482506E-01 b      1506     2     6
 -1.0192564304315694E+00 b      1507     2     7
 -1.2245071145881745E+00 b      1508     2     8
 -1.0435225122170262E+00 b      1509     2     9
 -4.0322433736142893E-01 b      1510     2    10
  1.4231415178352731E+00 b      1511     2    11
 -1.6471760551726895E+00 b      1512     2    12
  1.2734116060611922E+00 b      1513     2    13
 -5.2469719265487629E-04 b      1514     2    14
  1.1473470384679787E+00 b      1515     2    15
  1.4572576425920811E+00 b      1516     2    16
  1.5223922309452804E+00 b      1517     2    17
 -1.3129887337983057E+00 b      1518     2    18
  1.3082239007065215E+00 b      1519     2    19
  9.6389756253197101E-01 b      1520     2    20
 -5.4658770709892508E-02 a      1521     2     1     3     1
 -1.3958531395847125E+00 a      1522     2     2     3     1
  3.1577842324789517E-02 a      1523     2     3     3     1
 -1.2293103125665235E-01 a      1524     2     4     3     1
  1.3148666983373989E+00 a      1525     2     5     3     1
 -1.3885991570222362E+00 a      1526     2     6     3     1
  2.2160060946904174E+00 a      1527     2     7     3     1
  2.0485383768057348E+00 a      1528     2     8     3     1
  2.0112671595894097E-01 a      1529     2     9     3     1
  1.2896716252115847E+00 a      1530     2    10     3     1
 -1.7753334228148396E+00 a      1531     2    11     3     1
  2.0694001026230131E+00 a      1532     2    12     3     1
  3.3318514871457122E-02 a      1533     2    13     3     1
 -1.4833306059799170E-01 a      1534     2    14     3     1
  2.0485625825402112E-02 a      1535     2    15     3     1
 -2.9049853881359042E+00 a      1536     2    16     3     1
 -1.9802987090714115E+00 a      1537     2    17     3     1
  1.1401000871407534E+00 a      1538     2    18     3     1
  4.9845889162643459E-02 a      1539     2    19     3     1
 -5.6051055318907483E-01 a      1540     2    20     3     1
 -1.1566053478167064E+00 b      1541     3     1
