################################################################################
# Neural network connection values (weights and biases).
################################################################################
# Col  Name       Description
################################################################################
# 1    connection Neural network connection value.
# 2    t          Connection type (a = weight, b = bias).
# 3    index      Index enumerating weights.
# 4    l_s        Starting point layer (end point layer for biases).
# 5    n_s        Starting point neuron in starting layer (end point neuron for biases).
# 6    l_e        End point layer.
# 7    n_e        End point neuron in end layer.
################################################################################
#                      1 2         3     4     5     6     7
#             connection t     index   l_s   n_s   l_e   n_e
############################################################
 -1.4535771615665169E-01 a         1     0     1     1     1
  7.3014993459865923E-02 a         2     0     1     1     2
  4.6725477467540094E-01 a         3     0     1     1     3
 -2.8330581054095749E-01 a         4     0     1     1     4
 -7.9185456226287615E-02 a         5     0     1     1     5
  3.2529590072016529E-01 a         6     0     1     1     6
 -1.8313614604625488E+00 a         7     0     1     1     7
  9.1767940905175191E-02 a         8     0     1     1     8
 -1.2892278236031007E-01 a         9     0     1     1     9
  1.4152489484266792E-01 a        10     0     1     1    10
  1.2988002600498619E-01 a        11     0     1     1    11
 -2.6947779534145666E-01 a        12     0     1     1    12
  1.3525371398643146E-01 a        13     0     1     1    13
  4.7177803726496187E-01 a        14     0     1     1    14
 -1.5071122100936111E-02 a        15     0     1     1    15
  3.4647481384543805E-01 a        16     0     1     1    16
  7.1488338298152557E-02 a        17     0     1     1    17
 -2.7044829130997838E-01 a        18     0     1     1    18
  3.5572765434431852E-01 a        19     0     1     1    19
 -6.7796199675473245E-01 a        20     0     1     1    20
  2.0658763356505427E-01 a        21     0     2     1     1
 -1.7690258224170188E-01 a        22     0     2     1     2
  1.2353046210409409E-01 a        23     0     2     1     3
 -4.9662862723978941E-02 a        24     0     2     1     4
 -5.3551490699523061E-03 a        25     0     2     1     5
 -1.6550523543136894E-02 a        26     0     2     1     6
  3.6011189011569199E-03 a        27     0     2     1     7
 -1.8463557002312986E-01 a        28     0     2     1     8
  4.9106130830071530E-02 a        29     0     2     1     9
 -5.7913310800205886E-01 a        30     0     2     1    10
 -3.4104458181805997E-01 a        31     0     2     1    11
  1.6507093348771001E-01 a        32     0     2     1    12
 -2.1178933470273983E-01 a        33     0     2     1    13
  2.2058704148935721E-01 a        34     0     2     1    14
  1.5394630240918711E-01 a        35     0     2     1    15
  1.5209818026865474E-01 a        36     0     2     1    16
  1.6685609098472781E-01 a        37     0     2     1    17
 -2.5661729411825301E-01 a        38     0     2     1    18
  4.4842926523383270E-01 a        39     0     2     1    19
  7.8384450236920644E-02 a        40     0     2     1    20
 -1.1026547189144767E-02 a        41     0     3     1     1
 -5.4115244729884521E-02 a        42     0     3     1     2
  2.6950869195260840E-01 a        43     0     3     1     3
  4.2164743841350792E-02 a        44     0     3     1     4
  1.5497571961111498E-01 a        45     0     3     1     5
  1.4760683659217283E-01 a        46     0     3     1     6
  1.9612543815380207E-01 a        47     0     3     1     7
 -2.8575040844322591E-01 a        48     0     3     1     8
 -4.0811319179177373E-02 a        49     0     3     1     9
 -1.1444760111083813E-01 a        50     0     3     1    10
  3.0104391090226995E-01 a        51     0     3     1    11
 -2.2527825593399045E-01 a        52     0     3     1    12
 -1.5633210171925657E-01 a        53     0     3     1    13
 -8.4455739190876331E-02 a        54     0     3     1    14
  7.2236677392098492E-02 a        55     0     3     1    15
 -3.4213022443648045E-01 a        56     0     3     1    16
 -1.8947607112400858E-02 a        57     0     3     1    17
 -1.2799853635384165E-01 a        58     0     3     1    18
  1.9356209357451645E-01 a        59     0     3     1    19
 -2.4903394835282162E-02 a        60     0     3     1    20
  2.6393421123809552E-01 a        61     0     4     1     1
  4.1412377734147597E-02 a        62     0     4     1     2
 -1.0293698921344991E+00 a        63     0     4     1     3
  5.7864736708162468E-01 a        64     0     4     1     4
  3.0197320599347299E-01 a        65     0     4     1     5
 -3.2892196780866634E-01 a        66     0     4     1     6
  6.8457284923581474E-01 a        67     0     4     1     7
 -4.3287655754253689E-02 a        68     0     4     1     8
  2.5506759556748715E-01 a        69     0     4     1     9
 -2.4142098428094219E-01 a        70     0     4     1    10
 -5.6332570134002313E-01 a        71     0     4     1    11
  7.0103477985854190E-01 a        72     0     4     1    12
 -2.1718337129996407E-01 a        73     0     4     1    13
 -5.8668258543907303E-01 a        74     0     4     1    14
  2.4254943331131079E-01 a        75     0     4     1    15
 -3.8958804944648306E-01 a        76     0     4     1    16
  1.1803155197086303E-01 a        77     0     4     1    17
  1.5560125355895219E-01 a        78     0     4     1    18
 -5.3900232336378862E-01 a        79     0     4     1    19
  6.9648874045409892E-01 a        80     0     4     1    20
  4.3238570192873521E-01 a        81     0     5     1     1
  1.4055014583253075E-01 a        82     0     5     1     2
 -1.6272647966762963E-01 a        83     0     5     1     3
 -1.3462315749773734E-01 a        84     0     5     1     4
 -1.3567709851799717E-02 a        85     0     5     1     5
 -2.4058314948548799E-02 a        86     0     5     1     6
 -3.0917890406150939E-01 a        87     0     5     1     7
  9.8373482207512175E-01 a        88     0     5     1     8
  2.6302087269161512E-01 a        89     0     5     1     9
  6.5453142903136552E-01 a        90     0     5     1    10
  8.1254284461152138E-01 a        91     0     5     1    11
 -7.2416724199474236E-01 a        92     0     5     1    12
  7.4099680642034094E-01 a        93     0     5     1    13
  3.3452476897902907E-02 a        94     0     5     1    14
 -3.8147260035527092E-01 a        95     0     5     1    15
 -3.6922019523678445E-01 a        96     0     5     1    16
 -1.2890732656734513E-01 a        97     0     5     1    17
 -1.1149328009048394E-02 a        98     0     5     1    18
 -5.0762516232968968E-01 a        99     0     5     1    19
 -6.7162119910418067E-02 a       100     0     5     1    20
 -8.3257676616478621E-02 a       101     0     6     1     1
  1.1662546342504743E-01 a       102     0     6     1     2
  2.0478692325204252E-02 a       103     0     6     1     3
  3.4339150588786238E-01 a       104     0     6     1     4
 -2.8703448768242368E-01 a       105     0     6     1     5
  1.6479198797467362E-01 a       106     0     6     1     6
  6.6833489897714621E-02 a       107     0     6     1     7
  8.0755329767144807E-02 a       108     0     6     1     8
  2.4783449063755514E-02 a       109     0     6     1     9
  5.4257669705978243E-02 a       110     0     6     1    10
  1.0087662129191739E-01 a       111     0     6     1    11
  3.2330949918337970E-01 a       112     0     6     1    12
  2.1490892263442699E-01 a       113     0     6     1    13
 -3.8101578626406912E-01 a       114     0     6     1    14
 -1.6180200536109157E-01 a       115     0     6     1    15
 -7.7227763081675699E-02 a       116     0     6     1    16
 -1.3878817758137441E-01 a       117     0     6     1    17
  2.5581412675362258E-01 a       118     0     6     1    18
 -2.2052105895926458E-01 a       119     0     6     1    19
  3.9716353297472373E-01 a       120     0     6     1    20
 -5.2729301611918622E-01 a       121     0     7     1     1
 -8.0173772376679497E-02 a       122     0     7     1     2
  9.9830104923707363E-01 a       123     0     7     1     3
  2.5447955554414186E-02 a       124     0     7     1     4
 -2.0732090430876751E-01 a       125     0     7     1     5
  1.2548972318559115E-01 a       126     0     7     1     6
  3.1869472545966815E-01 a       127     0     7     1     7
 -2.1704765876045160E-01 a       128     0     7     1     8
 -1.0191562468081881E-01 a       129     0     7     1     9
  2.6763663802629867E-01 a       130     0     7     1    10
  3.5530394678034438E-01 a       131     0     7     1    11
 -9.3202834644718319E-02 a       132     0     7     1    12
  1.1677417381699667E-01 a       133     0     7     1    13
  2.0647044870608414E-01 a       134     0     7     1    14
 -1.0598561608002879E-01 a       135     0     7     1    15
 -3.9982941248184779E-02 a       136     0     7     1    16
  9.1125146809419827E-02 a       137     0     7     1    17
  6.8339416282035548E-02 a       138     0     7     1    18
  5.4103761085538615E-01 a       139     0     7     1    19
 -2.4045801723113913E-01 a       140     0     7     1    20
  2.6197618483989915E-01 a       141     0     8     1     1
 -2.1056345709287436E-01 a       142     0     8     1     2
  3.8915429906012130E-03 a       143     0     8     1     3
 -3.9613236583533405E-02 a       144     0     8     1     4
  9.2261452910980521E-02 a       145     0     8     1     5
  2.2424962282291325E-01 a       146     0     8     1     6
 -1.3657466936919779E-01 a       147     0     8     1     7
 -5.9724886288941270E-01 a       148     0     8     1     8
 -4.1096581824235567E-01 a       149     0     8     1     9
 -2.3634607062338292E-01 a       150     0     8     1    10
 -5.9763448826785207E-02 a       151     0     8     1    11
 -6.1549613918210663E-02 a       152     0     8     1    12
 -3.8753644407747778E-01 a       153     0     8     1    13
  7.0125206665775611E-02 a       154     0     8     1    14
  2.7773399806233584E-01 a       155     0     8     1    15
  3.5482206492359464E-01 a       156     0     8     1    16
  1.5390259754455121E-01 a       157     0     8     1    17
 -1.9735262731795947E-01 a       158     0     8     1    18
  1.3810634113628809E-01 a       159     0     8     1    19
  1.7027142772598750E-01 a       160     0     8     1    20
 -7.2603240503054792E-02 a       161     0     9     1     1
 -6.0728439943921415E-02 a       162     0     9     1     2
 -1.9100938210559565E-01 a       163     0     9     1     3
 -7.1238384680164121E-02 a       164     0     9     1     4
  1.7161843206931257E-01 a       165     0     9     1     5
  3.2068755067869781E-01 a       166     0     9     1     6
 -2.4055479850302494E-01 a       167     0     9     1     7
  1.2925577058369150E-02 a       168     0     9     1     8
  4.8462905277181972E-01 a       169     0     9     1     9
  1.5083229367566256E-01 a       170     0     9     1    10
 -1.2784138024351233E-01 a       171     0     9     1    11
  1.3335149970650179E-01 a       172     0     9     1    12
 -1.2319954939565685E-01 a       173     0     9     1    13
  2.9403499971358338E-01 a       174     0     9     1    14
  1.8717649530120695E-01 a       175     0     9     1    15
 -1.9533709670740027E-01 a       176     0     9     1    16
  3.3256483685495081E-01 a       177     0     9     1    17
  3.2170430997237383E-02 a       178     0     9     1    18
 -1.0157999279754465E-01 a       179     0     9     1    19
 -1.0397852439325754E-01 a       180     0     9     1    20
  1.9491103842310889E-01 a       181     0    10     1     1
  1.3320142411102007E-01 a       182     0    10     1     2
 -3.3921153357153427E-01 a       183     0    10     1     3
  4.4642722092993153E-01 a       184     0    10     1     4
  3.4270553948700760E-01 a       185     0    10     1     5
  1.8595037144458432E-01 a       186     0    10     1     6
 -9.0138139606210266E-01 a       187     0    10     1     7
 -1.2848088805447955E-01 a       188     0    10     1     8
  3.7771260624412811E-01 a       189     0    10     1     9
 -2.8839117022591154E-01 a       190     0    10     1    10
 -4.3338376317452375E-02 a       191     0    10     1    11
  2.7349307233644671E-01 a       192     0    10     1    12
 -6.4945084333208808E-02 a       193     0    10     1    13
 -3.4935106973159286E-01 a       194     0    10     1    14
  2.2724469360197105E-01 a       195     0    10     1    15
  1.1205080592811906E-01 a       196     0    10     1    16
  3.8414846911617473E-01 a       197     0    10     1    17
 -5.6349107474477556E-01 a       198     0    10     1    18
 -3.2202194923536914E-01 a       199     0    10     1    19
 -1.4664793066917647E-01 a       200     0    10     1    20
  4.1634264558798234E-01 a       201     0    11     1     1
  2.6198565757616765E-01 a       202     0    11     1     2
  2.5782970875918404E-01 a       203     0    11     1     3
 -2.3844894733543687E-01 a       204     0    11     1     4
 -2.9441536517945510E-01 a       205     0    11     1     5
  2.1437671249928927E-01 a       206     0    11     1     6
 -2.9083012686091331E-01 a       207     0    11     1     7
  5.4830337533119652E-02 a       208     0    11     1     8
 -2.4477395215234396E-01 a       209     0    11     1     9
  3.3216634709836246E-01 a       210     0    11     1    10
  1.2892419732209079E-01 a       211     0    11     1    11
 -2.9067937163495039E-01 a       212     0    11     1    12
  5.7555009896928055E-01 a       213     0    11     1    13
 -1.2558605913507331E-01 a       214     0    11     1    14
  1.5421877913636189E-01 a       215     0    11     1    15
 -1.5258338523312559E-01 a       216     0    11     1    16
  3.1126475089067265E-02 a       217     0    11     1    17
  8.8693266268434018E-02 a       218     0    11     1    18
 -3.1736633460313607E-01 a       219     0    11     1    19
 -1.4058183904753888E-01 a       220     0    11     1    20
 -2.1148935792822415E-01 a       221     0    12     1     1
 -1.7380257307373612E-01 a       222     0    12     1     2
  8.9320418254228359E-02 a       223     0    12     1     3
  4.4069618440357622E-01 a       224     0    12     1     4
 -7.9638262913762678E-02 a       225     0    12     1     5
  3.1120968622777839E-01 a       226     0    12     1     6
 -1.5746322397941900E-01 a       227     0    12     1     7
  4.0677972460944900E-02 a       228     0    12     1     8
  1.7281232844381900E-01 a       229     0    12     1     9
 -1.1705900698992575E-01 a       230     0    12     1    10
  4.6654568770743393E-02 a       231     0    12     1    11
  2.2589259536561171E-01 a       232     0    12     1    12
  2.5422315331168236E-02 a       233     0    12     1    13
  1.6800398732442753E-01 a       234     0    12     1    14
  7.7476365300712502E-02 a       235     0    12     1    15
  1.1134149101507373E-01 a       236     0    12     1    16
 -4.9302591556782807E-02 a       237     0    12     1    17
  9.7223334966112206E-03 a       238     0    12     1    18
 -1.2897151582321307E-02 a       239     0    12     1    19
 -2.4820551309813396E-01 a       240     0    12     1    20
 -3.9099997613978793E-01 a       241     0    13     1     1
  2.2349846281793811E-01 a       242     0    13     1     2
  4.6142242361365986E-02 a       243     0    13     1     3
  3.5234144347821067E-01 a       244     0    13     1     4
  1.8762146154125914E-02 a       245     0    13     1     5
  2.3706717712805864E-01 a       246     0    13     1     6
  3.8741979705968915E-01 a       247     0    13     1     7
  4.5971927497943856E-02 a       248     0    13     1     8
  2.7017185570072672E-02 a       249     0    13     1     9
  1.6030600576305851E-01 a       250     0    13     1    10
 -3.7230352486288687E-01 a       251     0    13     1    11
  3.2809020988750631E-01 a       252     0    13     1    12
  5.1684420942546529E-02 a       253     0    13     1    13
 -2.5532651210417001E-01 a       254     0    13     1    14
 -1.6674176684870273E-01 a       255     0    13     1    15
 -5.2183309149738795E-02 a       256     0    13     1    16
 -1.9364584905133715E-02 a       257     0    13     1    17
  3.7406971744902012E-02 a       258     0    13     1    18
  4.4365923779049732E-01 a       259     0    13     1    19
  2.3852990084326087E-01 a       260     0    13     1    20
  2.2876765396313520E-01 a       261     0    14     1     1
 -2.3679378153123654E-02 a       262     0    14     1     2
  1.4422607150730629E-01 a       263     0    14     1     3
 -4.0253843156438159E-02 a       264     0    14     1     4
 -2.5207865560200104E-01 a       265     0    14     1     5
 -2.8582993409063884E-01 a       266     0    14     1     6
 -1.4497074921018038E-01 a       267     0    14     1     7
  2.8152062513710685E-01 a       268     0    14     1     8
 -2.1240342405524582E-01 a       269     0    14     1     9
 -1.8927920077622726E-01 a       270     0    14     1    10
  1.3079035182553572E-02 a       271     0    14     1    11
 -2.4487945489145976E-01 a       272     0    14     1    12
 -3.3849123438575379E-01 a       273     0    14     1    13
  8.4764451030518620E-02 a       274     0    14     1    14
  1.1984563966168879E-01 a       275     0    14     1    15
 -1.1540868529911144E-01 a       276     0    14     1    16
 -2.3937654034868527E-01 a       277     0    14     1    17
  1.6453899328032931E-01 a       278     0    14     1    18
 -6.7440876218090376E-02 a       279     0    14     1    19
  3.0231170962716120E-01 a       280     0    14     1    20
 -1.0691815775790725E-01 a       281     0    15     1     1
  2.0523991301221314E-01 a       282     0    15     1     2
 -2.1796042438547678E-01 a       283     0    15     1     3
 -1.1750564889751326E-01 a       284     0    15     1     4
  6.2009465612949240E-02 a       285     0    15     1     5
  1.0897980642332165E-02 a       286     0    15     1     6
  1.8151694200476198E-01 a       287     0    15     1     7
 -2.8534564945107477E-02 a       288     0    15     1     8
  2.1327675069497984E-01 a       289     0    15     1     9
  3.6701110579301061E-02 a       290     0    15     1    10
 -4.7215366592459028E-02 a       291     0    15     1    11
  2.8238674187008289E-01 a       292     0    15     1    12
 -1.2169780964424515E-01 a       293     0    15     1    13
  4.8625433573564214E-01 a       294     0    15     1    14
  1.2053848376246233E-01 a       295     0    15     1    15
 -1.1501614184188315E-01 a       296     0    15     1    16
 -2.2735547623043831E-01 a       297     0    15     1    17
  8.4755604753587274E-02 a       298     0    15     1    18
 -1.7462609206338173E-01 a       299     0    15     1    19
  1.5670562445146575E-02 a       300     0    15     1    20
  3.5245499657690825E-02 a       301     0    16     1     1
 -2.8845997330472811E-01 a       302     0    16     1     2
  1.7531429163167769E-01 a       303     0    16     1     3
  2.3117239107261214E-01 a       304     0    16     1     4
  5.5304997048368464E-02 a       305     0    16     1     5
  2.7463555923843241E-01 a       306     0    16     1     6
 -1.8901350392151636E-01 a       307     0    16     1     7
 -7.1619293997016623E-02 a       308     0    16     1     8
  1.1701313151459404E-01 a       309     0    16     1     9
 -1.8297936621792626E-01 a       310     0    16     1    10
  2.2208902946483311E-01 a       311     0    16     1    11
 -1.7885139926832669E-01 a       312     0    16     1    12
 -7.8006556307465731E-03 a       313     0    16     1    13
 -5.7691482965351100E-02 a       314     0    16     1    14
 -1.6664072450131195E-01 a       315     0    16     1    15
  6.7510990990842868E-03 a       316     0    16     1    16
  1.7144914697258523E-01 a       317     0    16     1    17
 -2.7411879330473587E-01 a       318     0    16     1    18
 -4.9336431626450836E-02 a       319     0    16     1    19
  8.9489755081785444E-02 a       320     0    16     1    20
  2.1702050019287356E-01 a       321     0    17     1     1
 -4.4193984023033497E-02 a       322     0    17     1     2
 -7.1154960182781113E-02 a       323     0    17     1     3
 -8.7871997912106967E-02 a       324     0    17     1     4
  8.7634792242587634E-02 a       325     0    17     1     5
 -4.1429578843158558E-02 a       326     0    17     1     6
  1.1991591486454450E-01 a       327     0    17     1     7
 -5.9300363385598839E-02 a       328     0    17     1     8
 -9.7386314918782496E-02 a       329     0    17     1     9
  2.5146683725098146E-01 a       330     0    17     1    10
  4.6548957642648665E-02 a       331     0    17     1    11
 -8.9618860450632068E-02 a       332     0    17     1    12
  3.3292236934219172E-01 a       333     0    17     1    13
  2.2512707371405397E-01 a       334     0    17     1    14
  7.0422512554853961E-02 a       335     0    17     1    15
 -2.3803060970193937E-01 a       336     0    17     1    16
 -1.4286638898945184E-01 a       337     0    17     1    17
 -8.7841111858266707E-02 a       338     0    17     1    18
  1.0563748940008919E-01 a       339     0    17     1    19
 -4.5308379069860472E-01 a       340     0    17     1    20
 -6.9079725533580549E-02 a       341     0    18     1     1
 -1.2614123487430220E-01 a       342     0    18     1     2
  2.8405340550038816E-01 a       343     0    18     1     3
  6.3703895103495695E-02 a       344     0    18     1     4
 -7.5569145305159208E-02 a       345     0    18     1     5
  1.7652601361174317E-01 a       346     0    18     1     6
 -2.2044027732428657E-02 a       347     0    18     1     7
  2.6717781793965356E-01 a       348     0    18     1     8
  2.4694352967895253E-01 a       349     0    18     1     9
 -8.9459515080226565E-02 a       350     0    18     1    10
  2.4064988741516513E-01 a       351     0    18     1    11
  3.4177268077271145E-02 a       352     0    18     1    12
  1.2296080828453324E-01 a       353     0    18     1    13
 -1.7971628761218084E-01 a       354     0    18     1    14
 -6.4555207340699750E-02 a       355     0    18     1    15
  6.1623732701997197E-02 a       356     0    18     1    16
  1.3067942827534115E-01 a       357     0    18     1    17
 -1.8232006433509207E-01 a       358     0    18     1    18
 -6.6952725438841287E-02 a       359     0    18     1    19
  5.6002644973659609E-02 a       360     0    18     1    20
 -2.4800452720930385E-01 a       361     0    19     1     1
  1.5494079122097315E-01 a       362     0    19     1     2
  8.7166586635712459E-02 a       363     0    19     1     3
  1.7883830193071878E-01 a       364     0    19     1     4
 -1.1780655776432782E-02 a       365     0    19     1     5
  1.5888345134884638E-01 a       366     0    19     1     6
  2.1869290330282558E-02 a       367     0    19     1     7
  1.2228380057792247E-01 a       368     0    19     1     8
  1.8651976905778411E-01 a       369     0    19     1     9
  4.4502530412817119E-02 a       370     0    19     1    10
 -3.2445753606390981E-01 a       371     0    19     1    11
  3.7267761482640416E-01 a       372     0    19     1    12
 -2.2317000230447668E-02 a       373     0    19     1    13
  5.1144884650527474E-02 a       374     0    19     1    14
  1.1908441342372043E-01 a       375     0    19     1    15
 -1.3276397987447455E-01 a       376     0    19     1    16
 -7.2455176314724673E-02 a       377     0    19     1    17
 -4.0140713261451202E-02 a       378     0    19     1    18
  4.9373795424552086E-02 a       379     0    19     1    19
  3.0099897028333272E-01 a       380     0    19     1    20
  1.3781587739756063E-01 a       381     0    20     1     1
  2.0638815765788185E-01 a       382     0    20     1     2
 -2.7174396719482918E-02 a       383     0    20     1     3
 -4.6684616556159055E-02 a       384     0    20     1     4
 -1.3844184171306060E-02 a       385     0    20     1     5
 -1.2447779989150923E-01 a       386     0    20     1     6
 -1.0427213165236396E-01 a       387     0    20     1     7
 -1.0476103284895502E-01 a       388     0    20     1     8
 -2.5719552824050596E-01 a       389     0    20     1     9
 -9.8659035157373856E-02 a       390     0    20     1    10
  9.3108769052267559E-02 a       391     0    20     1    11
 -1.5776086984170765E-01 a       392     0    20     1    12
 -2.7060189397980083E-01 a       393     0    20     1    13
 -6.8721303963575247E-03 a       394     0    20     1    14
  3.2108675707114669E-02 a       395     0    20     1    15
  1.1936471493369215E-01 a       396     0    20     1    16
 -1.5919497684809517E-01 a       397     0    20     1    17
  2.4085237369562318E-01 a       398     0    20     1    18
 -8.3489144690902711E-02 a       399     0    20     1    19
 -1.3909391827387652E-01 a       400     0    20     1    20
 -5.9008058473054514E-02 a       401     0    21     1     1
 -1.2342069316646906E-01 a       402     0    21     1     2
 -1.8886936075414706E-01 a       403     0    21     1     3
 -2.8754557661541554E-02 a       404     0    21     1     4
  1.5380771080265238E-01 a       405     0    21     1     5
 -1.5556717734200765E-03 a       406     0    21     1     6
  4.8493560838025529E-02 a       407     0    21     1     7
 -2.2080195461813365E-01 a       408     0    21     1     8
 -6.2597816470016818E-02 a       409     0    21     1     9
  2.7495366254274088E-02 a       410     0    21     1    10
 -1.0888392181910454E-02 a       411     0    21     1    11
  1.2084191268781120E-02 a       412     0    21     1    12
 -1.6377571840553809E-01 a       413     0    21     1    13
  1.8993681759147904E-01 a       414     0    21     1    14
  2.2895928828005844E-02 a       415     0    21     1    15
 -4.5370027750839474E-02 a       416     0    21     1    16
  7.3850245602462450E-02 a       417     0    21     1    17
 -8.5532845704654591E-03 a       418     0    21     1    18
 -1.5221593955453069E-02 a       419     0    21     1    19
  1.3435707037866554E-01 a       420     0    21     1    20
  5.5019464693940685E-03 a       421     0    22     1     1
 -3.7531381749892784E-01 a       422     0    22     1     2
 -8.9620007787650276E-03 a       423     0    22     1     3
 -3.8655836555525126E-03 a       424     0    22     1     4
  1.9084066109802244E-03 a       425     0    22     1     5
  1.7081860022984505E-01 a       426     0    22     1     6
  9.3118954084149178E-02 a       427     0    22     1     7
  1.0891729174601276E-01 a       428     0    22     1     8
  1.4034252379442998E-02 a       429     0    22     1     9
 -7.1656730150899767E-02 a       430     0    22     1    10
  1.6790420358545385E-01 a       431     0    22     1    11
 -1.9506423915515436E-01 a       432     0    22     1    12
 -2.1318625560298381E-03 a       433     0    22     1    13
 -4.2486794563297230E-02 a       434     0    22     1    14
 -1.6896899459601664E-01 a       435     0    22     1    15
 -9.0923842618731987E-02 a       436     0    22     1    16
  2.1373758333798390E-01 a       437     0    22     1    17
 -3.3785320798130604E-02 a       438     0    22     1    18
  2.3592772994903886E-02 a       439     0    22     1    19
 -2.6185791079252292E-02 a       440     0    22     1    20
  1.4573723963152979E-01 a       441     0    23     1     1
  6.7033223145337995E-02 a       442     0    23     1     2
  9.0944482944342112E-02 a       443     0    23     1     3
 -5.9347076067127339E-04 a       444     0    23     1     4
 -2.1220033988048571E-03 a       445     0    23     1     5
  1.7246297312532001E-02 a       446     0    23     1     6
  1.0293908973862996E-01 a       447     0    23     1     7
 -2.3491417593072664E-02 a       448     0    23     1     8
 -4.8994321088417753E-02 a       449     0    23     1     9
  1.3671132727072968E-01 a       450     0    23     1    10
  1.6521388524975655E-01 a       451     0    23     1    11
  4.1085523824093785E-02 a       452     0    23     1    12
  2.0191803040756648E-01 a       453     0    23     1    13
 -1.7257937674813939E-01 a       454     0    23     1    14
  1.3776865269165720E-01 a       455     0    23     1    15
 -6.2168898751404696E-02 a       456     0    23     1    16
 -6.1631133647760926E-02 a       457     0    23     1    17
  3.0652360306385198E-02 a       458     0    23     1    18
  1.1174356564648261E-01 a       459     0    23     1    19
 -1.2101212960728959E-01 a       460     0    23     1    20
 -1.2821230433396166E-01 a       461     0    24     1     1
 -2.6454268106574041E-01 a       462     0    24     1     2
  1.4077688629732776E-01 a       463     0    24     1     3
 -9.0705823726656254E-02 a       464     0    24     1     4
 -1.3884151036090175E-01 a       465     0    24     1     5
  2.7717640741818461E-01 a       466     0    24     1     6
  2.8595730561394504E-02 a       467     0    24     1     7
  1.7472656881632212E-01 a       468     0    24     1     8
  1.6067761801823341E-01 a       469     0    24     1     9
 -4.9092721505401143E-02 a       470     0    24     1    10
 -3.4161206790460232E-02 a       471     0    24     1    11
  6.9760356498958412E-02 a       472     0    24     1    12
  6.1714252458254258E-02 a       473     0    24     1    13
  2.0785511230670083E-02 a       474     0    24     1    14
 -4.9787298027244971E-02 a       475     0    24     1    15
 -1.4134227731697857E-01 a       476     0    24     1    16
  1.4135439293314447E-01 a       477     0    24     1    17
  4.3242603053564202E-04 a       478     0    24     1    18
 -1.0976921850297867E-01 a       479     0    24     1    19
  1.4026663652827628E-01 a       480     0    24     1    20
 -5.1165029833523189E-02 a       481     0    25     1     1
  1.4894388430907754E-02 a       482     0    25     1     2
 -2.7993741750371462E-02 a       483     0    25     1     3
  9.7877685956738208E-02 a       484     0    25     1     4
  1.1157546074068074E-03 a       485     0    25     1     5
 -2.4509197350210298E-02 a       486     0    25     1     6
 -4.0365613631343784E-02 a       487     0    25     1     7
  4.5214745659256733E-02 a       488     0    25     1     8
  8.5215248503990995E-02 a       489     0    25     1     9
  2.2744000985852327E-02 a       490     0    25     1    10
  1.0477550671238376E-02 a       491     0    25     1    11
  9.0856923669315137E-02 a       492     0    25     1    12
  6.5344844684079827E-03 a       493     0    25     1    13
 -5.0785726372355733E-04 a       494     0    25     1    14
  1.0342563192699857E-02 a       495     0    25     1    15
 -1.0759468112798354E-01 a       496     0    25     1    16
 -8.3502540518169549E-02 a       497     0    25     1    17
 -1.0182989699810444E-01 a       498     0    25     1    18
  6.8357694426102308E-04 a       499     0    25     1    19
  2.7118761956780178E-02 a       500     0    25     1    20
 -1.3024811776687590E-02 a       501     0    26     1     1
  2.0837634831814739E-02 a       502     0    26     1     2
  1.9858067644218325E-02 a       503     0    26     1     3
  6.1900778249772415E-02 a       504     0    26     1     4
 -2.1056910682581201E-02 a       505     0    26     1     5
  4.5492551470045703E-02 a       506     0    26     1     6
 -1.3416601509570386E-01 a       507     0    26     1     7
 -1.3124016959777821E-01 a       508     0    26     1     8
 -9.6289255698337253E-02 a       509     0    26     1     9
 -4.3689264335580132E-02 a       510     0    26     1    10
 -1.5049006495012460E-01 a       511     0    26     1    11
 -5.2298252460905401E-02 a       512     0    26     1    12
 -1.2864548112508387E-01 a       513     0    26     1    13
  8.8759015211295186E-02 a       514     0    26     1    14
 -5.5598141912102571E-02 a       515     0    26     1    15
  1.2666136927937999E-01 a       516     0    26     1    16
 -5.4113972664143938E-02 a       517     0    26     1    17
  5.7616857060902193E-02 a       518     0    26     1    18
 -1.8581850946707387E-02 a       519     0    26     1    19
  1.2276106132480988E-01 a       520     0    26     1    20
  4.3746492689693550E-02 a       521     0    27     1     1
  9.0550839473096223E-02 a       522     0    27     1     2
 -1.5709223394318905E-01 a       523     0    27     1     3
  1.3938177687266145E-02 a       524     0    27     1     4
  7.8639169076927640E-02 a       525     0    27     1     5
  1.2809554612594634E-01 a       526     0    27     1     6
 -2.9364071028938888E-02 a       527     0    27     1     7
  7.4852538045090344E-02 a       528     0    27     1     8
 -8.9693686659823385E-02 a       529     0    27     1     9
  8.0027996314748460E-03 a       530     0    27     1    10
  3.9481240796919663E-02 a       531     0    27     1    11
 -6.9993271132398087E-03 a       532     0    27     1    12
  1.4588710280509785E-02 a       533     0    27     1    13
 -4.1558039107589671E-02 a       534     0    27     1    14
 -8.8501245866049821E-02 a       535     0    27     1    15
 -6.0607841451020154E-02 a       536     0    27     1    16
  1.2864886919378449E-02 a       537     0    27     1    17
 -1.0865578947865145E-01 a       538     0    27     1    18
  3.6210926935824374E-02 a       539     0    27     1    19
  4.7212960228394690E-02 a       540     0    27     1    20
 -3.1494501916562383E-02 a       541     0    28     1     1
  4.2432942933943625E-03 a       542     0    28     1     2
  2.4477126882350802E-02 a       543     0    28     1     3
  6.7315518005815322E-03 a       544     0    28     1     4
 -3.8958514542088249E-02 a       545     0    28     1     5
  4.8781905223571842E-02 a       546     0    28     1     6
  2.4146806428468559E-02 a       547     0    28     1     7
 -3.7126051704574302E-02 a       548     0    28     1     8
  1.4350719612294468E-02 a       549     0    28     1     9
 -2.2576547047446324E-02 a       550     0    28     1    10
  2.8778132919249910E-03 a       551     0    28     1    11
 -3.1259990688553077E-02 a       552     0    28     1    12
  5.1289418019376115E-03 a       553     0    28     1    13
  4.1391908128610554E-03 a       554     0    28     1    14
 -5.5864592091588533E-02 a       555     0    28     1    15
  1.0907090750181580E-03 a       556     0    28     1    16
  1.9554242472260681E-02 a       557     0    28     1    17
  8.7769035236277045E-03 a       558     0    28     1    18
 -1.9275535466169034E-02 a       559     0    28     1    19
  8.9997157156676527E-02 a       560     0    28     1    20
  6.5444337635793784E-02 a       561     0    29     1     1
  1.4207200613925203E-01 a       562     0    29     1     2
  1.1009963211100605E-01 a       563     0    29     1     3
 -4.3222510398282170E-02 a       564     0    29     1     4
 -2.5211454391207658E-02 a       565     0    29     1     5
  9.6011116930756812E-02 a       566     0    29     1     6
 -5.6188954301532648E-04 a       567     0    29     1     7
 -3.1822915296960707E-03 a       568     0    29     1     8
 -4.8269728956532205E-02 a       569     0    29     1     9
  2.5860139445630242E-02 a       570     0    29     1    10
  1.4350888501990828E-02 a       571     0    29     1    11
  5.8811020961994365E-02 a       572     0    29     1    12
  4.9890263069950522E-02 a       573     0    29     1    13
 -5.8055886536788261E-02 a       574     0    29     1    14
  1.3279062989436163E-01 a       575     0    29     1    15
  9.1287737300531552E-02 a       576     0    29     1    16
 -2.2679313437163218E-02 a       577     0    29     1    17
  5.8628431924535880E-02 a       578     0    29     1    18
 -1.0256324225519260E-03 a       579     0    29     1    19
 -4.2018423324486270E-02 a       580     0    29     1    20
 -1.1272936575486772E-01 a       581     0    30     1     1
 -1.0222972836949717E-01 a       582     0    30     1     2
  1.8776511789475669E-01 a       583     0    30     1     3
  3.7412351601481722E-02 a       584     0    30     1     4
 -6.5799534008514182E-02 a       585     0    30     1     5
 -6.6044251919880503E-02 a       586     0    30     1     6
  8.5247879166884255E-02 a       587     0    30     1     7
  3.3694582788132192E-02 a       588     0    30     1     8
  1.5653833774251857E-01 a       589     0    30     1     9
 -4.0806645796842823E-02 a       590     0    30     1    10
 -7.7388408147706214E-02 a       591     0    30     1    11
  2.9415637030948766E-02 a       592     0    30     1    12
 -3.8230607533346478E-02 a       593     0    30     1    13
  1.9037161079947448E-02 a       594     0    30     1    14
  5.9388077463034074E-02 a       595     0    30     1    15
  4.1552339605835847E-02 a       596     0    30     1    16
  3.0272480567874013E-02 a       597     0    30     1    17
  1.4517332111565558E-02 a       598     0    30     1    18
  2.3321319179855377E-03 a       599     0    30     1    19
  1.2364799154876778E-01 a       600     0    30     1    20
 -2.4108712363106985E-01 a       601     0    31     1     1
 -2.8640483528528671E-01 a       602     0    31     1     2
  1.5868289553226794E-01 a       603     0    31     1     3
 -2.4699710373219616E-01 a       604     0    31     1     4
  3.1840558334949913E-02 a       605     0    31     1     5
 -2.1037222670397465E-01 a       606     0    31     1     6
  7.1244534340544480E-02 a       607     0    31     1     7
  1.3644635789917070E-01 a       608     0    31     1     8
 -4.0039731365492930E-02 a       609     0    31     1     9
 -1.1168353080520536E-01 a       610     0    31     1    10
 -6.4899555062590777E-02 a       611     0    31     1    11
 -1.0429300557181202E-01 a       612     0    31     1    12
  3.4217859239570531E-01 a       613     0    31     1    13
 -6.7759590979896275E-03 a       614     0    31     1    14
 -2.8348535556411941E-01 a       615     0    31     1    15
 -6.1832460095630593E-01 a       616     0    31     1    16
  1.1529554588935427E-01 a       617     0    31     1    17
 -1.6446493088336958E-01 a       618     0    31     1    18
  3.2080435419897335E-01 a       619     0    31     1    19
 -4.9023276057991616E-01 a       620     0    31     1    20
  8.9509991611557038E-01 a       621     0    32     1     1
 -4.3454769379751734E-01 a       622     0    32     1     2
 -2.2037892411752927E-01 a       623     0    32     1     3
  5.3759329585208304E-01 a       624     0    32     1     4
  1.1994490301341040E-01 a       625     0    32     1     5
 -1.2599048750301237E-01 a       626     0    32     1     6
  3.3466197992507213E-01 a       627     0    32     1     7
  8.4626064632002437E-02 a       628     0    32     1     8
 -5.6052854568271367E-02 a       629     0    32     1     9
  2.2096736907140002E-01 a       630     0    32     1    10
 -4.6685499849350665E-01 a       631     0    32     1    11
 -9.6103571615809835E-01 a       632     0    32     1    12
 -2.3713260183142831E-01 a       633     0    32     1    13
  1.8965502359002023E-01 a       634     0    32     1    14
 -4.8759781450319806E-01 a       635     0    32     1    15
  4.7086293857095196E-01 a       636     0    32     1    16
 -8.5168674654740506E-01 a       637     0    32     1    17
  4.4253116291304911E-01 a       638     0    32     1    18
 -6.9784679819121176E-02 a       639     0    32     1    19
  5.1754094434070119E-01 a       640     0    32     1    20
 -2.9564605568167768E-01 a       641     0    33     1     1
 -3.1415307836258655E-01 a       642     0    33     1     2
  1.0836737962286955E-01 a       643     0    33     1     3
 -3.0496967958344401E-01 a       644     0    33     1     4
 -1.1966381230294204E-01 a       645     0    33     1     5
 -1.9643323426418080E-01 a       646     0    33     1     6
  8.0506916950224661E-02 a       647     0    33     1     7
 -1.1566648692326997E-01 a       648     0    33     1     8
  2.3709057008680162E-01 a       649     0    33     1     9
 -5.3639486069619810E-02 a       650     0    33     1    10
 -2.9221649268648198E-01 a       651     0    33     1    11
 -1.0281552109231890E-02 a       652     0    33     1    12
  6.0262581402375434E-02 a       653     0    33     1    13
  7.3069131734444445E-02 a       654     0    33     1    14
  1.5005781500278076E-01 a       655     0    33     1    15
  4.0573535096726637E-01 a       656     0    33     1    16
  3.3814182884022465E-01 a       657     0    33     1    17
 -2.0969027932190628E-02 a       658     0    33     1    18
  5.6521139196380368E-02 a       659     0    33     1    19
 -2.4511270090306234E-01 a       660     0    33     1    20
 -1.3193604870792774E+00 a       661     0    34     1     1
  2.2935417173003880E-01 a       662     0    34     1     2
 -3.4172693012922201E-01 a       663     0    34     1     3
 -3.2319490061593070E-01 a       664     0    34     1     4
  3.0139942782167223E-04 a       665     0    34     1     5
 -1.4449112837197381E-01 a       666     0    34     1     6
  2.8884710486336940E-01 a       667     0    34     1     7
 -1.3682647497816755E-01 a       668     0    34     1     8
  4.6427425457994975E-01 a       669     0    34     1     9
 -3.4989364625749847E-01 a       670     0    34     1    10
 -1.4626709818185057E-01 a       671     0    34     1    11
  8.4630523166481386E-01 a       672     0    34     1    12
 -2.2303185328070271E-01 a       673     0    34     1    13
  1.5347026599492691E-01 a       674     0    34     1    14
 -2.7415607136599907E-01 a       675     0    34     1    15
 -4.2651870955259885E-01 a       676     0    34     1    16
  1.3114921165235247E-01 a       677     0    34     1    17
  1.3256574920765152E-01 a       678     0    34     1    18
  3.1969664842295964E-01 a       679     0    34     1    19
  1.0654491929844175E-01 a       680     0    34     1    20
  1.0266756388042959E+00 a       681     0    35     1     1
 -1.5081319415323832E-01 a       682     0    35     1     2
  3.9094885012553809E-01 a       683     0    35     1     3
  1.1132580552611659E-01 a       684     0    35     1     4
  4.7351005808628932E-01 a       685     0    35     1     5
 -4.0208760431030360E-02 a       686     0    35     1     6
 -3.2716669853388843E-02 a       687     0    35     1     7
  5.4311580027131845E-01 a       688     0    35     1     8
 -6.4799648898994555E-01 a       689     0    35     1     9
 -3.2663642974371354E-02 a       690     0    35     1    10
 -5.5920090717332345E-02 a       691     0    35     1    11
 -3.7020298532232110E-01 a       692     0    35     1    12
  1.1131071680669088E-01 a       693     0    35     1    13
  6.2157878862555103E-02 a       694     0    35     1    14
 -3.3912037885792906E-01 a       695     0    35     1    15
 -5.0281706981197016E-01 a       696     0    35     1    16
 -5.1087353402840263E-01 a       697     0    35     1    17
  2.2662163559454260E-01 a       698     0    35     1    18
  4.8996535617797626E-02 a       699     0    35     1    19
  2.3288729871142985E-01 a       700     0    35     1    20
 -2.4513268086927875E-01 a       701     0    36     1     1
 -4.5259122499214982E-01 a       702     0    36     1     2
 -2.3392620225166241E-01 a       703     0    36     1     3
 -1.8090050042293354E-01 a       704     0    36     1     4
  3.3122246609240111E-02 a       705     0    36     1     5
 -6.1385660007812082E-01 a       706     0    36     1     6
 -2.5748534369283221E-01 a       707     0    36     1     7
  3.7028572934519971E-01 a       708     0    36     1     8
 -1.0227592586995005E-01 a       709     0    36     1     9
  1.0848526356271097E-01 a       710     0    36     1    10
  4.3806103307431676E-02 a       711     0    36     1    11
  2.7958965963648702E-01 a       712     0    36     1    12
  1.0341152059407888E-01 a       713     0    36     1    13
 -1.4285281204992986E-01 a       714     0    36     1    14
 -3.3363789629152663E-01 a       715     0    36     1    15
  5.9881769829367805E-02 a       716     0    36     1    16
  1.8123178064804138E-01 a       717     0    36     1    17
  2.5429328894417277E-02 a       718     0    36     1    18
 -3.4280061680424641E-02 a       719     0    36     1    19
 -9.2833740701080858E-02 a       720     0    36     1    20
 -7.3734811205069570E-02 a       721     0    37     1     1
  4.9346858886173811E-01 a       722     0    37     1     2
 -3.4863233526340859E-01 a       723     0    37     1     3
  2.0252402756212759E-01 a       724     0    37     1     4
 -3.1257438189973569E-01 a       725     0    37     1     5
 -2.0155723886289911E-01 a       726     0    37     1     6
  4.0055512008290294E-02 a       727     0    37     1     7
  2.7508636810298875E-01 a       728     0    37     1     8
  2.9703022169073171E-02 a       729     0    37     1     9
  1.0798886702725022E-01 a       730     0    37     1    10
  8.4365082671557470E-02 a       731     0    37     1    11
  4.1421273421188454E-01 a       732     0    37     1    12
 -2.4139661295929973E-01 a       733     0    37     1    13
  1.6043117564026396E-01 a       734     0    37     1    14
  7.4916305652412640E-01 a       735     0    37     1    15
  1.3362310425605117E-01 a       736     0    37     1    16
  3.4957710678886679E-02 a       737     0    37     1    17
 -8.7323319590877399E-02 a       738     0    37     1    18
 -2.3137135787440302E-01 a       739     0    37     1    19
  2.6219698514580742E-01 a       740     0    37     1    20
 -1.0913554860712132E-02 a       741     0    38     1     1
 -6.5721915160915256E-01 a       742     0    38     1     2
  6.2574521861370525E-01 a       743     0    38     1     3
 -7.9048801592480444E-01 a       744     0    38     1     4
  8.4640969412556652E-02 a       745     0    38     1     5
  1.0479944992363030E-01 a       746     0    38     1     6
 -1.2018511281114490E+00 a       747     0    38     1     7
 -3.4495902494017344E-01 a       748     0    38     1     8
  4.0198318658926147E-02 a       749     0    38     1     9
 -1.9839500069459834E-01 a       750     0    38     1    10
  1.3907130441056501E-01 a       751     0    38     1    11
  2.7310400865672868E-01 a       752     0    38     1    12
  3.8373762094026537E-01 a       753     0    38     1    13
 -2.5476269018353165E-01 a       754     0    38     1    14
 -3.7762547804113372E-01 a       755     0    38     1    15
 -4.9870336580936125E-01 a       756     0    38     1    16
 -7.5329186788059513E-02 a       757     0    38     1    17
 -2.4237367050904127E-01 a       758     0    38     1    18
  3.5846475313856867E-02 a       759     0    38     1    19
 -4.6512601306850770E-01 a       760     0    38     1    20
  1.6732131346783710E-01 a       761     0    39     1     1
  1.1736149595037172E-01 a       762     0    39     1     2
 -2.2892968051390822E-01 a       763     0    39     1     3
  1.4141691922054728E-01 a       764     0    39     1     4
  3.2950593149723939E-01 a       765     0    39     1     5
 -1.0673582131613271E-01 a       766     0    39     1     6
 -2.3109143244304464E-01 a       767     0    39     1     7
 -1.9274773399483175E-01 a       768     0    39     1     8
 -3.7831804396335006E-01 a       769     0    39     1     9
  1.0369422548070112E-01 a       770     0    39     1    10
  2.0278166449513083E-01 a       771     0    39     1    11
  2.5557255537821899E-01 a       772     0    39     1    12
 -2.0596650015876081E-03 a       773     0    39     1    13
 -3.8552284948462268E-01 a       774     0    39     1    14
  9.0927377687041011E-02 a       775     0    39     1    15
 -4.6922190252514706E-02 a       776     0    39     1    16
  1.9077728975520142E-01 a       777     0    39     1    17
  7.1733805929872482E-02 a       778     0    39     1    18
  1.7912794324805320E-01 a       779     0    39     1    19
  1.3080804003820362E-01 a       780     0    39     1    20
  2.5146052236867339E-01 a       781     0    40     1     1
  5.9268668940089120E-01 a       782     0    40     1     2
 -2.1921977519536720E-01 a       783     0    40     1     3
  6.1319963410330180E-01 a       784     0    40     1     4
 -1.2346725719030252E-01 a       785     0    40     1     5
 -6.7014471782989415E-02 a       786     0    40     1     6
  4.0510657020394303E-01 a       787     0    40     1     7
  2.9234255893864125E-01 a       788     0    40     1     8
 -1.4763330368156927E-01 a       789     0    40     1     9
  1.3373496865524398E-01 a       790     0    40     1    10
 -1.9997836124068202E-01 a       791     0    40     1    11
 -6.7617945788614436E-02 a       792     0    40     1    12
 -1.3412404129389605E-01 a       793     0    40     1    13
  1.4942106300247471E-01 a       794     0    40     1    14
  3.2136808774234055E-01 a       795     0    40     1    15
  3.9427944719305125E-01 a       796     0    40     1    16
 -1.7745161376783516E-02 a       797     0    40     1    17
  1.3303296758155983E-01 a       798     0    40     1    18
 -1.5620503726048293E-01 a       799     0    40     1    19
 -1.8679165207745949E-01 a       800     0    40     1    20
 -1.4054194055947705E-01 a       801     0    41     1     1
  2.3030799199872456E-01 a       802     0    41     1     2
  8.4733679380117680E-02 a       803     0    41     1     3
 -4.5704124506903182E-01 a       804     0    41     1     4
  4.7958769348581959E-01 a       805     0    41     1     5
 -3.5848222715747197E-01 a       806     0    41     1     6
 -2.1251932697944981E-01 a       807     0    41     1     7
 -3.8160416711934181E-01 a       808     0    41     1     8
 -3.9885868012133635E-01 a       809     0    41     1     9
  2.7711885777716713E-02 a       810     0    41     1    10
  2.1216341189010129E-01 a       811     0    41     1    11
  6.7196758749241997E-02 a       812     0    41     1    12
 -2.1553400586112781E-01 a       813     0    41     1    13
  5.0251065908990644E-02 a       814     0    41     1    14
  2.6381127232521080E-02 a       815     0    41     1    15
  2.4729567805453136E-02 a       816     0    41     1    16
  9.7127939005923786E-02 a       817     0    41     1    17
 -3.4145378263125392E-01 a       818     0    41     1    18
  1.6931076785028082E-01 a       819     0    41     1    19
 -1.3324121246688167E-01 a       820     0    41     1    20
  2.0821834925936483E-01 a       821     0    42     1     1
 -1.8507588168144642E-01 a       822     0    42     1     2
  7.0364584040111200E-02 a       823     0    42     1     3
  4.4114465261396879E-01 a       824     0    42     1     4
 -2.4544821930122959E-01 a       825     0    42     1     5
 -2.2902060942409755E-01 a       826     0    42     1     6
 -6.2340365870886816E-02 a       827     0    42     1     7
  5.2462043313773618E-02 a       828     0    42     1     8
  2.1158536792888602E-01 a       829     0    42     1     9
 -1.6947649307870158E-01 a       830     0    42     1    10
 -2.0290804778690935E-01 a       831     0    42     1    11
 -1.6163197675850555E-01 a       832     0    42     1    12
  1.8081641726197678E-01 a       833     0    42     1    13
 -3.9027420873532442E-01 a       834     0    42     1    14
  6.9799592804312416E-02 a       835     0    42     1    15
  3.3964157231674071E-02 a       836     0    42     1    16
  2.5420118747094156E-01 a       837     0    42     1    17
 -1.5809100493574355E-01 a       838     0    42     1    18
 -6.5702129389223294E-03 a       839     0    42     1    19
  2.6266603931641030E-01 a       840     0    42     1    20
  2.1594031537861894E-03 a       841     0    43     1     1
 -8.6396360863900179E-02 a       842     0    43     1     2
 -2.1643372489761756E-01 a       843     0    43     1     3
 -2.1043280616326446E-01 a       844     0    43     1     4
 -4.3964341694846705E-02 a       845     0    43     1     5
 -6.2458755422494835E-02 a       846     0    43     1     6
  6.1897574442998676E-02 a       847     0    43     1     7
 -4.7146840227418434E-02 a       848     0    43     1     8
 -8.9712441213659747E-02 a       849     0    43     1     9
  5.2094490101215604E-03 a       850     0    43     1    10
  4.7625772124957222E-02 a       851     0    43     1    11
 -9.2522540711776596E-02 a       852     0    43     1    12
 -6.7842099619145127E-02 a       853     0    43     1    13
 -4.0557837895199483E-02 a       854     0    43     1    14
 -2.3483807204867653E-02 a       855     0    43     1    15
 -5.9924267518100656E-02 a       856     0    43     1    16
  1.7095411108693975E-02 a       857     0    43     1    17
  7.7625373415215651E-02 a       858     0    43     1    18
 -4.5406326721170974E-02 a       859     0    43     1    19
 -6.3065952441364106E-02 a       860     0    43     1    20
  2.6467300142985425E-02 a       861     0    44     1     1
  4.0119287820482290E-02 a       862     0    44     1     2
  2.1281983127673496E-01 a       863     0    44     1     3
 -1.1041907112751707E-01 a       864     0    44     1     4
  6.2530078882647500E-02 a       865     0    44     1     5
  1.3550347632071368E-02 a       866     0    44     1     6
 -2.0176804810427709E-01 a       867     0    44     1     7
  1.8154523129561828E-01 a       868     0    44     1     8
  6.1119758928098081E-02 a       869     0    44     1     9
 -2.8251228152067650E-02 a       870     0    44     1    10
  7.1768289315012807E-02 a       871     0    44     1    11
  1.8315535872268160E-01 a       872     0    44     1    12
  2.8013763145352106E-02 a       873     0    44     1    13
  9.0938584294071825E-02 a       874     0    44     1    14
  8.8049779930892635E-02 a       875     0    44     1    15
  1.3605251757061837E-01 a       876     0    44     1    16
  1.2043412307271557E-01 a       877     0    44     1    17
  1.2893384827061133E-01 a       878     0    44     1    18
 -1.4300322423695602E-01 a       879     0    44     1    19
  1.3702296108773149E-01 a       880     0    44     1    20
  9.2393469179683982E-02 a       881     0    45     1     1
 -5.3207283769751937E-02 a       882     0    45     1     2
 -4.8225024443317548E-03 a       883     0    45     1     3
 -3.5383490132572043E-01 a       884     0    45     1     4
 -1.1353499898653721E-01 a       885     0    45     1     5
  3.1586492616050434E-02 a       886     0    45     1     6
  4.4320095758446629E-02 a       887     0    45     1     7
  1.6189884078272057E-01 a       888     0    45     1     8
 -2.6109653581402870E-01 a       889     0    45     1     9
  4.0135585865920783E-03 a       890     0    45     1    10
  6.0410219378262880E-02 a       891     0    45     1    11
 -5.9139491569837777E-02 a       892     0    45     1    12
 -6.8945441514736625E-02 a       893     0    45     1    13
  1.3709365996188324E-02 a       894     0    45     1    14
  1.5597835120178255E-01 a       895     0    45     1    15
 -3.2759686085682693E-01 a       896     0    45     1    16
  1.2203598952298033E-02 a       897     0    45     1    17
  1.1933746206999908E-01 a       898     0    45     1    18
 -8.4852263422105237E-02 a       899     0    45     1    19
 -2.2462119929360654E-02 a       900     0    45     1    20
  5.7150759396175418E-03 a       901     0    46     1     1
  4.1484305503794519E-02 a       902     0    46     1     2
  6.8459915069537785E-03 a       903     0    46     1     3
  1.5012411190699509E-01 a       904     0    46     1     4
 -1.7036185270299171E-02 a       905     0    46     1     5
 -1.1991162391860515E-01 a       906     0    46     1     6
  3.1684306253592026E-01 a       907     0    46     1     7
  3.4436836859695112E-02 a       908     0    46     1     8
 -3.1846262512535395E-01 a       909     0    46     1     9
 -1.5261741497219455E-01 a       910     0    46     1    10
 -3.9917116492872612E-01 a       911     0    46     1    11
 -1.8334160729507346E-01 a       912     0    46     1    12
 -1.9939834143790064E-01 a       913     0    46     1    13
  1.7864650266182461E-01 a       914     0    46     1    14
 -1.6560543680884621E-01 a       915     0    46     1    15
 -8.1197259025000010E-02 a       916     0    46     1    16
 -2.1443240208757042E-01 a       917     0    46     1    17
  3.1666559011213669E-01 a       918     0    46     1    18
  1.1586504470124327E-01 a       919     0    46     1    19
 -1.9972819127790128E-01 a       920     0    46     1    20
  2.0772750780300143E-02 a       921     0    47     1     1
  1.5748334563680588E-01 a       922     0    47     1     2
  1.2165800891554111E-01 a       923     0    47     1     3
  3.1814181268252306E-01 a       924     0    47     1     4
 -5.4653377322101682E-03 a       925     0    47     1     5
  6.6389870169545351E-01 a       926     0    47     1     6
  6.1691170644222394E-02 a       927     0    47     1     7
  2.3489596050853079E-01 a       928     0    47     1     8
  1.1535272673189265E-01 a       929     0    47     1     9
  2.9180273059312794E-02 a       930     0    47     1    10
  2.4033494152776287E-02 a       931     0    47     1    11
  8.5283954654083782E-02 a       932     0    47     1    12
  7.5055997710760394E-02 a       933     0    47     1    13
 -1.6033194550987057E-01 a       934     0    47     1    14
 -7.2134329156162899E-03 a       935     0    47     1    15
 -6.2943690148111769E-02 a       936     0    47     1    16
 -6.3508847645615929E-02 a       937     0    47     1    17
  8.4527136810270714E-02 a       938     0    47     1    18
  6.4151409506962409E-02 a       939     0    47     1    19
  6.5081366882734693E-02 a       940     0    47     1    20
  1.6553848189296352E-03 a       941     0    48     1     1
  5.4632148370040420E-02 a       942     0    48     1     2
  2.2084128806046036E-01 a       943     0    48     1     3
 -1.1093448481731635E-01 a       944     0    48     1     4
 -1.1484720785598927E-01 a       945     0    48     1     5
  2.3931360415385235E-02 a       946     0    48     1     6
  1.7555672290657223E-01 a       947     0    48     1     7
 -4.3395563648258147E-02 a       948     0    48     1     8
 -4.7809006826614431E-02 a       949     0    48     1     9
 -8.2973985401574718E-02 a       950     0    48     1    10
  1.1143131635230490E-02 a       951     0    48     1    11
 -1.9752040168445401E-01 a       952     0    48     1    12
 -4.3928532111463775E-02 a       953     0    48     1    13
 -2.8669378573929971E-01 a       954     0    48     1    14
  1.0451792923184319E-01 a       955     0    48     1    15
  1.8044667674168291E-01 a       956     0    48     1    16
  1.0173588978668567E-01 a       957     0    48     1    17
 -1.1465019690248973E-01 a       958     0    48     1    18
  4.2041259535272477E-02 a       959     0    48     1    19
 -3.4390856331952013E-01 a       960     0    48     1    20
  1.5593639626241110E-01 a       961     0    49     1     1
 -8.4789464247010435E-02 a       962     0    49     1     2
  4.5301306083019049E-01 a       963     0    49     1     3
  2.1086623166949637E-02 a       964     0    49     1     4
  2.1891014210486592E-01 a       965     0    49     1     5
  7.5795133620679647E-02 a       966     0    49     1     6
 -2.2182387252635577E-01 a       967     0    49     1     7
 -3.1868892255209225E-01 a       968     0    49     1     8
 -6.6985848771827727E-02 a       969     0    49     1     9
  5.8293013511661251E-03 a       970     0    49     1    10
 -2.2129485162477694E-01 a       971     0    49     1    11
 -1.5315265267142864E-01 a       972     0    49     1    12
  1.1010926251578121E-01 a       973     0    49     1    13
  8.4761539953383966E-02 a       974     0    49     1    14
 -3.1758940544019182E-01 a       975     0    49     1    15
  6.3733812407617929E-01 a       976     0    49     1    16
  2.6302731713997307E-01 a       977     0    49     1    17
 -7.4055579434142996E-02 a       978     0    49     1    18
 -1.0597961545228063E-01 a       979     0    49     1    19
 -8.8852849091509437E-02 a       980     0    49     1    20
 -4.1623064671201310E-01 a       981     0    50     1     1
  4.0182002818854312E-01 a       982     0    50     1     2
 -3.7146417243532254E-01 a       983     0    50     1     3
  3.3449584391356157E-01 a       984     0    50     1     4
  3.1835587941937066E-01 a       985     0    50     1     5
 -4.5315308072974425E-01 a       986     0    50     1     6
  1.6312528905894295E+00 a       987     0    50     1     7
  3.3239295474189323E-01 a       988     0    50     1     8
  2.2728749772960569E-01 a       989     0    50     1     9
  4.8471602448846657E-02 a       990     0    50     1    10
  1.0064522581123312E+00 a       991     0    50     1    11
  7.9878476205681601E-02 a       992     0    50     1    12
 -2.9878570520222153E-01 a       993     0    50     1    13
  2.3852255550512347E-01 a       994     0    50     1    14
  6.5638394593064409E-01 a       995     0    50     1    15
 -4.7546766411663693E-01 a       996     0    50     1    16
  2.3374282447568720E-01 a       997     0    50     1    17
 -1.1114846942841027E-03 a       998     0    50     1    18
  9.7879991307511752E-02 a       999     0    50     1    19
  3.0976686969652723E-01 a      1000     0    50     1    20
 -9.7880059685008097E-03 a      1001     0    51     1     1
  6.0454720080545546E-02 a      1002     0    51     1     2
  1.0034199002203917E-01 a      1003     0    51     1     3
  2.9519853309666633E-01 a      1004     0    51     1     4
 -1.5816444035978730E-01 a      1005     0    51     1     5
  1.8691341988329793E-01 a      1006     0    51     1     6
  4.1227534378190593E-02 a      1007     0    51     1     7
  2.4789142479373641E-01 a      1008     0    51     1     8
  1.9771168911339901E-01 a      1009     0    51     1     9
 -2.1150441146766219E-03 a      1010     0    51     1    10
 -1.7769610784561252E-01 a      1011     0    51     1    11
 -1.2815226466236959E-01 a      1012     0    51     1    12
  4.4889463572087132E-02 a      1013     0    51     1    13
  2.9663610093682158E-01 a      1014     0    51     1    14
 -8.6630245563642266E-02 a      1015     0    51     1    15
 -1.5912891842364352E-01 a      1016     0    51     1    16
 -1.6755048436333894E-01 a      1017     0    51     1    17
 -1.1707318592916063E-01 a      1018     0    51     1    18
 -7.0957051541444008E-02 a      1019     0    51     1    19
 -3.3977016573555469E-01 a      1020     0    51     1    20
  9.9697638966672761E-02 a      1021     0    52     1     1
 -3.2976794932914677E-01 a      1022     0    52     1     2
  4.3709595398630563E-02 a      1023     0    52     1     3
 -3.8207764799138916E-01 a      1024     0    52     1     4
 -2.7664753927363167E-01 a      1025     0    52     1     5
  3.5959806340563627E-01 a      1026     0    52     1     6
 -6.2967454049728422E-01 a      1027     0    52     1     7
 -1.1884453084819808E-01 a      1028     0    52     1     8
  1.8354625178212635E-02 a      1029     0    52     1     9
 -2.0762939621737021E-02 a      1030     0    52     1    10
 -4.5421143056852875E-01 a      1031     0    52     1    11
 -3.8976855960911133E-02 a      1032     0    52     1    12
  1.2994329614716929E-01 a      1033     0    52     1    13
 -9.1630972740878849E-02 a      1034     0    52     1    14
 -3.1324603149013414E-01 a      1035     0    52     1    15
  3.7513899301198594E-01 a      1036     0    52     1    16
 -3.3053046648732770E-01 a      1037     0    52     1    17
  1.1964070989481514E-01 a      1038     0    52     1    18
 -7.0803617407983093E-03 a      1039     0    52     1    19
  4.0942196698679822E-02 a      1040     0    52     1    20
 -4.7722353755977159E-01 a      1041     0    53     1     1
  2.2160978659478883E-01 a      1042     0    53     1     2
 -2.7348316667905120E-01 a      1043     0    53     1     3
 -9.6424694337368545E-03 a      1044     0    53     1     4
 -3.3504416218959381E-02 a      1045     0    53     1     5
 -3.4041254186149628E-01 a      1046     0    53     1     6
  6.7349959863954956E-01 a      1047     0    53     1     7
 -8.6944228687863556E-01 a      1048     0    53     1     8
  4.3779912732821724E-01 a      1049     0    53     1     9
  5.0863176036188340E-02 a      1050     0    53     1    10
  5.5572594742531822E-01 a      1051     0    53     1    11
 -1.2905386481875200E-01 a      1052     0    53     1    12
 -1.2281204150804975E-01 a      1053     0    53     1    13
 -1.9169219209905763E-01 a      1054     0    53     1    14
  2.0322014691146656E-01 a      1055     0    53     1    15
  4.8204651735528803E-01 a      1056     0    53     1    16
  8.5845139447104660E-02 a      1057     0    53     1    17
  1.2006592305166058E-01 a      1058     0    53     1    18
  1.3226814382647775E-01 a      1059     0    53     1    19
 -1.0192913064989209E-01 a      1060     0    53     1    20
 -1.2415182030710797E-01 a      1061     0    54     1     1
  2.3035481729871958E-02 a      1062     0    54     1     2
  1.6990334889705366E-01 a      1063     0    54     1     3
  5.0350803118333798E-01 a      1064     0    54     1     4
  1.5668124779016179E-01 a      1065     0    54     1     5
  2.9428295263535115E-01 a      1066     0    54     1     6
  2.7670254279238974E-02 a      1067     0    54     1     7
 -1.2397056081554493E-01 a      1068     0    54     1     8
 -4.4755711583905719E-02 a      1069     0    54     1     9
  3.9457116994400694E-02 a      1070     0    54     1    10
  3.6948190772521129E-02 a      1071     0    54     1    11
 -1.5582243458120421E-01 a      1072     0    54     1    12
 -8.5496053735818742E-02 a      1073     0    54     1    13
 -4.1465154518567941E-03 a      1074     0    54     1    14
 -3.0437352218667996E-01 a      1075     0    54     1    15
  9.1988065421841389E-02 a      1076     0    54     1    16
 -2.0503441012484414E-01 a      1077     0    54     1    17
 -5.4684943422789878E-01 a      1078     0    54     1    18
  3.1509661366222452E-01 a      1079     0    54     1    19
  3.3963090769360958E-02 a      1080     0    54     1    20
 -6.0308055854015308E-01 b      1081     1     1
 -1.2801087968572815E+00 b      1082     1     2
  1.2889600488449937E-01 b      1083     1     3
 -2.6929443079603581E-02 b      1084     1     4
  3.3743737719201750E-01 b      1085     1     5
  1.4362858251068624E+00 b      1086     1     6
 -1.2972114994875166E+00 b      1087     1     7
 -8.9257528910103090E-01 b      1088     1     8
 -7.5699683521931838E-01 b      1089     1     9
 -6.1996064986631017E-01 b      1090     1    10
 -1.1176202534818962E+00 b      1091     1    11
  2.9293150726649908E-01 b      1092     1    12
  3.5273035133902508E-01 b      1093     1    13
 -3.9114704931761091E-01 b      1094     1    14
 -1.0368567413944305E-01 b      1095     1    15
  1.3595977312375449E+00 b      1096     1    16
 -6.7513680216580857E-02 b      1097     1    17
 -1.0548393661396922E+00 b      1098     1    18
 -4.0782237481688638E-01 b      1099     1    19
 -7.4451968589113315E-01 b      1100     1    20
 -1.7073153302595243E-01 a      1101     1     1     2     1
  1.8750200066329773E-05 a      1102     1     1     2     2
 -7.1137699528746978E-01 a      1103     1     1     2     3
  1.1453152214511979E+00 a      1104     1     1     2     4
  6.2370256222691232E-02 a      1105     1     1     2     5
  4.1420507857860267E-01 a      1106     1     1     2     6
  3.2661209205957464E-01 a      1107     1     1     2     7
  8.4835221532393712E-01 a      1108     1     1     2     8
  3.3217124095052525E-01 a      1109     1     1     2     9
  5.4270292873978311E-02 a      1110     1     1     2    10
 -4.4626213013227264E-02 a      1111     1     1     2    11
 -5.8068001694100357E-01 a      1112     1     1     2    12
 -5.2394524851372171E-01 a      1113     1     1     2    13
 -6.1984657073026639E-01 a      1114     1     1     2    14
  7.9801051917655519E-02 a      1115     1     1     2    15
 -1.4416827484362410E-01 a      1116     1     1     2    16
  2.9968512696939487E-01 a      1117     1     1     2    17
 -2.0349636476927849E-01 a      1118     1     1     2    18
  4.0848890110952624E-01 a      1119     1     1     2    19
  5.9553658501944928E-01 a      1120     1     1     2    20
  5.0675193898068660E-01 a      1121     1     2     2     1
 -1.1675818976454488E-01 a      1122     1     2     2     2
  2.6426849092580762E-01 a      1123     1     2     2     3
  3.9343186534486296E-01 a      1124     1     2     2     4
  1.8517400930787395E-01 a      1125     1     2     2     5
 -5.4132847322898148E-01 a      1126     1     2     2     6
  5.7869259198095747E-02 a      1127     1     2     2     7
 -1.0094697288733609E-01 a      1128     1     2     2     8
  7.2204957863979391E-01 a      1129     1     2     2     9
  7.1244935557851191E-02 a      1130     1     2     2    10
  4.2398054117820261E-01 a      1131     1     2     2    11
  4.2130271493268456E-01 a      1132     1     2     2    12
 -4.6688467751477059E-01 a      1133     1     2     2    13
 -5.0218683394647234E-01 a      1134     1     2     2    14
 -8.1751352718971959E-01 a      1135     1     2     2    15
  6.1264748913881195E-01 a      1136     1     2     2    16
  3.1915998280703883E-01 a      1137     1     2     2    17
  6.1996721795392140E-01 a      1138     1     2     2    18
 -5.2023561752843228E-01 a      1139     1     2     2    19
  6.2094950127759105E-02 a      1140     1     2     2    20
  8.8536293601364613E-02 a      1141     1     3     2     1
  5.7633468022899170E-01 a      1142     1     3     2     2
 -2.3095763030661329E-01 a      1143     1     3     2     3
  1.4242232055870727E-01 a      1144     1     3     2     4
  8.7976339778161539E-01 a      1145     1     3     2     5
  1.4934596406263381E-01 a      1146     1     3     2     6
  2.0248629310279298E-01 a      1147     1     3     2     7
 -9.4506594011620670E-01 a      1148     1     3     2     8
 -2.8261840679444400E-01 a      1149     1     3     2     9
 -2.2026188321392717E-01 a      1150     1     3     2    10
 -3.0161683758847330E-01 a      1151     1     3     2    11
  9.0542419647874767E-02 a      1152     1     3     2    12
 -4.4246817571181978E-02 a      1153     1     3     2    13
 -6.0516467740192093E-01 a      1154     1     3     2    14
  2.6024748628585143E-01 a      1155     1     3     2    15
  7.2073239997654914E-01 a      1156     1     3     2    16
  4.4284368231387311E-01 a      1157     1     3     2    17
 -6.8303274475721054E-01 a      1158     1     3     2    18
 -3.6114949481642300E-01 a      1159     1     3     2    19
 -2.6908310726491924E-01 a      1160     1     3     2    20
  5.7990478530023515E-01 a      1161     1     4     2     1
 -7.9401296881750003E-02 a      1162     1     4     2     2
 -2.1608529466683657E-01 a      1163     1     4     2     3
  5.5814526657023122E-01 a      1164     1     4     2     4
 -6.1140174621215537E-01 a      1165     1     4     2     5
  1.7593077160429257E-01 a      1166     1     4     2     6
  5.5219316094930937E-01 a      1167     1     4     2     7
  2.7663928911026525E-01 a      1168     1     4     2     8
  2.4079799866240900E-01 a      1169     1     4     2     9
  2.8524361043406166E-01 a      1170     1     4     2    10
  2.4743166228296953E-01 a      1171     1     4     2    11
  7.9686275326544742E-01 a      1172     1     4     2    12
  1.3345391857467134E-01 a      1173     1     4     2    13
  3.4530139245229713E-01 a      1174     1     4     2    14
 -2.0478238699924939E-01 a      1175     1     4     2    15
  4.6725151999993358E-01 a      1176     1     4     2    16
  6.8414259627578755E-01 a      1177     1     4     2    17
 -6.6526493223406669E-01 a      1178     1     4     2    18
  3.8753431385120729E-01 a      1179     1     4     2    19
  6.1133333612882212E-01 a      1180     1     4     2    20
  6.5638660987760833E-02 a      1181     1     5     2     1
 -2.6287658655458734E-01 a      1182     1     5     2     2
 -8.1382548164532664E-01 a      1183     1     5     2     3
 -4.1660649803222333E-01 a      1184     1     5     2     4
  4.4995020493387311E-01 a      1185     1     5     2     5
  7.9760853614256721E-02 a      1186     1     5     2     6
  6.9356829549611887E-01 a      1187     1     5     2     7
  3.9711166907476642E-01 a      1188     1     5     2     8
 -2.3382812467345496E-01 a      1189     1     5     2     9
  3.9269193724699447E-02 a      1190     1     5     2    10
  2.0938212459104555E-01 a      1191     1     5     2    11
  6.7490924366902605E-01 a      1192     1     5     2    12
  4.5959904305888627E-01 a      1193     1     5     2    13
 -6.3413093646854435E-01 a      1194     1     5     2    14
 -2.6247511494070430E-01 a      1195     1     5     2    15
  1.2026064421811582E-01 a      1196     1     5     2    16
 -3.3506600610532267E-01 a      1197     1     5     2    17
  5.7520755517195786E-02 a      1198     1     5     2    18
 -5.7878590891617532E-01 a      1199     1     5     2    19
  2.3588229283412337E-01 a      1200     1     5     2    20
 -3.3499110092178375E-01 a      1201     1     6     2     1
  1.3793160818538105E-01 a      1202     1     6     2     2
 -5.1208648961259906E-01 a      1203     1     6     2     3
 -2.0784138333930569E-01 a      1204     1     6     2     4
  7.9279684297911560E-02 a      1205     1     6     2     5
  8.6458343667839022E-01 a      1206     1     6     2     6
 -7.5556592835983746E-02 a      1207     1     6     2     7
 -5.5120062099585719E-02 a      1208     1     6     2     8
 -3.1215318293823424E-01 a      1209     1     6     2     9
  5.1153812324474413E-01 a      1210     1     6     2    10
 -2.5825341361048526E-01 a      1211     1     6     2    11
 -5.8750053490319343E-01 a      1212     1     6     2    12
  8.3647021880349282E-02 a      1213     1     6     2    13
  2.5321264008503014E-01 a      1214     1     6     2    14
  2.2674773831127534E-01 a      1215     1     6     2    15
  6.6294208457489034E-01 a      1216     1     6     2    16
 -4.3139651341919671E-01 a      1217     1     6     2    17
 -3.2101624759167813E-01 a      1218     1     6     2    18
 -2.4473644762476438E-03 a      1219     1     6     2    19
 -7.2657127254460652E-01 a      1220     1     6     2    20
 -2.3718671203917993E-01 a      1221     1     7     2     1
 -2.6331383138537462E-01 a      1222     1     7     2     2
  5.4964488986881732E-01 a      1223     1     7     2     3
  1.4712147431562279E+00 a      1224     1     7     2     4
 -1.7055721709008861E-02 a      1225     1     7     2     5
  4.3562737849516009E-01 a      1226     1     7     2     6
  2.3173722319865508E-01 a      1227     1     7     2     7
  1.3807935664190247E+00 a      1228     1     7     2     8
 -3.7423446969741370E-02 a      1229     1     7     2     9
  1.3400099897899645E-01 a      1230     1     7     2    10
  1.0328084971963782E-01 a      1231     1     7     2    11
 -3.3953744894312360E-01 a      1232     1     7     2    12
 -1.5062655168103076E-01 a      1233     1     7     2    13
 -3.0396970409280855E-01 a      1234     1     7     2    14
  6.1792185521964249E-01 a      1235     1     7     2    15
 -1.8029651388429491E-01 a      1236     1     7     2    16
 -7.2602532100265471E-01 a      1237     1     7     2    17
  3.8980337003864229E-01 a      1238     1     7     2    18
 -1.9728255802551042E-01 a      1239     1     7     2    19
  3.6171777753582496E-01 a      1240     1     7     2    20
  6.9254681735180834E-01 a      1241     1     8     2     1
 -5.8703437162144445E-01 a      1242     1     8     2     2
  9.2835432632491999E-02 a      1243     1     8     2     3
  1.9808205607787274E-01 a      1244     1     8     2     4
  4.5432250361288049E-02 a      1245     1     8     2     5
  6.6194483877037202E-01 a      1246     1     8     2     6
  5.9308927250080723E-01 a      1247     1     8     2     7
 -2.3559971020469311E-01 a      1248     1     8     2     8
 -1.3020699218462332E-02 a      1249     1     8     2     9
  4.5915622783114796E-01 a      1250     1     8     2    10
 -4.3351009083917230E-01 a      1251     1     8     2    11
 -4.8449941693983561E-01 a      1252     1     8     2    12
  1.8054100336194778E-01 a      1253     1     8     2    13
  2.2512292288821945E-01 a      1254     1     8     2    14
 -8.6216754576625476E-01 a      1255     1     8     2    15
  7.0880302998028011E-01 a      1256     1     8     2    16
 -2.2701690511398995E-01 a      1257     1     8     2    17
 -4.3986187630773854E-01 a      1258     1     8     2    18
  2.3761677455633856E-01 a      1259     1     8     2    19
  7.7483624899635206E-01 a      1260     1     8     2    20
 -3.2851367705474177E-01 a      1261     1     9     2     1
 -3.5929106762373475E-01 a      1262     1     9     2     2
 -4.1160436865668343E-01 a      1263     1     9     2     3
 -1.8215797829928340E-01 a      1264     1     9     2     4
 -8.8420102125607636E-01 a      1265     1     9     2     5
  4.7476954868182575E-01 a      1266     1     9     2     6
  3.7513747688625532E-02 a      1267     1     9     2     7
  3.4104633473416052E-02 a      1268     1     9     2     8
 -6.7010657705749721E-01 a      1269     1     9     2     9
  7.3047466923536386E-01 a      1270     1     9     2    10
  5.7097081601621158E-01 a      1271     1     9     2    11
  2.9188545842014280E-01 a      1272     1     9     2    12
 -2.4815356124644633E-01 a      1273     1     9     2    13
 -4.2187110011662188E-01 a      1274     1     9     2    14
 -5.0851852161678812E-02 a      1275     1     9     2    15
  6.1616289073188368E-01 a      1276     1     9     2    16
 -6.1764720299668296E-01 a      1277     1     9     2    17
  3.6433101491066072E-01 a      1278     1     9     2    18
 -3.7470385627782138E-01 a      1279     1     9     2    19
  1.2324854752878794E-02 a      1280     1     9     2    20
 -1.1716798669358629E-01 a      1281     1    10     2     1
 -4.0959451987541345E-01 a      1282     1    10     2     2
  1.5772570533189317E-01 a      1283     1    10     2     3
 -6.7981910663614087E-02 a      1284     1    10     2     4
 -3.1121749215848804E-01 a      1285     1    10     2     5
 -5.2648206880457338E-01 a      1286     1    10     2     6
  2.4130369390317991E-01 a      1287     1    10     2     7
 -7.3579206062260005E-01 a      1288     1    10     2     8
 -3.4232114568510297E-01 a      1289     1    10     2     9
  4.1345945342446899E-01 a      1290     1    10     2    10
 -1.9491275979918499E-01 a      1291     1    10     2    11
 -2.3301801789510163E-01 a      1292     1    10     2    12
 -6.6813213866605015E-01 a      1293     1    10     2    13
  1.2699498661805225E-01 a      1294     1    10     2    14
 -4.5710074091403513E-01 a      1295     1    10     2    15
 -6.6528492071180154E-02 a      1296     1    10     2    16
  3.9243350962033546E-01 a      1297     1    10     2    17
  1.9666953726204128E-01 a      1298     1    10     2    18
  9.2986352078287898E-02 a      1299     1    10     2    19
  9.3984002261363747E-02 a      1300     1    10     2    20
  8.0136274219456638E-01 a      1301     1    11     2     1
 -7.1487942247958702E-01 a      1302     1    11     2     2
  5.4269768132100171E-01 a      1303     1    11     2     3
  4.7128552570399829E-01 a      1304     1    11     2     4
  2.2191076074099320E-01 a      1305     1    11     2     5
  2.7051021865070629E-01 a      1306     1    11     2     6
  6.1321893403927996E-01 a      1307     1    11     2     7
 -5.7041563327220812E-01 a      1308     1    11     2     8
  4.7357143108062572E-01 a      1309     1    11     2     9
  7.0914261112353827E-01 a      1310     1    11     2    10
  5.1236547643428276E-01 a      1311     1    11     2    11
  3.8200648194223524E-01 a      1312     1    11     2    12
 -2.0513378155401985E-01 a      1313     1    11     2    13
  3.5613992506863346E-01 a      1314     1    11     2    14
 -8.3078264965405546E-01 a      1315     1    11     2    15
 -1.4580373273155606E-01 a      1316     1    11     2    16
  3.5907582733841853E-01 a      1317     1    11     2    17
 -3.8526047555992543E-01 a      1318     1    11     2    18
  5.2671822153807779E-03 a      1319     1    11     2    19
  1.8725590128222525E-01 a      1320     1    11     2    20
 -6.1689598577377791E-01 a      1321     1    12     2     1
 -8.4261264287641169E-01 a      1322     1    12     2     2
  1.1126321049061998E+00 a      1323     1    12     2     3
 -3.0744161217634480E-01 a      1324     1    12     2     4
  1.0235253286177817E-01 a      1325     1    12     2     5
  1.2255878565531962E-01 a      1326     1    12     2     6
  1.8105409039487955E-01 a      1327     1    12     2     7
  3.4424266805113501E-01 a      1328     1    12     2     8
 -3.4973914970205305E-01 a      1329     1    12     2     9
  1.4976998760587942E-02 a      1330     1    12     2    10
  1.4048032404878116E-01 a      1331     1    12     2    11
 -1.4549076771653632E-01 a      1332     1    12     2    12
 -4.3927529808747101E-01 a      1333     1    12     2    13
  1.3089676960494021E-01 a      1334     1    12     2    14
  9.8078031194120130E-01 a      1335     1    12     2    15
  7.6643235396763792E-02 a      1336     1    12     2    16
  3.6433834833344392E-01 a      1337     1    12     2    17
 -5.9038698722413963E-01 a      1338     1    12     2    18
  4.9980924130563220E-01 a      1339     1    12     2    19
  6.1809314539444049E-01 a      1340     1    12     2    20
 -4.9773707607203593E-01 a      1341     1    13     2     1
  6.2756513792819169E-01 a      1342     1    13     2     2
  1.1775859945055398E+00 a      1343     1    13     2     3
  2.6119105564652961E-01 a      1344     1    13     2     4
  1.5775447131198661E-01 a      1345     1    13     2     5
  1.1437176911366517E-01 a      1346     1    13     2     6
 -3.8663283238135260E-01 a      1347     1    13     2     7
 -1.1341554377061834E-01 a      1348     1    13     2     8
 -2.6720209282279317E-01 a      1349     1    13     2     9
  3.6939496221508911E-01 a      1350     1    13     2    10
 -8.2529911388635080E-01 a      1351     1    13     2    11
 -4.9212656038032571E-02 a      1352     1    13     2    12
  3.0746483468613162E-01 a      1353     1    13     2    13
 -5.4014499664393610E-02 a      1354     1    13     2    14
 -1.0027100629871537E-01 a      1355     1    13     2    15
  6.0571467503154131E-01 a      1356     1    13     2    16
 -1.4339316411899297E-01 a      1357     1    13     2    17
 -5.8548069063098795E-01 a      1358     1    13     2    18
 -5.0344694707023907E-01 a      1359     1    13     2    19
  2.2168974913885181E-01 a      1360     1    13     2    20
  2.8853961299421615E-01 a      1361     1    14     2     1
  2.4236343605362137E-01 a      1362     1    14     2     2
  1.2639662253801973E-01 a      1363     1    14     2     3
  2.7299682200430869E-01 a      1364     1    14     2     4
  1.8735763472256581E-01 a      1365     1    14     2     5
 -2.6272994083131235E-01 a      1366     1    14     2     6
  3.2297820581178310E-01 a      1367     1    14     2     7
 -1.6884575735498311E-01 a      1368     1    14     2     8
  5.0549446555812905E-01 a      1369     1    14     2     9
  3.1185837716433851E-01 a      1370     1    14     2    10
 -1.3953958617837284E-01 a      1371     1    14     2    11
 -1.2211724774666073E-01 a      1372     1    14     2    12
 -1.1867661050122680E-01 a      1373     1    14     2    13
 -7.0511998523849506E-01 a      1374     1    14     2    14
 -1.2513132840489422E-01 a      1375     1    14     2    15
 -6.3831898388641461E-01 a      1376     1    14     2    16
 -4.1809038257123919E-02 a      1377     1    14     2    17
 -8.8921171782252520E-02 a      1378     1    14     2    18
  9.3899611902976909E-02 a      1379     1    14     2    19
 -3.9417147723344842E-01 a      1380     1    14     2    20
  6.5584682133424854E-01 a      1381     1    15     2     1
 -1.1263155132567226E+00 a      1382     1    15     2     2
  3.2048698343092935E-03 a      1383     1    15     2     3
  1.1714193820083958E-01 a      1384     1    15     2     4
 -4.0132041619632453E-01 a      1385     1    15     2     5
 -3.4122736534041081E-03 a      1386     1    15     2     6
 -2.2665584198159436E-01 a      1387     1    15     2     7
  4.7586096130136574E-01 a      1388     1    15     2     8
  3.4888549557172199E-01 a      1389     1    15     2     9
  2.8581946428703803E-01 a      1390     1    15     2    10
  3.8558047526547651E-01 a      1391     1    15     2    11
  4.6323136155440564E-02 a      1392     1    15     2    12
  3.0198232761116084E-01 a      1393     1    15     2    13
  1.0122415137285445E+00 a      1394     1    15     2    14
 -3.9552018918018067E-01 a      1395     1    15     2    15
 -2.6168229395044024E-01 a      1396     1    15     2    16
  8.5684713104100640E-02 a      1397     1    15     2    17
 -1.6302923156854368E-01 a      1398     1    15     2    18
 -1.0177669903194121E-01 a      1399     1    15     2    19
 -1.7332294960147029E-01 a      1400     1    15     2    20
  4.8399737549662653E-01 a      1401     1    16     2     1
  1.7251661369727618E-02 a      1402     1    16     2     2
 -7.4399804545381462E-02 a      1403     1    16     2     3
  5.8987883310431322E-01 a      1404     1    16     2     4
  5.3523709977592870E-01 a      1405     1    16     2     5
 -1.6135181527625828E-01 a      1406     1    16     2     6
  6.2251764930049047E-01 a      1407     1    16     2     7
 -4.8027930368257998E-01 a      1408     1    16     2     8
 -3.3793271716375167E-01 a      1409     1    16     2     9
 -3.3222429046765356E-01 a      1410     1    16     2    10
 -6.1642762373482274E-01 a      1411     1    16     2    11
 -4.0273597961647711E-01 a      1412     1    16     2    12
  9.1389521730932219E-02 a      1413     1    16     2    13
  2.2067884449167169E-01 a      1414     1    16     2    14
  1.7571638402232845E-04 a      1415     1    16     2    15
 -2.3931434512118474E-01 a      1416     1    16     2    16
  8.6795095952297036E-02 a      1417     1    16     2    17
 -1.5037697657886331E-01 a      1418     1    16     2    18
  2.6664415718599682E-01 a      1419     1    16     2    19
  3.0403711450007381E-01 a      1420     1    16     2    20
  4.6524539402170401E-01 a      1421     1    17     2     1
  6.6212994129165448E-01 a      1422     1    17     2     2
 -5.9923120207753466E-01 a      1423     1    17     2     3
  8.3199999512081524E-01 a      1424     1    17     2     4
  2.2592256738865457E-01 a      1425     1    17     2     5
 -2.8878700547682490E-01 a      1426     1    17     2     6
  6.4452821064235644E-01 a      1427     1    17     2     7
 -5.7590565383576386E-01 a      1428     1    17     2     8
  6.5681470944665021E-01 a      1429     1    17     2     9
  6.6064115241933985E-01 a      1430     1    17     2    10
  3.0808331096844971E-01 a      1431     1    17     2    11
 -1.1551056766718217E-01 a      1432     1    17     2    12
 -2.8479809991749555E-01 a      1433     1    17     2    13
 -6.5280933267214444E-02 a      1434     1    17     2    14
 -7.4199053944479190E-02 a      1435     1    17     2    15
 -5.9797796273465376E-01 a      1436     1    17     2    16
 -3.9679083552571043E-01 a      1437     1    17     2    17
  6.9609186192050121E-01 a      1438     1    17     2    18
 -4.0485220266014055E-01 a      1439     1    17     2    19
 -5.2972926235099704E-01 a      1440     1    17     2    20
 -1.7175901098172489E-01 a      1441     1    18     2     1
  6.9065094600967858E-01 a      1442     1    18     2     2
  1.3516867182893219E-01 a      1443     1    18     2     3
  1.9414870956906430E-01 a      1444     1    18     2     4
 -3.4529526522128640E-01 a      1445     1    18     2     5
 -4.4503888477417936E-01 a      1446     1    18     2     6
  2.9284692366805409E-01 a      1447     1    18     2     7
  1.9213361823078584E-01 a      1448     1    18     2     8
 -5.8951874498057422E-01 a      1449     1    18     2     9
 -4.7798754868909465E-01 a      1450     1    18     2    10
  6.6348348220372511E-01 a      1451     1    18     2    11
 -2.9830928101956183E-01 a      1452     1    18     2    12
  4.0097237207000008E-01 a      1453     1    18     2    13
  8.0179868238682270E-02 a      1454     1    18     2    14
 -5.8231503402950591E-01 a      1455     1    18     2    15
 -2.1585650600180464E-01 a      1456     1    18     2    16
 -6.6364632052210526E-01 a      1457     1    18     2    17
 -1.8224058877360316E-01 a      1458     1    18     2    18
  2.3336585535330936E-01 a      1459     1    18     2    19
 -2.9295959821275253E-02 a      1460     1    18     2    20
  6.1309731201305846E-02 a      1461     1    19     2     1
 -3.1476456511086992E-01 a      1462     1    19     2     2
  6.7900874759710350E-01 a      1463     1    19     2     3
 -3.7205649154926662E-01 a      1464     1    19     2     4
  3.8984293605902548E-01 a      1465     1    19     2     5
  4.5776050552395614E-01 a      1466     1    19     2     6
 -3.7676868622858128E-01 a      1467     1    19     2     7
 -2.4208826908791858E-01 a      1468     1    19     2     8
  5.0149064100795558E-03 a      1469     1    19     2     9
  2.1916641781544202E-01 a      1470     1    19     2    10
  3.0608701933136928E-01 a      1471     1    19     2    11
 -4.9195724275800051E-01 a      1472     1    19     2    12
 -4.4853491978530652E-01 a      1473     1    19     2    13
 -2.8026362106941644E-01 a      1474     1    19     2    14
 -3.0947722271976208E-01 a      1475     1    19     2    15
 -5.2932721527946591E-01 a      1476     1    19     2    16
  1.9619810785155256E-01 a      1477     1    19     2    17
  9.4190538487866571E-01 a      1478     1    19     2    18
 -4.7081033030814656E-01 a      1479     1    19     2    19
  8.5765685882872339E-02 a      1480     1    19     2    20
  1.5092067562135661E-01 a      1481     1    20     2     1
 -1.3909397456220832E-01 a      1482     1    20     2     2
  9.9793514888255663E-02 a      1483     1    20     2     3
 -2.9469263982790461E-01 a      1484     1    20     2     4
  7.1895218214411882E-01 a      1485     1    20     2     5
 -1.1992170049755814E-01 a      1486     1    20     2     6
 -7.4980688129753531E-02 a      1487     1    20     2     7
  9.7856944779537891E-01 a      1488     1    20     2     8
  1.7388755161310307E-01 a      1489     1    20     2     9
  3.7645772576674258E-01 a      1490     1    20     2    10
  1.2068195334904804E-01 a      1491     1    20     2    11
  9.9066677951687027E-02 a      1492     1    20     2    12
 -1.6816291276199578E-02 a      1493     1    20     2    13
  3.1711633025409778E-03 a      1494     1    20     2    14
 -7.4822590044445714E-01 a      1495     1    20     2    15
 -2.1393223946380696E-01 a      1496     1    20     2    16
  2.3728486102206053E-01 a      1497     1    20     2    17
  2.8562233485183658E-01 a      1498     1    20     2    18
 -3.4168003309628198E-01 a      1499     1    20     2    19
 -4.0578993733483892E-01 a      1500     1    20     2    20
 -1.5029145765289456E+00 b      1501     2     1
  1.4276937654681812E+00 b      1502     2     2
  1.0145770414395026E+00 b      1503     2     3
 -2.7235272864869331E-01 b      1504     2     4
 -6.2498620162114560E-01 b      1505     2     5
 -1.0398836428761165E+00 b      1506     2     6
 -2.2302932313238769E-02 b      1507     2     7
 -1.0902122023832808E+00 b      1508     2     8
  1.6404133091844120E+00 b      1509     2     9
 -1.2812708326031217E+00 b      1510     2    10
 -8.3792294633331355E-01 b      1511     2    11
  2.8088794688588437E-01 b      1512     2    12
 -4.6118419780395215E-01 b      1513     2    13
 -1.0329228587407924E+00 b      1514     2    14
 -8.8526205184797147E-01 b      1515     2    15
 -2.6249912057016579E-02 b      1516     2    16
 -1.4459370387804200E+00 b      1517     2    17
  9.5560440684019343E-01 b      1518     2    18
 -5.2217347620982790E-01 b      1519     2    19
  1.3218515832333733E+00 b      1520     2    20
  1.7469890982565692E+00 a      1521     2     1     3     1
 -1.6724429146887889E+00 a      1522     2     2     3     1
 -1.3662990987009702E-01 a      1523     2     3     3     1
  1.4095276148612874E+00 a      1524     2     4     3     1
  3.9290015466858390E-02 a      1525     2     5     3     1
 -1.6235259593637651E-02 a      1526     2     6     3     1
 -9.3202389952931966E-02 a      1527     2     7     3     1
  1.0707667904580087E+00 a      1528     2     8     3     1
 -1.2317942693072020E-01 a      1529     2     9     3     1
  9.9931093583229624E-01 a      1530     2    10     3     1
  1.4584855737112730E+00 a      1531     2    11     3     1
  5.7894061818435755E-04 a      1532     2    12     3     1
 -1.1922727840436935E+00 a      1533     2    13     3     1
 -1.8039000294933258E-02 a      1534     2    14     3     1
 -7.6192118362851402E-01 a      1535     2    15     3     1
  1.6690135116357425E-02 a      1536     2    16     3     1
  1.8512177806163609E-02 a      1537     2    17     3     1
  5.6319819424018227E-03 a      1538     2    18     3     1
  1.6816284146933869E-01 a      1539     2    19     3     1
 -3.5679296341092126E-02 a      1540     2    20     3     1
 -1.1679748998020354E+00 b      1541     3     1
