################################################################################
# Neural network connection values (weights and biases).
################################################################################
# Col  Name       Description
################################################################################
# 1    connection Neural network connection value.
# 2    t          Connection type (a = weight, b = bias).
# 3    index      Index enumerating weights.
# 4    l_s        Starting point layer (end point layer for biases).
# 5    n_s        Starting point neuron in starting layer (end point neuron for biases).
# 6    l_e        End point layer.
# 7    n_e        End point neuron in end layer.
################################################################################
#                      1 2         3     4     5     6     7
#             connection t     index   l_s   n_s   l_e   n_e
############################################################
  2.9475113446081572E-02 a         1     0     1     1     1
 -1.4641249301000697E-01 a         2     0     1     1     2
  1.4423254635878746E-01 a         3     0     1     1     3
  2.5730181832242127E-01 a         4     0     1     1     4
 -3.2433800304942834E-01 a         5     0     1     1     5
  4.6787117792679390E-02 a         6     0     1     1     6
 -1.5952114295650155E-01 a         7     0     1     1     7
  1.6422538982200247E-01 a         8     0     1     1     8
  1.5285125536612504E-01 a         9     0     1     1     9
  2.0910023627123325E-02 a        10     0     1     1    10
  2.9386489676375449E-01 a        11     0     1     1    11
  2.3804569693904021E-01 a        12     0     1     1    12
 -2.7550626854564797E-01 a        13     0     1     1    13
 -1.3122695291651221E-01 a        14     0     1     1    14
 -9.9250465352703390E-02 a        15     0     1     1    15
 -1.4601581362158009E-01 a        16     0     1     1    16
 -1.2610980394880578E-01 a        17     0     1     1    17
  3.0272299757672305E-01 a        18     0     1     1    18
 -2.5273961170458326E-01 a        19     0     1     1    19
  8.9484635066084200E-02 a        20     0     1     1    20
  8.5530984330527748E-02 a        21     0     2     1     1
  1.7416291827461949E-01 a        22     0     2     1     2
  2.3378022329721554E-02 a        23     0     2     1     3
 -3.9976808659211494E-02 a        24     0     2     1     4
  1.6717823025954259E-01 a        25     0     2     1     5
 -1.9521550454771472E-01 a        26     0     2     1     6
  1.5716237406856590E-01 a        27     0     2     1     7
 -2.2788636275715979E-01 a        28     0     2     1     8
  6.2843043550052768E-02 a        29     0     2     1     9
 -2.1642125189505984E-01 a        30     0     2     1    10
 -1.1156529431585087E-01 a        31     0     2     1    11
  1.0890269282494994E-01 a        32     0     2     1    12
 -2.3058339336988537E-01 a        33     0     2     1    13
  1.5545921561463050E-02 a        34     0     2     1    14
  2.3274630448847503E-01 a        35     0     2     1    15
 -1.5148695542300189E-01 a        36     0     2     1    16
 -3.7624498880061080E-01 a        37     0     2     1    17
  4.7479917116135563E-03 a        38     0     2     1    18
 -1.4827518869081679E-01 a        39     0     2     1    19
 -3.0778883863054873E-01 a        40     0     2     1    20
  8.4683541621013630E-02 a        41     0     3     1     1
  1.1055387236100556E-01 a        42     0     3     1     2
  3.9740363018379826E-02 a        43     0     3     1     3
 -6.6231625260862237E-02 a        44     0     3     1     4
  6.3255870911529830E-02 a        45     0     3     1     5
 -5.0062039316291766E-02 a        46     0     3     1     6
  8.8977842916989028E-02 a        47     0     3     1     7
  3.1162175908397238E-01 a        48     0     3     1     8
  2.5734544007686400E-01 a        49     0     3     1     9
 -9.1908690099376592E-02 a        50     0     3     1    10
  2.0818217455113169E-01 a        51     0     3     1    11
  1.7832085268570436E-01 a        52     0     3     1    12
 -4.9905168487790363E-02 a        53     0     3     1    13
 -2.6925590264660881E-01 a        54     0     3     1    14
 -1.3192252094949297E-01 a        55     0     3     1    15
 -2.0877745397661898E-01 a        56     0     3     1    16
 -2.7761991446911971E-01 a        57     0     3     1    17
 -8.6370057228659633E-02 a        58     0     3     1    18
 -1.5856545013274737E-01 a        59     0     3     1    19
  9.9288883792446297E-02 a        60     0     3     1    20
  2.2805640933368904E-01 a        61     0     4     1     1
  4.2441125456287943E-01 a        62     0     4     1     2
 -4.5727760857160321E-01 a        63     0     4     1     3
 -1.7883767114941798E-01 a        64     0     4     1     4
 -1.3833311914409110E-01 a        65     0     4     1     5
  2.5066801970348856E-01 a        66     0     4     1     6
  5.9042137631220605E-02 a        67     0     4     1     7
  1.5145982422418111E-01 a        68     0     4     1     8
  6.8593697073769874E-02 a        69     0     4     1     9
  2.6075153483060470E-01 a        70     0     4     1    10
  1.9604590160399318E-01 a        71     0     4     1    11
 -1.2459927778416195E-02 a        72     0     4     1    12
  1.2888773953188012E-01 a        73     0     4     1    13
  4.9420008939960675E-03 a        74     0     4     1    14
  3.1310316707005331E-01 a        75     0     4     1    15
  5.0685537744716923E-02 a        76     0     4     1    16
 -3.7679647638155966E-01 a        77     0     4     1    17
 -4.3990224496072483E-01 a        78     0     4     1    18
  8.4910889150804456E-02 a        79     0     4     1    19
  9.9491900101780384E-02 a        80     0     4     1    20
  2.2658446979567343E-01 a        81     0     5     1     1
  7.8494671117941062E-02 a        82     0     5     1     2
  5.7690861728918581E-02 a        83     0     5     1     3
 -2.5695763421051210E-01 a        84     0     5     1     4
  1.7199784106210964E-01 a        85     0     5     1     5
 -4.9805105329471605E-02 a        86     0     5     1     6
  1.6649232061066932E-01 a        87     0     5     1     7
 -8.4806268711641902E-02 a        88     0     5     1     8
  1.0378036310448252E-01 a        89     0     5     1     9
  4.0482953713793235E-02 a        90     0     5     1    10
 -1.2362677046382975E-02 a        91     0     5     1    11
  7.2241785346129087E-02 a        92     0     5     1    12
  2.2414242056704720E-01 a        93     0     5     1    13
 -2.1109512040190498E-01 a        94     0     5     1    14
 -2.0651864547905766E-01 a        95     0     5     1    15
  1.8761586327401489E-01 a        96     0     5     1    16
  1.5942580549176583E-01 a        97     0     5     1    17
 -2.3305792476687026E-01 a        98     0     5     1    18
  3.5676989918468988E-01 a        99     0     5     1    19
 -1.6421240904258685E-01 a       100     0     5     1    20
 -2.1032638702511305E-01 a       101     0     6     1     1
 -2.1027457718123940E-01 a       102     0     6     1     2
 -8.2727973648448611E-02 a       103     0     6     1     3
  1.6081677997733834E-01 a       104     0     6     1     4
 -3.1125369758927468E-01 a       105     0     6     1     5
  5.0238231679010904E-02 a       106     0     6     1     6
 -1.9308565979767492E-01 a       107     0     6     1     7
 -6.6536411333091086E-02 a       108     0     6     1     8
 -1.6084349784849761E-01 a       109     0     6     1     9
 -7.1259871586211596E-02 a       110     0     6     1    10
 -3.5807384502938772E-01 a       111     0     6     1    11
 -1.4472415164305508E-01 a       112     0     6     1    12
 -1.9668746892138936E-01 a       113     0     6     1    13
  1.0684760127388013E-01 a       114     0     6     1    14
 -5.9460230966460983E-02 a       115     0     6     1    15
  3.9341634883325161E-01 a       116     0     6     1    16
  2.3877305689332023E-01 a       117     0     6     1    17
 -1.1592534115429599E-01 a       118     0     6     1    18
 -1.7199799437120358E-01 a       119     0     6     1    19
 -3.2000366154782127E-02 a       120     0     6     1    20
  1.0498383311671163E-01 a       121     0     7     1     1
 -9.2179526778818164E-03 a       122     0     7     1     2
  1.9155006477223821E-01 a       123     0     7     1     3
  1.6342701780965696E-01 a       124     0     7     1     4
 -2.0184780167100072E-01 a       125     0     7     1     5
 -1.4206918866887966E-01 a       126     0     7     1     6
 -7.1026053155708591E-02 a       127     0     7     1     7
 -5.3339394973181391E-03 a       128     0     7     1     8
 -1.0074802637525497E-01 a       129     0     7     1     9
 -3.1884276617146012E-01 a       130     0     7     1    10
 -7.1781604193491666E-02 a       131     0     7     1    11
  9.1553970087340161E-02 a       132     0     7     1    12
 -4.3978235404888649E-01 a       133     0     7     1    13
 -1.5626276916303627E-01 a       134     0     7     1    14
 -2.0127743564631340E-01 a       135     0     7     1    15
 -6.3170325364350521E-02 a       136     0     7     1    16
 -1.2601748187184994E-01 a       137     0     7     1    17
 -6.1257144849128468E-02 a       138     0     7     1    18
  2.8264149227287816E-01 a       139     0     7     1    19
  1.1459478609085393E-01 a       140     0     7     1    20
 -2.7553181204555643E-02 a       141     0     8     1     1
 -3.1225949019620292E-01 a       142     0     8     1     2
  1.7967423931737014E-01 a       143     0     8     1     3
  2.7817964980831239E-01 a       144     0     8     1     4
 -1.0756389344286030E-01 a       145     0     8     1     5
  1.7257925846965314E-01 a       146     0     8     1     6
 -6.1718549907121750E-02 a       147     0     8     1     7
 -1.9607880936634808E-01 a       148     0     8     1     8
 -5.2914012524730705E-03 a       149     0     8     1     9
  2.4786674128133415E-01 a       150     0     8     1    10
 -2.5022270970224897E-01 a       151     0     8     1    11
 -2.6304200183700860E-01 a       152     0     8     1    12
  8.7338793334402632E-03 a       153     0     8     1    13
  1.0670700920194759E-01 a       154     0     8     1    14
  1.5762893011642969E-03 a       155     0     8     1    15
 -1.8455288664938753E-03 a       156     0     8     1    16
  1.9253355544099851E-01 a       157     0     8     1    17
  5.9068595965913469E-02 a       158     0     8     1    18
 -1.9855748759271755E-01 a       159     0     8     1    19
  8.3275461182951233E-02 a       160     0     8     1    20
 -1.0356646860316288E-01 a       161     0     9     1     1
 -7.7215368721246125E-02 a       162     0     9     1     2
  2.3512548656398008E-01 a       163     0     9     1     3
 -1.0031089776156638E-01 a       164     0     9     1     4
  3.8525212462030101E-01 a       165     0     9     1     5
 -3.2721725900399470E-02 a       166     0     9     1     6
  1.1487211080610844E-01 a       167     0     9     1     7
 -6.6183213717967426E-02 a       168     0     9     1     8
  2.2008174848727063E-02 a       169     0     9     1     9
  3.1349128516256586E-01 a       170     0     9     1    10
  1.6157776557168510E-01 a       171     0     9     1    11
 -2.3226443062469987E-01 a       172     0     9     1    12
  1.3305488885297639E-01 a       173     0     9     1    13
 -1.3136468989814903E-01 a       174     0     9     1    14
  5.7014041172547001E-03 a       175     0     9     1    15
 -1.8483222841510424E-01 a       176     0     9     1    16
  6.3905135815140041E-02 a       177     0     9     1    17
 -1.2477211408555480E-01 a       178     0     9     1    18
  2.3669973410005901E-01 a       179     0     9     1    19
  3.5270768344131531E-01 a       180     0     9     1    20
  3.1790764235290314E-01 a       181     0    10     1     1
  7.8052190441456185E-02 a       182     0    10     1     2
 -4.2820862841560603E-01 a       183     0    10     1     3
 -1.5644979955590901E-02 a       184     0    10     1     4
 -3.1218689130829969E-01 a       185     0    10     1     5
  2.1557130317723708E-01 a       186     0    10     1     6
 -7.6494373336654306E-02 a       187     0    10     1     7
  3.5610427411141461E-02 a       188     0    10     1     8
  4.7866079942311249E-02 a       189     0    10     1     9
  3.6393252553213928E-01 a       190     0    10     1    10
 -1.7950801195562704E-01 a       191     0    10     1    11
 -1.8031594073605825E-01 a       192     0    10     1    12
  2.8664188196160761E-01 a       193     0    10     1    13
  1.0396063528022449E-01 a       194     0    10     1    14
  2.5299392599352072E-01 a       195     0    10     1    15
  2.5361412222691987E-01 a       196     0    10     1    16
 -3.6204527624659411E-01 a       197     0    10     1    17
 -4.2430552183420073E-01 a       198     0    10     1    18
  2.9363941710229698E-03 a       199     0    10     1    19
 -2.1537920024562676E-01 a       200     0    10     1    20
  3.3953050212465447E-02 a       201     0    11     1     1
  1.7557540064557384E-01 a       202     0    11     1     2
 -1.1328724309940601E-01 a       203     0    11     1     3
 -2.6025494909767311E-01 a       204     0    11     1     4
  5.0073402225650945E-02 a       205     0    11     1     5
 -1.5036257008786913E-01 a       206     0    11     1     6
  3.1179203854517029E-01 a       207     0    11     1     7
  1.7069792899433350E-01 a       208     0    11     1     8
 -7.5038311141560801E-02 a       209     0    11     1     9
 -3.5758718674591947E-02 a       210     0    11     1    10
  2.4239891667701272E-01 a       211     0    11     1    11
  2.2689199649778530E-01 a       212     0    11     1    12
  6.0800223632827978E-02 a       213     0    11     1    13
  9.8007711013167048E-03 a       214     0    11     1    14
 -1.1456675088571988E-02 a       215     0    11     1    15
 -9.9177393469839087E-02 a       216     0    11     1    16
  1.0171450468168858E-01 a       217     0    11     1    17
  1.0273440740731975E-01 a       218     0    11     1    18
  3.1902171998219914E-01 a       219     0    11     1    19
 -2.7504461086446025E-01 a       220     0    11     1    20
  2.4761337264269653E-01 a       221     0    12     1     1
 -7.7217640955185865E-02 a       222     0    12     1     2
 -7.9349479880808496E-02 a       223     0    12     1     3
  3.6226057822431587E-02 a       224     0    12     1     4
 -1.1773294112141852E-01 a       225     0    12     1     5
  2.9995855952419148E-01 a       226     0    12     1     6
  5.8084325747675324E-02 a       227     0    12     1     7
  2.4470852574506256E-02 a       228     0    12     1     8
  2.4271195841607521E-01 a       229     0    12     1     9
  3.7558815323495559E-02 a       230     0    12     1    10
  4.1009263662919029E-02 a       231     0    12     1    11
  1.8787731492444817E-01 a       232     0    12     1    12
  4.9041778626723276E-01 a       233     0    12     1    13
  1.4918759285546973E-01 a       234     0    12     1    14
 -8.2300777983240134E-02 a       235     0    12     1    15
  3.2737388819353930E-01 a       236     0    12     1    16
  1.3048124663931765E-01 a       237     0    12     1    17
  1.0677729259518820E-01 a       238     0    12     1    18
 -3.8133471257901827E-02 a       239     0    12     1    19
 -2.7325298570928214E-01 a       240     0    12     1    20
  2.3007675407367240E-01 a       241     0    13     1     1
  9.0425327147239051E-04 a       242     0    13     1     2
 -9.4957798673386523E-02 a       243     0    13     1     3
  7.1902349625868195E-02 a       244     0    13     1     4
  4.8012447058715879E-02 a       245     0    13     1     5
 -2.9059996598479184E-02 a       246     0    13     1     6
  3.3195500324497207E-01 a       247     0    13     1     7
 -8.2727158260287204E-02 a       248     0    13     1     8
 -1.1050742204018384E-01 a       249     0    13     1     9
  1.1267182482922455E-01 a       250     0    13     1    10
  7.0096127025367494E-02 a       251     0    13     1    11
 -5.2450231829111238E-02 a       252     0    13     1    12
  4.5566874402105592E-02 a       253     0    13     1    13
 -1.6932058815264872E-01 a       254     0    13     1    14
 -8.0329883877771874E-02 a       255     0    13     1    15
 -3.6431702890354883E-01 a       256     0    13     1    16
  1.8907416434329394E-01 a       257     0    13     1    17
  8.3540364385913154E-02 a       258     0    13     1    18
 -2.7098659035403616E-01 a       259     0    13     1    19
  2.5580949790648108E-02 a       260     0    13     1    20
  1.1507158418327519E-01 a       261     0    14     1     1
 -3.3627472833000516E-01 a       262     0    14     1     2
 -5.6761789630205700E-03 a       263     0    14     1     3
  2.8095618969106437E-02 a       264     0    14     1     4
  2.7042885513884823E-01 a       265     0    14     1     5
 -2.0808831689211407E-01 a       266     0    14     1     6
 -1.0032102121814690E-01 a       267     0    14     1     7
 -1.4408346100980224E-01 a       268     0    14     1     8
 -1.8151920379903072E-01 a       269     0    14     1     9
  9.9448354567832964E-02 a       270     0    14     1    10
  1.6622115058339637E-01 a       271     0    14     1    11
 -1.7722680791639803E-01 a       272     0    14     1    12
  1.1941447808245158E-01 a       273     0    14     1    13
 -1.3248333854505950E-01 a       274     0    14     1    14
  2.2977959452858596E-01 a       275     0    14     1    15
  4.1644373584084605E-02 a       276     0    14     1    16
  3.0891985838742368E-02 a       277     0    14     1    17
 -2.6012525871769876E-01 a       278     0    14     1    18
  9.3839505731148382E-02 a       279     0    14     1    19
 -1.6222389541670779E-01 a       280     0    14     1    20
 -1.7084152884558269E-02 a       281     0    15     1     1
 -3.4291910485476258E-02 a       282     0    15     1     2
  2.5380988796281251E-01 a       283     0    15     1     3
  3.3034781689526393E-02 a       284     0    15     1     4
  1.7792251936269068E-01 a       285     0    15     1     5
 -1.8966706240174089E-01 a       286     0    15     1     6
 -2.5656041157261833E-01 a       287     0    15     1     7
 -1.7835417360059944E-01 a       288     0    15     1     8
  3.8675690341299723E-02 a       289     0    15     1     9
 -4.6344600631782314E-02 a       290     0    15     1    10
 -4.0208654475152893E-02 a       291     0    15     1    11
  2.6438946389805373E-01 a       292     0    15     1    12
 -1.4210123917530670E-01 a       293     0    15     1    13
 -2.8535444696448548E-01 a       294     0    15     1    14
  6.1931237466703189E-04 a       295     0    15     1    15
  9.4391452026588524E-02 a       296     0    15     1    16
 -2.5958827182043745E-02 a       297     0    15     1    17
 -1.1031244987315911E-01 a       298     0    15     1    18
 -1.6091711535785430E-01 a       299     0    15     1    19
  2.3689978645647436E-01 a       300     0    15     1    20
  6.8321034780440382E-02 a       301     0    16     1     1
  1.1122191890299638E-01 a       302     0    16     1     2
 -2.5872404227024282E-01 a       303     0    16     1     3
  4.8137570175152654E-02 a       304     0    16     1     4
 -3.2757136329385544E-01 a       305     0    16     1     5
 -7.8872697183900595E-02 a       306     0    16     1     6
 -1.1688529001554460E-01 a       307     0    16     1     7
  2.4775908473179598E-01 a       308     0    16     1     8
  7.3664192447386728E-02 a       309     0    16     1     9
 -1.5073605127680828E-01 a       310     0    16     1    10
  5.2683369639985565E-02 a       311     0    16     1    11
 -2.3884010252132271E-01 a       312     0    16     1    12
  2.1023262465255607E-01 a       313     0    16     1    13
 -1.2212821857091881E-01 a       314     0    16     1    14
 -2.7519477021030168E-02 a       315     0    16     1    15
  1.2348147249015476E-01 a       316     0    16     1    16
 -1.4602772539239958E-01 a       317     0    16     1    17
 -1.6224046764995537E-01 a       318     0    16     1    18
 -1.1647045407977445E-01 a       319     0    16     1    19
  4.9735918096953616E-02 a       320     0    16     1    20
  5.2463517312265159E-02 a       321     0    17     1     1
  8.8028212124998562E-02 a       322     0    17     1     2
  9.2222128413699228E-02 a       323     0    17     1     3
 -9.3495061992948034E-03 a       324     0    17     1     4
 -7.2053999795409510E-02 a       325     0    17     1     5
  7.5917736155797361E-02 a       326     0    17     1     6
 -9.8639258570122609E-02 a       327     0    17     1     7
 -2.7833734362825652E-01 a       328     0    17     1     8
  1.9807469777981898E-01 a       329     0    17     1     9
 -7.7104858145069927E-02 a       330     0    17     1    10
 -1.3288984133037712E-01 a       331     0    17     1    11
  8.1577030641904261E-02 a       332     0    17     1    12
  1.1844260281571255E-01 a       333     0    17     1    13
  1.6504819880762861E-01 a       334     0    17     1    14
 -5.3332518114344592E-02 a       335     0    17     1    15
 -1.9548486218719194E-01 a       336     0    17     1    16
  1.2056984593410531E-02 a       337     0    17     1    17
  1.9814876542462312E-01 a       338     0    17     1    18
  1.9511314936842980E-02 a       339     0    17     1    19
 -1.4117726527763449E-01 a       340     0    17     1    20
 -1.4169882757657662E-01 a       341     0    18     1     1
 -5.5353730662344260E-02 a       342     0    18     1     2
 -1.6615901634400385E-01 a       343     0    18     1     3
 -4.9399530211073239E-02 a       344     0    18     1     4
 -6.0206338348895001E-02 a       345     0    18     1     5
  8.2587818094923424E-02 a       346     0    18     1     6
  1.0165495514145079E-01 a       347     0    18     1     7
 -3.3562216042431016E-02 a       348     0    18     1     8
  1.3941616411161761E-01 a       349     0    18     1     9
  6.9080988876957947E-02 a       350     0    18     1    10
  3.2746478514350148E-02 a       351     0    18     1    11
 -4.9960152948025201E-02 a       352     0    18     1    12
 -7.4629937542950525E-02 a       353     0    18     1    13
  1.7894049183756791E-01 a       354     0    18     1    14
 -2.4472716017794391E-01 a       355     0    18     1    15
  8.1300959627540595E-02 a       356     0    18     1    16
 -7.7148066403151120E-03 a       357     0    18     1    17
  9.2488492033061476E-02 a       358     0    18     1    18
  1.6152702103939851E-02 a       359     0    18     1    19
  1.0784917464778365E-01 a       360     0    18     1    20
 -2.8212706412979637E-02 a       361     0    19     1     1
  7.8310816458928692E-02 a       362     0    19     1     2
  1.5739613308496425E-01 a       363     0    19     1     3
  1.6696200290433413E-01 a       364     0    19     1     4
  4.9794713763722888E-02 a       365     0    19     1     5
  2.4370706044813553E-01 a       366     0    19     1     6
  1.0446084762426466E-01 a       367     0    19     1     7
 -1.9338327730861921E-01 a       368     0    19     1     8
 -6.4122127690965480E-02 a       369     0    19     1     9
 -1.0446704361058251E-01 a       370     0    19     1    10
 -2.7937222651764466E-02 a       371     0    19     1    11
 -1.8885968017815499E-01 a       372     0    19     1    12
  1.0240269540459565E-01 a       373     0    19     1    13
  1.6669754001172135E-01 a       374     0    19     1    14
  1.2438131720749396E-01 a       375     0    19     1    15
 -7.5217525265214094E-03 a       376     0    19     1    16
  1.4221237995854394E-01 a       377     0    19     1    17
 -1.7596473081185112E-02 a       378     0    19     1    18
  1.0218146701404075E-01 a       379     0    19     1    19
 -8.1851276299497719E-02 a       380     0    19     1    20
  4.4884947664120073E-02 a       381     0    20     1     1
 -7.6105270841464401E-02 a       382     0    20     1     2
  3.8231520252810049E-02 a       383     0    20     1     3
  1.4877907176848795E-01 a       384     0    20     1     4
  1.9626401154467042E-02 a       385     0    20     1     5
  8.0943398078205747E-02 a       386     0    20     1     6
  2.3687194888858315E-01 a       387     0    20     1     7
  1.1749891195728256E-01 a       388     0    20     1     8
 -6.8022792760224715E-02 a       389     0    20     1     9
  9.6048837656275893E-02 a       390     0    20     1    10
 -8.9321343462730480E-03 a       391     0    20     1    11
  6.2094610210686553E-02 a       392     0    20     1    12
 -8.7321726129711508E-02 a       393     0    20     1    13
 -8.4813785522529453E-02 a       394     0    20     1    14
  6.7791255482731239E-02 a       395     0    20     1    15
  1.4355699180200743E-01 a       396     0    20     1    16
 -1.6547499221435041E-02 a       397     0    20     1    17
 -1.5185006138244224E-02 a       398     0    20     1    18
  7.1962956572667131E-02 a       399     0    20     1    19
 -6.9313000048833368E-02 a       400     0    20     1    20
  3.7766628769128362E-02 a       401     0    21     1     1
 -5.0701580199172869E-02 a       402     0    21     1     2
  2.3722400246626127E-01 a       403     0    21     1     3
 -1.3945888275679263E-01 a       404     0    21     1     4
  9.4197644750091458E-02 a       405     0    21     1     5
  4.6605514796927211E-03 a       406     0    21     1     6
 -2.0787220447260624E-01 a       407     0    21     1     7
 -2.0597498489392829E-01 a       408     0    21     1     8
  1.6439086776009396E-01 a       409     0    21     1     9
  1.3756495857053960E-01 a       410     0    21     1    10
 -4.1861138325146756E-02 a       411     0    21     1    11
  1.1096484023994706E-01 a       412     0    21     1    12
 -1.6831666214590074E-01 a       413     0    21     1    13
  3.4315797194838744E-02 a       414     0    21     1    14
  4.1853552939551023E-02 a       415     0    21     1    15
  2.9413141645267205E-02 a       416     0    21     1    16
 -9.4265970893033735E-02 a       417     0    21     1    17
  1.3663266234284849E-01 a       418     0    21     1    18
  7.2021703193889994E-02 a       419     0    21     1    19
  1.8395225829807202E-01 a       420     0    21     1    20
 -2.1638712332958606E-02 a       421     0    22     1     1
  2.1245939338792019E-01 a       422     0    22     1     2
 -5.6566124479578990E-02 a       423     0    22     1     3
 -1.3132344825025824E-01 a       424     0    22     1     4
 -1.0401097410775510E-01 a       425     0    22     1     5
 -1.3084653041448885E-01 a       426     0    22     1     6
 -1.3132136846522477E-01 a       427     0    22     1     7
 -1.1787620345882073E-01 a       428     0    22     1     8
  2.2495519051184674E-03 a       429     0    22     1     9
 -1.6546582519660988E-01 a       430     0    22     1    10
  1.3320715103824323E-02 a       431     0    22     1    11
 -2.6277091319051887E-01 a       432     0    22     1    12
  6.3776750333029666E-02 a       433     0    22     1    13
 -9.3245683592310710E-02 a       434     0    22     1    14
  6.1365877804909041E-02 a       435     0    22     1    15
 -1.8519128233025078E-01 a       436     0    22     1    16
 -4.4788605567845988E-02 a       437     0    22     1    17
 -6.5703588753475622E-02 a       438     0    22     1    18
 -1.3186774839219423E-01 a       439     0    22     1    19
 -1.0252016783955591E-02 a       440     0    22     1    20
 -9.5224259231130190E-02 a       441     0    23     1     1
  7.0343104529640363E-02 a       442     0    23     1     2
 -2.7638146285628952E-03 a       443     0    23     1     3
 -1.9205978296339860E-01 a       444     0    23     1     4
 -4.0506808404609414E-02 a       445     0    23     1     5
  1.6128439108575521E-02 a       446     0    23     1     6
 -2.4795336755231312E-01 a       447     0    23     1     7
 -1.1709068119498370E-01 a       448     0    23     1     8
  1.4720289479747478E-01 a       449     0    23     1     9
 -2.2805847565123369E-02 a       450     0    23     1    10
 -8.0265226872783757E-02 a       451     0    23     1    11
 -1.4839775018055357E-01 a       452     0    23     1    12
 -1.0786520706300763E-01 a       453     0    23     1    13
  1.3403904612983153E-01 a       454     0    23     1    14
 -4.4660961626226472E-02 a       455     0    23     1    15
 -2.2992491264516787E-02 a       456     0    23     1    16
 -1.0738315601151217E-01 a       457     0    23     1    17
 -1.0567074851348701E-01 a       458     0    23     1    18
  1.7979221184419075E-01 a       459     0    23     1    19
  8.3875197024314285E-02 a       460     0    23     1    20
  1.4685977689154389E-01 a       461     0    24     1     1
 -6.0316664194892698E-02 a       462     0    24     1     2
 -7.4798752456747775E-02 a       463     0    24     1     3
  3.8141557601133469E-02 a       464     0    24     1     4
  2.0627156782547656E-01 a       465     0    24     1     5
 -5.5531188147287934E-02 a       466     0    24     1     6
  2.1003331054289839E-01 a       467     0    24     1     7
  3.2254429597242125E-02 a       468     0    24     1     8
 -2.0883553371456071E-01 a       469     0    24     1     9
 -9.2191250230218402E-02 a       470     0    24     1    10
 -2.7778569577290176E-05 a       471     0    24     1    11
  3.4605625526534478E-01 a       472     0    24     1    12
  1.7540031615996567E-02 a       473     0    24     1    13
 -1.0444941258047355E-01 a       474     0    24     1    14
 -5.5309092630383944E-02 a       475     0    24     1    15
 -1.9622927878779482E-02 a       476     0    24     1    16
 -3.5586114927061631E-02 a       477     0    24     1    17
 -2.4400440537330422E-02 a       478     0    24     1    18
  2.3458402573991580E-01 a       479     0    24     1    19
 -3.2355665247544607E-01 a       480     0    24     1    20
  6.1822437127932700E-02 a       481     0    25     1     1
 -8.4906429637909564E-02 a       482     0    25     1     2
  1.4389136589571627E-01 a       483     0    25     1     3
  2.2588196886131995E-01 a       484     0    25     1     4
 -2.6500490153840203E-02 a       485     0    25     1     5
  1.7926146519233635E-01 a       486     0    25     1     6
 -1.1224671849426873E-01 a       487     0    25     1     7
 -3.6849877493735243E-02 a       488     0    25     1     8
 -8.5456030979064998E-02 a       489     0    25     1     9
 -1.7585838480148004E-02 a       490     0    25     1    10
 -1.5576458642564137E-02 a       491     0    25     1    11
  1.7888636245839687E-01 a       492     0    25     1    12
 -2.0648092880340412E-02 a       493     0    25     1    13
  6.7489382987372587E-02 a       494     0    25     1    14
  1.4143567544161298E-01 a       495     0    25     1    15
  1.8515012335523337E-01 a       496     0    25     1    16
 -1.7725673943891417E-02 a       497     0    25     1    17
 -7.0564314272362191E-02 a       498     0    25     1    18
  2.7214351706382900E-01 a       499     0    25     1    19
 -9.1836293954698681E-02 a       500     0    25     1    20
 -2.4050126986482821E-02 a       501     0    26     1     1
  4.1576408639879762E-02 a       502     0    26     1     2
 -8.9292683916193799E-02 a       503     0    26     1     3
  1.6383556020023207E-01 a       504     0    26     1     4
 -3.9502150671156165E-02 a       505     0    26     1     5
 -6.3098098993228588E-02 a       506     0    26     1     6
 -2.4241606793072332E-02 a       507     0    26     1     7
  2.2577731745198146E-01 a       508     0    26     1     8
 -6.4666634980725293E-02 a       509     0    26     1     9
 -2.2476609126315431E-01 a       510     0    26     1    10
 -3.7429978297724206E-03 a       511     0    26     1    11
  2.3294682290281682E-01 a       512     0    26     1    12
 -8.8881313618247332E-02 a       513     0    26     1    13
 -6.8776493099958771E-02 a       514     0    26     1    14
 -3.5362875180158800E-02 a       515     0    26     1    15
  1.3823082884399327E-02 a       516     0    26     1    16
 -1.0928794688119070E-01 a       517     0    26     1    17
  4.6962501748950648E-02 a       518     0    26     1    18
  1.6100034717770062E-01 a       519     0    26     1    19
  8.8789027700908268E-02 a       520     0    26     1    20
 -1.0106674610180971E-01 a       521     0    27     1     1
 -5.7190518956855486E-02 a       522     0    27     1     2
 -1.1869552751646273E-01 a       523     0    27     1     3
 -9.6135657901958618E-02 a       524     0    27     1     4
 -1.1928108578594370E-02 a       525     0    27     1     5
 -1.0990491661020954E-01 a       526     0    27     1     6
 -1.7799752360566939E-01 a       527     0    27     1     7
 -3.8582676576578510E-02 a       528     0    27     1     8
  7.9426026016460330E-02 a       529     0    27     1     9
  4.5527461074762264E-02 a       530     0    27     1    10
 -1.6662145752627952E-01 a       531     0    27     1    11
 -1.9055493121700892E-01 a       532     0    27     1    12
 -2.8889977912747163E-02 a       533     0    27     1    13
  1.5741089810384545E-01 a       534     0    27     1    14
 -3.6812665755359124E-02 a       535     0    27     1    15
 -3.6892991110841461E-02 a       536     0    27     1    16
 -2.9955777796195831E-02 a       537     0    27     1    17
  3.9966000643668759E-02 a       538     0    27     1    18
  1.7378778837674000E-01 a       539     0    27     1    19
  1.5846755056641584E-01 a       540     0    27     1    20
 -7.3804609335594559E-02 a       541     0    28     1     1
  8.7116257127634961E-02 a       542     0    28     1     2
  4.4816243233737681E-02 a       543     0    28     1     3
 -6.5703607258489755E-02 a       544     0    28     1     4
  5.7184816360068780E-02 a       545     0    28     1     5
  8.4861660828194144E-02 a       546     0    28     1     6
  1.3140084598527066E-01 a       547     0    28     1     7
  3.6536678001207204E-02 a       548     0    28     1     8
  1.6227400169931985E-02 a       549     0    28     1     9
 -2.5750979406424263E-01 a       550     0    28     1    10
 -6.1810866662526859E-02 a       551     0    28     1    11
 -2.0315318979133226E-01 a       552     0    28     1    12
  3.8635965716321781E-02 a       553     0    28     1    13
  2.0181643365380353E-01 a       554     0    28     1    14
 -4.4885026132063459E-02 a       555     0    28     1    15
  3.1709996095618961E-02 a       556     0    28     1    16
  1.8049372296997237E-02 a       557     0    28     1    17
  1.9295080187510874E-02 a       558     0    28     1    18
  2.6349596659623387E-01 a       559     0    28     1    19
 -8.8397542670077822E-02 a       560     0    28     1    20
  3.0916029728387199E-02 a       561     0    29     1     1
 -7.1208242031127231E-02 a       562     0    29     1     2
  3.0596624984670407E-02 a       563     0    29     1     3
  3.5600706609093771E-02 a       564     0    29     1     4
 -3.6241942250066939E-02 a       565     0    29     1     5
  6.1124812102963923E-02 a       566     0    29     1     6
 -1.2293309644106502E-01 a       567     0    29     1     7
 -2.0256431501963562E-01 a       568     0    29     1     8
  5.3197172441794512E-02 a       569     0    29     1     9
  8.7006937268799281E-02 a       570     0    29     1    10
 -1.1074444759478290E-01 a       571     0    29     1    11
 -1.3324065565166701E-01 a       572     0    29     1    12
 -5.6663269208814286E-03 a       573     0    29     1    13
  8.8765270117211525E-02 a       574     0    29     1    14
  4.2335947223842249E-02 a       575     0    29     1    15
 -4.6217796540120738E-02 a       576     0    29     1    16
  9.1263806658557645E-03 a       577     0    29     1    17
 -2.7764236568713175E-02 a       578     0    29     1    18
 -7.1377182230311642E-02 a       579     0    29     1    19
 -1.8105786747299171E-01 a       580     0    29     1    20
  2.0098673388341073E-01 a       581     0    30     1     1
  2.0095672658492499E-02 a       582     0    30     1     2
  3.9627178224385690E-02 a       583     0    30     1     3
  5.5502451500998605E-02 a       584     0    30     1     4
  2.4638642299217244E-02 a       585     0    30     1     5
 -1.9943025164552555E-01 a       586     0    30     1     6
 -1.4444895971133626E-01 a       587     0    30     1     7
 -2.5219739393106783E-01 a       588     0    30     1     8
 -1.2593608636609713E-01 a       589     0    30     1     9
  5.4105206939252942E-02 a       590     0    30     1    10
  2.0092615957350971E-02 a       591     0    30     1    11
  2.5577240416296931E-01 a       592     0    30     1    12
  6.4567160029975090E-02 a       593     0    30     1    13
 -2.0420747613316217E-01 a       594     0    30     1    14
  9.3639850921930154E-02 a       595     0    30     1    15
  6.1512281232218136E-02 a       596     0    30     1    16
 -2.5151807179561547E-03 a       597     0    30     1    17
 -6.0657788661712939E-02 a       598     0    30     1    18
 -1.9248291260928313E-01 a       599     0    30     1    19
 -1.6351651188804886E-01 a       600     0    30     1    20
 -4.2661292196344719E-01 a       601     0    31     1     1
 -3.0514682248061259E-01 a       602     0    31     1     2
  1.1662058910366228E-01 a       603     0    31     1     3
  4.3643070043934507E-01 a       604     0    31     1     4
  4.7974610959278532E-02 a       605     0    31     1     5
 -3.5716004969188625E-01 a       606     0    31     1     6
 -1.4478015650226897E-01 a       607     0    31     1     7
  3.0279430288340396E-02 a       608     0    31     1     8
  3.5664924895197614E-01 a       609     0    31     1     9
 -1.9570152295491494E-01 a       610     0    31     1    10
  4.1304243030586923E-01 a       611     0    31     1    11
 -1.0806849093359364E-01 a       612     0    31     1    12
  2.7680651541837620E-01 a       613     0    31     1    13
  7.6195350734257761E-03 a       614     0    31     1    14
 -2.0213148344195256E-01 a       615     0    31     1    15
 -6.0469423280085977E-02 a       616     0    31     1    16
  3.1113469064244836E-01 a       617     0    31     1    17
  3.3473946444985880E-01 a       618     0    31     1    18
  3.4614096916946099E-02 a       619     0    31     1    19
 -3.1225968797240095E-01 a       620     0    31     1    20
 -3.3351936718395003E-01 a       621     0    32     1     1
  5.5472201579374589E-02 a       622     0    32     1     2
 -1.5030138807207674E-01 a       623     0    32     1     3
  1.1272918502332435E-01 a       624     0    32     1     4
  4.4071483811698210E-02 a       625     0    32     1     5
 -2.2632930871766863E-01 a       626     0    32     1     6
 -1.0561803003451810E-01 a       627     0    32     1     7
 -2.1613819637707191E-01 a       628     0    32     1     8
 -2.0973227558981825E-01 a       629     0    32     1     9
 -2.3328384795500098E-01 a       630     0    32     1    10
 -2.4432551745124853E-01 a       631     0    32     1    11
 -1.5701340846267015E-01 a       632     0    32     1    12
  1.0852176098503864E-01 a       633     0    32     1    13
  2.3335979885342847E-01 a       634     0    32     1    14
  2.2229294874613739E-01 a       635     0    32     1    15
  1.3832578733630871E-01 a       636     0    32     1    16
 -9.1204648362992552E-02 a       637     0    32     1    17
 -1.8669351633204609E-01 a       638     0    32     1    18
  1.1385757135831961E-01 a       639     0    32     1    19
 -1.2410385094354910E-01 a       640     0    32     1    20
 -3.1927051821545411E-03 a       641     0    33     1     1
  4.5750040312558571E-01 a       642     0    33     1     2
 -1.4905851330154410E-02 a       643     0    33     1     3
 -3.6292457736929817E-01 a       644     0    33     1     4
 -5.7254077215436305E-03 a       645     0    33     1     5
  4.3208717354636612E-02 a       646     0    33     1     6
  1.7647648726904874E-01 a       647     0    33     1     7
 -8.7724753846858530E-02 a       648     0    33     1     8
 -1.2703868587875003E-01 a       649     0    33     1     9
  3.6710766351437010E-02 a       650     0    33     1    10
  3.5707431499172249E-01 a       651     0    33     1    11
  1.8380671966325243E-01 a       652     0    33     1    12
 -6.1750545157892867E-01 a       653     0    33     1    13
 -4.6808507873908452E-02 a       654     0    33     1    14
 -6.0057401471753653E-02 a       655     0    33     1    15
 -3.8919561396021027E-02 a       656     0    33     1    16
 -2.2450578694113410E-01 a       657     0    33     1    17
 -3.7675222881636855E-02 a       658     0    33     1    18
 -1.0894951110429843E-01 a       659     0    33     1    19
  1.8756377545605024E-01 a       660     0    33     1    20
  1.6715192144706065E-01 a       661     0    34     1     1
  3.8594443325672967E-02 a       662     0    34     1     2
  2.3816812488573830E-01 a       663     0    34     1     3
 -2.8970497810634821E-01 a       664     0    34     1     4
  2.3100493614580447E-01 a       665     0    34     1     5
  2.4363112829661865E-01 a       666     0    34     1     6
 -1.7108196495815522E-01 a       667     0    34     1     7
 -1.0701646336854791E-01 a       668     0    34     1     8
 -7.7664896446953943E-02 a       669     0    34     1     9
 -8.1809236137765945E-02 a       670     0    34     1    10
 -3.4404495135073254E-01 a       671     0    34     1    11
  3.6958725779318363E-01 a       672     0    34     1    12
 -1.8277854152052539E-01 a       673     0    34     1    13
  2.5839472731683649E-01 a       674     0    34     1    14
 -2.1269396772648633E-01 a       675     0    34     1    15
  2.4177000171944674E-01 a       676     0    34     1    16
  9.0458427015773946E-02 a       677     0    34     1    17
  1.3431710368322861E-01 a       678     0    34     1    18
 -9.3598788909446035E-02 a       679     0    34     1    19
  5.3873015062309959E-02 a       680     0    34     1    20
 -1.1671315180697728E-01 a       681     0    35     1     1
 -1.9352326863219596E-01 a       682     0    35     1     2
 -9.4156771425460029E-02 a       683     0    35     1     3
 -3.7568097430993257E-02 a       684     0    35     1     4
  1.1757582740650126E-01 a       685     0    35     1     5
 -9.2621259698198788E-02 a       686     0    35     1     6
 -9.4057076407955825E-02 a       687     0    35     1     7
 -3.2727847449052344E-01 a       688     0    35     1     8
 -2.8244914816778693E-01 a       689     0    35     1     9
 -1.9464068301345525E-04 a       690     0    35     1    10
 -1.4673635962312165E-01 a       691     0    35     1    11
  2.8880472477174007E-01 a       692     0    35     1    12
  5.6850690127257526E-02 a       693     0    35     1    13
  2.3813194095392293E-01 a       694     0    35     1    14
  1.1931810412273958E-01 a       695     0    35     1    15
 -7.1314896430223138E-02 a       696     0    35     1    16
  1.5786197049611969E-01 a       697     0    35     1    17
  3.3956605198965602E-02 a       698     0    35     1    18
  1.1254219471196972E-01 a       699     0    35     1    19
 -1.1513217315927397E-01 a       700     0    35     1    20
 -1.9720286891874078E-01 a       701     0    36     1     1
  1.5636808463074414E-02 a       702     0    36     1     2
 -1.1661503247866366E-01 a       703     0    36     1     3
  1.0289854684117039E-01 a       704     0    36     1     4
 -6.0542599249160729E-02 a       705     0    36     1     5
  1.2634974069264360E-01 a       706     0    36     1     6
 -3.3574198157272084E-01 a       707     0    36     1     7
  1.5509315187255387E-01 a       708     0    36     1     8
 -1.5087753277446159E-01 a       709     0    36     1     9
 -3.2669152170590451E-02 a       710     0    36     1    10
 -1.9813269938468070E-01 a       711     0    36     1    11
 -4.4767184514428869E-02 a       712     0    36     1    12
 -9.6345948263381692E-02 a       713     0    36     1    13
  1.2038525472981787E-01 a       714     0    36     1    14
  3.6831165164126637E-03 a       715     0    36     1    15
 -1.8967084052076930E-01 a       716     0    36     1    16
 -4.8899525104349265E-02 a       717     0    36     1    17
  2.1188184443008354E-01 a       718     0    36     1    18
  5.7787311415042730E-04 a       719     0    36     1    19
 -8.2927352187436118E-02 a       720     0    36     1    20
 -8.6561184223666141E-02 a       721     0    37     1     1
  3.0951002443912007E-01 a       722     0    37     1     2
 -3.9869455003592474E-01 a       723     0    37     1     3
 -1.1639127382827298E-01 a       724     0    37     1     4
  2.4547344695502615E-01 a       725     0    37     1     5
  1.6506232103587035E-01 a       726     0    37     1     6
 -1.5309632167103168E-01 a       727     0    37     1     7
  1.6578388222896800E-01 a       728     0    37     1     8
  7.1864874678240653E-02 a       729     0    37     1     9
 -3.6111094661881525E-02 a       730     0    37     1    10
 -3.2195026620930633E-01 a       731     0    37     1    11
 -9.4032713234378978E-02 a       732     0    37     1    12
 -5.8549828932188318E-02 a       733     0    37     1    13
  2.1258698197326047E-02 a       734     0    37     1    14
  1.1950710984129345E-01 a       735     0    37     1    15
  2.8789942295509519E-02 a       736     0    37     1    16
 -1.4596479509244265E-01 a       737     0    37     1    17
 -1.3118775512694900E-01 a       738     0    37     1    18
  3.1361645707611702E-01 a       739     0    37     1    19
 -4.2548114078989542E-02 a       740     0    37     1    20
  2.8686683841517818E-01 a       741     0    38     1     1
 -1.5943905348901617E-03 a       742     0    38     1     2
  1.6002981155234389E-01 a       743     0    38     1     3
 -1.9761093798270882E-01 a       744     0    38     1     4
  5.6512628676386997E-02 a       745     0    38     1     5
  5.1684009985868744E-02 a       746     0    38     1     6
 -8.7083188107837356E-02 a       747     0    38     1     7
 -9.6013993910976578E-03 a       748     0    38     1     8
 -6.4935296193447331E-02 a       749     0    38     1     9
 -4.7546364471894684E-02 a       750     0    38     1    10
  2.2504219619261526E-01 a       751     0    38     1    11
 -1.3374582233487967E-01 a       752     0    38     1    12
  2.2066879055652400E-02 a       753     0    38     1    13
 -1.6571701894599822E-01 a       754     0    38     1    14
 -3.3648909307792224E-01 a       755     0    38     1    15
 -9.3327190116455613E-02 a       756     0    38     1    16
  1.5414702202312494E-01 a       757     0    38     1    17
  2.0027979725356290E-01 a       758     0    38     1    18
  1.9129372253261828E-01 a       759     0    38     1    19
  2.2092036134901691E-01 a       760     0    38     1    20
  2.0176967124659027E-02 a       761     0    39     1     1
 -5.0814872419192292E-01 a       762     0    39     1     2
  3.1918280112115133E-01 a       763     0    39     1     3
 -4.2816261393814517E-02 a       764     0    39     1     4
  2.1532161327158138E-02 a       765     0    39     1     5
 -1.1847546191449800E-01 a       766     0    39     1     6
  2.6449232736776601E-01 a       767     0    39     1     7
 -5.7019116212470911E-02 a       768     0    39     1     8
 -1.5756358000980852E-01 a       769     0    39     1     9
 -1.3785820560543469E-01 a       770     0    39     1    10
 -3.6441355622598615E-01 a       771     0    39     1    11
  1.5196489225632662E-01 a       772     0    39     1    12
 -1.2084930565722014E-01 a       773     0    39     1    13
  2.4366109942364014E-01 a       774     0    39     1    14
  2.0938050838172748E-01 a       775     0    39     1    15
 -2.0602285479712826E-01 a       776     0    39     1    16
  1.4997625633759196E-01 a       777     0    39     1    17
 -1.2238966654131295E-02 a       778     0    39     1    18
  3.1478445510911307E-01 a       779     0    39     1    19
  1.5865717458096254E-01 a       780     0    39     1    20
 -2.1337997679340606E-01 a       781     0    40     1     1
 -4.1189852836021369E-02 a       782     0    40     1     2
  1.8891089238953604E-01 a       783     0    40     1     3
  1.7881278502471182E-01 a       784     0    40     1     4
 -2.2137492021176278E-01 a       785     0    40     1     5
  2.1507315109525238E-01 a       786     0    40     1     6
  5.4561276352429338E-04 a       787     0    40     1     7
  7.0821707646207835E-02 a       788     0    40     1     8
 -1.3863512672154363E-01 a       789     0    40     1     9
  2.3509717378871323E-01 a       790     0    40     1    10
 -2.8276512455643357E-02 a       791     0    40     1    11
 -1.8436177888619974E-02 a       792     0    40     1    12
  1.2715973592168646E-02 a       793     0    40     1    13
 -6.7486443965860302E-02 a       794     0    40     1    14
  3.5813300671480508E-01 a       795     0    40     1    15
  1.6840396865566307E-01 a       796     0    40     1    16
 -4.0731853544974161E-01 a       797     0    40     1    17
 -2.1232297126336688E-01 a       798     0    40     1    18
  2.7463537599357790E-01 a       799     0    40     1    19
 -1.6158869641453993E-01 a       800     0    40     1    20
  2.6960904150731768E-01 a       801     0    41     1     1
  7.3894319697524580E-02 a       802     0    41     1     2
 -1.9214311046868521E-01 a       803     0    41     1     3
  1.9997655195348668E-01 a       804     0    41     1     4
 -2.3752254735583719E-01 a       805     0    41     1     5
  1.3182804747455007E-01 a       806     0    41     1     6
 -3.8863210348175373E-02 a       807     0    41     1     7
  5.3316367813294768E-02 a       808     0    41     1     8
  2.4919064722966086E-01 a       809     0    41     1     9
 -1.1597450719096651E-01 a       810     0    41     1    10
 -9.9403939183111759E-02 a       811     0    41     1    11
 -2.6892506834369506E-01 a       812     0    41     1    12
  9.9258017653376579E-02 a       813     0    41     1    13
  1.2672310365172268E-01 a       814     0    41     1    14
 -1.5394888594256767E-01 a       815     0    41     1    15
  8.0273508488103565E-02 a       816     0    41     1    16
 -7.7256836404722015E-02 a       817     0    41     1    17
  6.6521199673733655E-02 a       818     0    41     1    18
 -1.5899311769641950E-02 a       819     0    41     1    19
 -1.4255671866541686E-01 a       820     0    41     1    20
  1.7919743427269907E-01 a       821     0    42     1     1
  9.4101866395876518E-02 a       822     0    42     1     2
  3.6480206347773014E-01 a       823     0    42     1     3
  9.8555258062136650E-02 a       824     0    42     1     4
 -7.0752103228927846E-02 a       825     0    42     1     5
 -1.0028552171942828E-01 a       826     0    42     1     6
  3.4579685712795161E-01 a       827     0    42     1     7
  8.8205035771647997E-02 a       828     0    42     1     8
  2.5979550545187235E-01 a       829     0    42     1     9
 -2.2003335935907703E-01 a       830     0    42     1    10
  2.1965437989975076E-01 a       831     0    42     1    11
  6.6597412767222058E-02 a       832     0    42     1    12
  1.4903221094690847E-01 a       833     0    42     1    13
 -1.2513314247312987E-01 a       834     0    42     1    14
 -3.5067503422647757E-02 a       835     0    42     1    15
  2.7040586446077575E-01 a       836     0    42     1    16
 -5.7858574111877399E-02 a       837     0    42     1    17
 -3.1134163547861776E-01 a       838     0    42     1    18
 -2.6417383628376223E-01 a       839     0    42     1    19
 -2.9951539319587850E-01 a       840     0    42     1    20
 -1.5498890676890811E-01 a       841     0    43     1     1
 -3.0644657737205611E-01 a       842     0    43     1     2
 -9.4078743970332519E-03 a       843     0    43     1     3
  1.3124515140198095E-01 a       844     0    43     1     4
  1.4004003363875170E-01 a       845     0    43     1     5
  9.3756241200895651E-02 a       846     0    43     1     6
 -1.4178294422909873E-01 a       847     0    43     1     7
  3.2825539319093966E-01 a       848     0    43     1     8
 -1.4941156637257891E-01 a       849     0    43     1     9
 -2.6982259394313274E-02 a       850     0    43     1    10
  3.8273155196264425E-02 a       851     0    43     1    11
 -3.3108282243382407E-02 a       852     0    43     1    12
 -1.5525588843713034E-01 a       853     0    43     1    13
 -9.4511479023089415E-02 a       854     0    43     1    14
  1.8940693394335267E-01 a       855     0    43     1    15
 -3.0204164586538679E-01 a       856     0    43     1    16
 -2.1364984127080119E-01 a       857     0    43     1    17
 -3.8971403043426811E-01 a       858     0    43     1    18
 -1.5430901538209502E-02 a       859     0    43     1    19
 -4.4244687444174702E-02 a       860     0    43     1    20
 -1.0969807591854940E-01 a       861     0    44     1     1
  3.8872987623145061E-02 a       862     0    44     1     2
  2.9829712601366614E-02 a       863     0    44     1     3
  3.1968233951726634E-03 a       864     0    44     1     4
 -6.3894052527962561E-03 a       865     0    44     1     5
  3.8700792569065105E-02 a       866     0    44     1     6
  2.7128789839097955E-02 a       867     0    44     1     7
  8.0827488982052609E-02 a       868     0    44     1     8
 -7.6853144340831694E-02 a       869     0    44     1     9
 -3.8806723547622968E-01 a       870     0    44     1    10
  8.9244836873559399E-02 a       871     0    44     1    11
 -1.4805057058380394E-01 a       872     0    44     1    12
  8.7257250763484159E-02 a       873     0    44     1    13
  2.4043793081688689E-01 a       874     0    44     1    14
 -1.0125596321273976E-01 a       875     0    44     1    15
  9.8442937719319029E-02 a       876     0    44     1    16
  9.2628733045466732E-02 a       877     0    44     1    17
  4.7455375971864444E-02 a       878     0    44     1    18
  3.9307559541944170E-01 a       879     0    44     1    19
  8.9587776125038696E-02 a       880     0    44     1    20
 -4.8925099187357268E-02 a       881     0    45     1     1
  3.9072733926481279E-01 a       882     0    45     1     2
  2.2493174889297365E-01 a       883     0    45     1     3
 -2.8760564896114331E-02 a       884     0    45     1     4
 -2.4591766759064906E-01 a       885     0    45     1     5
  2.2184815273577652E-01 a       886     0    45     1     6
 -6.5541291903154747E-02 a       887     0    45     1     7
 -2.6994353391919381E-02 a       888     0    45     1     8
  2.0525912206988156E-01 a       889     0    45     1     9
 -2.4913550175882701E-01 a       890     0    45     1    10
 -3.1666946651471448E-02 a       891     0    45     1    11
  8.1615505905934374E-02 a       892     0    45     1    12
 -3.0894086016684957E-01 a       893     0    45     1    13
 -1.5356688845743421E-01 a       894     0    45     1    14
 -8.2135608725219508E-02 a       895     0    45     1    15
  5.7989918395245026E-02 a       896     0    45     1    16
 -2.7252891131881285E-02 a       897     0    45     1    17
  3.7906236432873203E-01 a       898     0    45     1    18
 -2.9904398642324470E-01 a       899     0    45     1    19
  1.2542051076581787E-01 a       900     0    45     1    20
 -2.0586381597940153E-02 a       901     0    46     1     1
  1.2381473387332347E-02 a       902     0    46     1     2
 -1.2853866723645671E-01 a       903     0    46     1     3
  1.2002762985481176E-01 a       904     0    46     1     4
 -7.5997268057477224E-02 a       905     0    46     1     5
 -3.3502096803076392E-02 a       906     0    46     1     6
  1.1369298101365918E-01 a       907     0    46     1     7
  1.8782477746061718E-01 a       908     0    46     1     8
  1.2471497951257260E-01 a       909     0    46     1     9
 -2.3908792943477325E-01 a       910     0    46     1    10
  1.6283690317362504E-01 a       911     0    46     1    11
 -2.3693510834273053E-05 a       912     0    46     1    12
 -7.9313918683876425E-02 a       913     0    46     1    13
 -7.0795638355659468E-02 a       914     0    46     1    14
  1.8980778666201636E-01 a       915     0    46     1    15
  1.5652174510377592E-01 a       916     0    46     1    16
 -1.1231960364597599E-01 a       917     0    46     1    17
 -1.8998378763832460E-01 a       918     0    46     1    18
  3.3813538175058139E-01 a       919     0    46     1    19
  2.1784425126888982E-01 a       920     0    46     1    20
  1.7603200038773129E-01 a       921     0    47     1     1
  5.3780188305293970E-02 a       922     0    47     1     2
 -7.6566762979673311E-02 a       923     0    47     1     3
 -4.0976541799226475E-02 a       924     0    47     1     4
  8.9800584341279382E-02 a       925     0    47     1     5
  7.4320991794811803E-02 a       926     0    47     1     6
  2.0301112069754942E-01 a       927     0    47     1     7
  3.8005137885372457E-02 a       928     0    47     1     8
  1.7352601368209131E-01 a       929     0    47     1     9
 -1.2540980240503416E-01 a       930     0    47     1    10
 -5.7338980850383546E-02 a       931     0    47     1    11
 -1.3273316097483265E-01 a       932     0    47     1    12
  3.0208906562293597E-01 a       933     0    47     1    13
  2.2153730158841572E-01 a       934     0    47     1    14
 -2.0236685290733905E-01 a       935     0    47     1    15
 -5.7095024059978017E-02 a       936     0    47     1    16
 -6.3187470098407250E-02 a       937     0    47     1    17
  1.9206083364658316E-01 a       938     0    47     1    18
 -1.1256605936971766E-01 a       939     0    47     1    19
 -2.0865819144745856E-01 a       940     0    47     1    20
  8.8542135308906172E-02 a       941     0    48     1     1
 -2.0171331341446143E-02 a       942     0    48     1     2
 -4.7854081319995564E-02 a       943     0    48     1     3
 -4.5343928251824435E-02 a       944     0    48     1     4
  1.1292867107051180E-01 a       945     0    48     1     5
 -2.4209847196543510E-01 a       946     0    48     1     6
 -1.0839900419310608E-01 a       947     0    48     1     7
 -2.6252014842062965E-02 a       948     0    48     1     8
 -1.4536880245077394E-01 a       949     0    48     1     9
 -1.8130460416145251E-02 a       950     0    48     1    10
  2.0161258908968258E-01 a       951     0    48     1    11
  8.2612584401053568E-02 a       952     0    48     1    12
  1.5736778921138478E-01 a       953     0    48     1    13
 -1.5597310629194006E-01 a       954     0    48     1    14
  9.3798662708784480E-02 a       955     0    48     1    15
 -1.7342357835272229E-01 a       956     0    48     1    16
 -2.2955222345788541E-03 a       957     0    48     1    17
 -1.2870204174952823E-01 a       958     0    48     1    18
  4.2448972929986749E-02 a       959     0    48     1    19
  8.0452877642210985E-02 a       960     0    48     1    20
 -1.4198781303668695E-01 a       961     0    49     1     1
  1.3252731959509040E-01 a       962     0    49     1     2
  2.2515197387819513E-01 a       963     0    49     1     3
 -2.7954855836739383E-02 a       964     0    49     1     4
 -8.3838084007039362E-02 a       965     0    49     1     5
  1.6008146048043848E-01 a       966     0    49     1     6
 -5.6254096103020165E-02 a       967     0    49     1     7
  1.1606989377335622E-01 a       968     0    49     1     8
  3.5075862355663089E-02 a       969     0    49     1     9
 -5.1178463948801989E-01 a       970     0    49     1    10
 -6.3308784551316610E-02 a       971     0    49     1    11
  7.7638169280963995E-02 a       972     0    49     1    12
 -1.4091931607933450E-01 a       973     0    49     1    13
  6.2646634781469104E-02 a       974     0    49     1    14
 -2.0117792627807610E-01 a       975     0    49     1    15
 -7.2657301362547180E-02 a       976     0    49     1    16
  1.7421370233320348E-02 a       977     0    49     1    17
 -1.7940589495854267E-01 a       978     0    49     1    18
  2.2879521985009924E-01 a       979     0    49     1    19
  2.0979399775277019E-01 a       980     0    49     1    20
 -2.1800248692767474E-01 a       981     0    50     1     1
  1.3742302872046822E-01 a       982     0    50     1     2
 -7.7162136356895811E-02 a       983     0    50     1     3
 -1.1333618759624223E-02 a       984     0    50     1     4
  5.0301982549783887E-02 a       985     0    50     1     5
 -1.1139361553625063E-01 a       986     0    50     1     6
  2.2692337440447338E-01 a       987     0    50     1     7
 -8.2610080951542653E-02 a       988     0    50     1     8
 -1.1856365995950333E-02 a       989     0    50     1     9
 -3.2758299127088268E-02 a       990     0    50     1    10
  2.0438627396473022E-01 a       991     0    50     1    11
  1.2663194322021348E-02 a       992     0    50     1    12
  1.5591225426831212E-01 a       993     0    50     1    13
  2.4680986633193489E-02 a       994     0    50     1    14
  2.7858932689694760E-01 a       995     0    50     1    15
  1.0935287810543487E-01 a       996     0    50     1    16
  7.2258132732054281E-02 a       997     0    50     1    17
  1.9628630147897300E-02 a       998     0    50     1    18
 -1.8974641473857132E-01 a       999     0    50     1    19
  1.5488484855204021E-01 a      1000     0    50     1    20
 -2.6985535889987816E-01 a      1001     0    51     1     1
 -3.6352910850383441E-01 a      1002     0    51     1     2
  1.8129719946017908E-01 a      1003     0    51     1     3
 -1.3433037891384145E-01 a      1004     0    51     1     4
  2.5067758065497975E-01 a      1005     0    51     1     5
 -6.1033835922588353E-01 a      1006     0    51     1     6
 -2.7377596343016747E-01 a      1007     0    51     1     7
 -1.4985735586573301E-01 a      1008     0    51     1     8
 -3.0424410771095450E-01 a      1009     0    51     1     9
  3.8549542149967642E-02 a      1010     0    51     1    10
 -1.9263759579954007E-02 a      1011     0    51     1    11
 -1.7133892427552830E-01 a      1012     0    51     1    12
 -9.1847951287971935E-02 a      1013     0    51     1    13
  1.7832678631973373E-01 a      1014     0    51     1    14
 -1.3216399509968968E-02 a      1015     0    51     1    15
  2.1890968109470049E-01 a      1016     0    51     1    16
 -9.7981218347158089E-02 a      1017     0    51     1    17
  4.2399401369735190E-01 a      1018     0    51     1    18
  3.0033777811864354E-01 a      1019     0    51     1    19
  1.3971821912375590E-01 a      1020     0    51     1    20
  2.2307228772946969E-01 a      1021     0    52     1     1
  4.4717286451129457E-01 a      1022     0    52     1     2
  5.0832113783935685E-02 a      1023     0    52     1     3
 -1.4133264402445878E-01 a      1024     0    52     1     4
  1.6191970188644700E-01 a      1025     0    52     1     5
 -9.2276350286317504E-02 a      1026     0    52     1     6
  1.6263806760100202E-01 a      1027     0    52     1     7
  7.7314968526754096E-02 a      1028     0    52     1     8
 -7.5991150982142555E-02 a      1029     0    52     1     9
 -1.9821686405286207E-01 a      1030     0    52     1    10
  1.2090818987942349E-02 a      1031     0    52     1    11
 -2.6285037147986712E-01 a      1032     0    52     1    12
 -3.0394063087605040E-02 a      1033     0    52     1    13
 -2.5965738111804582E-01 a      1034     0    52     1    14
 -2.9822993079645088E-01 a      1035     0    52     1    15
 -3.8917557226847227E-02 a      1036     0    52     1    16
  1.9457109487459084E-01 a      1037     0    52     1    17
 -1.3376662583596577E-01 a      1038     0    52     1    18
  1.0173057805266393E-01 a      1039     0    52     1    19
  1.7843781867628881E-02 a      1040     0    52     1    20
 -1.9520534723749444E-01 a      1041     0    53     1     1
  2.6620313499182813E-02 a      1042     0    53     1     2
  1.7054983884190023E-01 a      1043     0    53     1     3
 -1.0217809867419983E-01 a      1044     0    53     1     4
  6.4375966081220176E-02 a      1045     0    53     1     5
 -1.2564259903454011E-01 a      1046     0    53     1     6
 -1.0148502012142009E-01 a      1047     0    53     1     7
  5.0033571851087061E-02 a      1048     0    53     1     8
 -1.5811239048061743E-01 a      1049     0    53     1     9
 -4.3175183237132798E-02 a      1050     0    53     1    10
  1.4401081905819133E-01 a      1051     0    53     1    11
  1.0691990965032770E-01 a      1052     0    53     1    12
 -1.0772991027303014E-01 a      1053     0    53     1    13
 -2.1532804705022843E-01 a      1054     0    53     1    14
  1.0483144451831380E-01 a      1055     0    53     1    15
 -6.9990410553946281E-02 a      1056     0    53     1    16
  5.7951401044845411E-04 a      1057     0    53     1    17
 -1.0169698472039829E-01 a      1058     0    53     1    18
 -2.8678120183068284E-01 a      1059     0    53     1    19
  2.1873772100281463E-01 a      1060     0    53     1    20
 -4.7195154407766511E-02 a      1061     0    54     1     1
 -1.1455637074649912E-02 a      1062     0    54     1     2
 -2.2691913259461699E-01 a      1063     0    54     1     3
 -5.5345081996850953E-02 a      1064     0    54     1     4
  1.2123087196369923E-02 a      1065     0    54     1     5
  2.2897566706879824E-01 a      1066     0    54     1     6
 -1.1674330826485928E-02 a      1067     0    54     1     7
  1.1247613825210492E-02 a      1068     0    54     1     8
 -1.1508036656884074E-01 a      1069     0    54     1     9
  2.3990783413024588E-01 a      1070     0    54     1    10
 -2.4138367487023939E-02 a      1071     0    54     1    11
 -1.1624369631101056E-01 a      1072     0    54     1    12
  2.8709882349089132E-02 a      1073     0    54     1    13
 -3.5189006018907440E-03 a      1074     0    54     1    14
  5.9039015703073634E-02 a      1075     0    54     1    15
 -9.6184051669242779E-02 a      1076     0    54     1    16
  8.8150349603713180E-02 a      1077     0    54     1    17
  1.5963545891222644E-01 a      1078     0    54     1    18
 -3.1880951670657312E-02 a      1079     0    54     1    19
  1.1071554566307294E-01 a      1080     0    54     1    20
  1.0652024557421478E+00 b      1081     1     1
 -4.0398303104180631E-03 b      1082     1     2
 -9.9690690742030452E-01 b      1083     1     3
 -6.1646783196019503E-02 b      1084     1     4
 -4.6785371279298577E-01 b      1085     1     5
 -5.3321307263446294E-01 b      1086     1     6
  8.2535760188999863E-01 b      1087     1     7
 -9.6404204443256036E-02 b      1088     1     8
 -1.4485409254782797E-02 b      1089     1     9
 -6.3267084955567976E-01 b      1090     1    10
  1.3073809701712524E+00 b      1091     1    11
  4.7698988745535686E-01 b      1092     1    12
  6.2390211603056456E-01 b      1093     1    13
  1.0902921644606691E+00 b      1094     1    14
 -1.1032735250841743E+00 b      1095     1    15
 -9.5279552594364303E-01 b      1096     1    16
  4.3771635932799663E-01 b      1097     1    17
 -1.1405542753322611E+00 b      1098     1    18
  1.4005987209731736E+00 b      1099     1    19
  3.7152254728609474E-01 b      1100     1    20
 -5.4015816587417298E-01 a      1101     1     1     2     1
 -2.5831816347165826E-01 a      1102     1     1     2     2
  5.1876248939759506E-01 a      1103     1     1     2     3
  4.6404629024911515E-01 a      1104     1     1     2     4
  8.6230260035001602E-02 a      1105     1     1     2     5
 -5.1146430152417093E-02 a      1106     1     1     2     6
 -1.3696411428419772E-01 a      1107     1     1     2     7
  2.3353847795611582E-01 a      1108     1     1     2     8
  2.0655411644360877E-01 a      1109     1     1     2     9
 -1.1362556451816559E-01 a      1110     1     1     2    10
  1.7807684383518527E-01 a      1111     1     1     2    11
 -1.0887282781234008E-01 a      1112     1     1     2    12
  6.1170647629841549E-02 a      1113     1     1     2    13
 -6.2092606019677266E-01 a      1114     1     1     2    14
  3.7556409512756135E-02 a      1115     1     1     2    15
 -6.3240501156913786E-01 a      1116     1     1     2    16
  2.5462079576350644E-01 a      1117     1     1     2    17
 -2.5232806866344454E-01 a      1118     1     1     2    18
 -1.2653322382014381E-01 a      1119     1     1     2    19
 -5.4642195462381826E-01 a      1120     1     1     2    20
 -4.8639708708212115E-01 a      1121     1     2     2     1
  1.9062817914116879E-02 a      1122     1     2     2     2
  6.8248513188341509E-01 a      1123     1     2     2     3
  4.1842024255011051E-01 a      1124     1     2     2     4
  5.0495949127777395E-01 a      1125     1     2     2     5
 -6.2144219919593990E-01 a      1126     1     2     2     6
  4.6734814984662182E-01 a      1127     1     2     2     7
 -4.2751723390960122E-01 a      1128     1     2     2     8
  7.6271474192777300E-02 a      1129     1     2     2     9
  5.6120298534901036E-01 a      1130     1     2     2    10
 -2.5371867703505213E-01 a      1131     1     2     2    11
  6.8152258026419477E-01 a      1132     1     2     2    12
 -2.0233333716470112E-01 a      1133     1     2     2    13
 -4.1659090118556563E-01 a      1134     1     2     2    14
  4.7927923701759201E-01 a      1135     1     2     2    15
 -2.1449461888790627E-01 a      1136     1     2     2    16
  3.5824604854980069E-01 a      1137     1     2     2    17
  1.2306990778094846E-01 a      1138     1     2     2    18
 -1.3984692022872430E-01 a      1139     1     2     2    19
 -5.2756091404431993E-01 a      1140     1     2     2    20
 -4.3612525299567606E-01 a      1141     1     3     2     1
  6.9424193037852411E-02 a      1142     1     3     2     2
  2.0965861704354793E-01 a      1143     1     3     2     3
 -9.7548563461287326E-03 a      1144     1     3     2     4
  5.9368836450542939E-01 a      1145     1     3     2     5
  4.6739394791289074E-01 a      1146     1     3     2     6
 -1.5763859776010547E-01 a      1147     1     3     2     7
  2.3693493687037986E-01 a      1148     1     3     2     8
 -6.0369944223078964E-01 a      1149     1     3     2     9
  2.3641857547706349E-01 a      1150     1     3     2    10
  3.5400714448461118E-01 a      1151     1     3     2    11
 -7.2944187126006976E-01 a      1152     1     3     2    12
 -2.5261071119026157E-01 a      1153     1     3     2    13
 -2.0272278964212601E-01 a      1154     1     3     2    14
 -6.7390323220928006E-01 a      1155     1     3     2    15
 -4.0101587290981111E-01 a      1156     1     3     2    16
 -3.6996201707419674E-01 a      1157     1     3     2    17
 -2.1101565476253192E-01 a      1158     1     3     2    18
  1.7000529664036451E-01 a      1159     1     3     2    19
  6.4062214034948672E-01 a      1160     1     3     2    20
  1.0400545165165553E-01 a      1161     1     4     2     1
  2.0716341456257134E-01 a      1162     1     4     2     2
  6.6487386531340009E-01 a      1163     1     4     2     3
 -5.2269435503737582E-01 a      1164     1     4     2     4
 -3.1251717774008303E-01 a      1165     1     4     2     5
  5.9389094037212953E-01 a      1166     1     4     2     6
  2.2178043392030058E-01 a      1167     1     4     2     7
 -6.4050738606035473E-01 a      1168     1     4     2     8
 -1.4636158529228335E-01 a      1169     1     4     2     9
  4.3166721636431599E-01 a      1170     1     4     2    10
  3.3958578309359205E-01 a      1171     1     4     2    11
  2.8621462289727451E-01 a      1172     1     4     2    12
  4.4427642481632468E-01 a      1173     1     4     2    13
 -3.6144832106350405E-01 a      1174     1     4     2    14
  3.9939666497248567E-02 a      1175     1     4     2    15
  4.1271730827348074E-01 a      1176     1     4     2    16
 -2.4891646215216140E-01 a      1177     1     4     2    17
 -3.6996635051493965E-01 a      1178     1     4     2    18
 -1.2766596802666677E-01 a      1179     1     4     2    19
  2.9486601482807490E-01 a      1180     1     4     2    20
 -1.0184939581168724E-01 a      1181     1     5     2     1
  4.7630187080224123E-01 a      1182     1     5     2     2
 -3.2626483509130549E-01 a      1183     1     5     2     3
 -3.9294447994081322E-01 a      1184     1     5     2     4
 -5.0997511878421276E-01 a      1185     1     5     2     5
 -9.5883048171526319E-02 a      1186     1     5     2     6
 -1.1822850279760524E-01 a      1187     1     5     2     7
  2.6308326672044025E-01 a      1188     1     5     2     8
 -5.2673223958483417E-01 a      1189     1     5     2     9
 -5.3826743608567107E-01 a      1190     1     5     2    10
 -3.6965370365464939E-01 a      1191     1     5     2    11
 -8.8857157632607868E-03 a      1192     1     5     2    12
  1.2674769457462143E-01 a      1193     1     5     2    13
 -1.0190045917578915E-01 a      1194     1     5     2    14
 -2.2783120793036191E-01 a      1195     1     5     2    15
  4.3333106609475408E-01 a      1196     1     5     2    16
  5.0025799599267073E-01 a      1197     1     5     2    17
 -6.3623646564274428E-01 a      1198     1     5     2    18
 -2.7727540648589555E-01 a      1199     1     5     2    19
 -1.2896645414275984E-01 a      1200     1     5     2    20
 -4.0734231438697749E-01 a      1201     1     6     2     1
 -5.6037750121234975E-01 a      1202     1     6     2     2
  2.4369359964229409E-01 a      1203     1     6     2     3
  4.5069981946510240E-01 a      1204     1     6     2     4
 -3.7609068911672205E-01 a      1205     1     6     2     5
  2.2215958421620532E-01 a      1206     1     6     2     6
  3.9100448909269148E-01 a      1207     1     6     2     7
 -2.0424494726802292E-01 a      1208     1     6     2     8
  1.7110889245569100E-01 a      1209     1     6     2     9
 -5.3509560312257687E-01 a      1210     1     6     2    10
 -5.7100065912256026E-02 a      1211     1     6     2    11
 -1.2335370299547296E-01 a      1212     1     6     2    12
  5.1370577084605551E-01 a      1213     1     6     2    13
  7.0006407231971324E-01 a      1214     1     6     2    14
 -2.5719458877666607E-01 a      1215     1     6     2    15
  3.1253133153918694E-01 a      1216     1     6     2    16
  2.2565588647020601E-01 a      1217     1     6     2    17
  3.0557925089665938E-01 a      1218     1     6     2    18
  1.1315872055195143E-01 a      1219     1     6     2    19
 -4.6603655927263876E-01 a      1220     1     6     2    20
  4.7792732187215559E-01 a      1221     1     7     2     1
 -1.2270540619855158E-01 a      1222     1     7     2     2
  3.9112365078578959E-01 a      1223     1     7     2     3
 -3.8326553897922622E-01 a      1224     1     7     2     4
 -5.6226939342949789E-01 a      1225     1     7     2     5
  2.8798906766035234E-02 a      1226     1     7     2     6
 -3.1813815158940023E-01 a      1227     1     7     2     7
  4.3524002200068979E-01 a      1228     1     7     2     8
  6.1718836399460886E-01 a      1229     1     7     2     9
  5.3354302126508968E-01 a      1230     1     7     2    10
 -5.6721932589008339E-01 a      1231     1     7     2    11
 -3.6887931783814709E-01 a      1232     1     7     2    12
 -4.0896142722590273E-01 a      1233     1     7     2    13
 -5.5077385064402151E-01 a      1234     1     7     2    14
  2.1171071627811285E-02 a      1235     1     7     2    15
 -4.3091799874518449E-01 a      1236     1     7     2    16
 -4.6509725767826227E-01 a      1237     1     7     2    17
  1.9893032727745893E-01 a      1238     1     7     2    18
 -4.6440612540346166E-01 a      1239     1     7     2    19
 -3.4190627056194256E-01 a      1240     1     7     2    20
  5.1579443862956231E-01 a      1241     1     8     2     1
  5.6905813462877108E-01 a      1242     1     8     2     2
  1.5369271382658728E-01 a      1243     1     8     2     3
  3.2400574910070384E-01 a      1244     1     8     2     4
  2.5131830326992281E-02 a      1245     1     8     2     5
 -1.9102747812481338E-01 a      1246     1     8     2     6
 -1.8571234449011129E-01 a      1247     1     8     2     7
 -6.2455597659911410E-01 a      1248     1     8     2     8
 -4.7202266935780546E-01 a      1249     1     8     2     9
  1.3703199219217824E-01 a      1250     1     8     2    10
  3.2731454921563913E-01 a      1251     1     8     2    11
  1.6678407019658989E-01 a      1252     1     8     2    12
 -3.4227458421261153E-01 a      1253     1     8     2    13
 -1.9649674763468000E-01 a      1254     1     8     2    14
  5.2855496244308864E-01 a      1255     1     8     2    15
  2.6221048895163296E-01 a      1256     1     8     2    16
  8.6383060575777063E-02 a      1257     1     8     2    17
 -3.9940645063826419E-01 a      1258     1     8     2    18
 -1.6678655451682770E-01 a      1259     1     8     2    19
  1.7135153202587500E-01 a      1260     1     8     2    20
  1.4300209597682148E-01 a      1261     1     9     2     1
  1.9340503790108567E-02 a      1262     1     9     2     2
  5.1498108850246394E-01 a      1263     1     9     2     3
  9.7407418334016505E-02 a      1264     1     9     2     4
  9.3121966671115691E-02 a      1265     1     9     2     5
 -5.6184436383968861E-01 a      1266     1     9     2     6
  3.8106379340125435E-01 a      1267     1     9     2     7
  1.4333261409560058E-01 a      1268     1     9     2     8
  1.6376383939159059E-01 a      1269     1     9     2     9
 -1.3962318926499045E-01 a      1270     1     9     2    10
 -5.4336190122786221E-01 a      1271     1     9     2    11
  5.0003199426335569E-02 a      1272     1     9     2    12
  5.1735302786137594E-01 a      1273     1     9     2    13
  3.8866199951622155E-01 a      1274     1     9     2    14
  9.0511312187475754E-02 a      1275     1     9     2    15
  3.2691910303838784E-01 a      1276     1     9     2    16
 -3.0873535017414111E-01 a      1277     1     9     2    17
 -2.9390745207507901E-01 a      1278     1     9     2    18
  4.6430261882235563E-01 a      1279     1     9     2    19
  3.7802653204903580E-01 a      1280     1     9     2    20
 -2.4308685510683742E-01 a      1281     1    10     2     1
 -5.1461083113535167E-01 a      1282     1    10     2     2
  1.5676585880164245E-01 a      1283     1    10     2     3
  2.1624685491140849E-01 a      1284     1    10     2     4
  2.6091392807033081E-01 a      1285     1    10     2     5
  2.1551021777794074E-01 a      1286     1    10     2     6
  3.1302311293650736E-01 a      1287     1    10     2     7
 -4.2889701938080138E-01 a      1288     1    10     2     8
 -2.8399216912053421E-01 a      1289     1    10     2     9
  5.6305494018086655E-01 a      1290     1    10     2    10
  3.7695642302220167E-01 a      1291     1    10     2    11
  2.7374396703875159E-01 a      1292     1    10     2    12
  5.7161692468445258E-01 a      1293     1    10     2    13
  1.9991439047955864E-01 a      1294     1    10     2    14
  1.5968482562573799E-01 a      1295     1    10     2    15
 -9.1306500809096455E-02 a      1296     1    10     2    16
  2.6240478150583313E-01 a      1297     1    10     2    17
  2.2139091450567169E-01 a      1298     1    10     2    18
 -4.5481782699118889E-01 a      1299     1    10     2    19
 -3.6285963450969499E-01 a      1300     1    10     2    20
  3.0080087503086639E-01 a      1301     1    11     2     1
  4.8531223550998465E-01 a      1302     1    11     2     2
  4.8505003476458824E-01 a      1303     1    11     2     3
 -2.4663375668529910E-01 a      1304     1    11     2     4
 -4.0389305234129858E-01 a      1305     1    11     2     5
  4.4587851891086083E-01 a      1306     1    11     2     6
 -6.0780455052861893E-01 a      1307     1    11     2     7
 -3.3154552267305221E-01 a      1308     1    11     2     8
  9.4042589490959290E-03 a      1309     1    11     2     9
 -5.9803274237999460E-01 a      1310     1    11     2    10
 -2.2078160340048825E-01 a      1311     1    11     2    11
  6.0308676725256716E-01 a      1312     1    11     2    12
 -5.0494310412377885E-01 a      1313     1    11     2    13
 -4.3831318304619343E-01 a      1314     1    11     2    14
  4.1443614337717072E-01 a      1315     1    11     2    15
  3.7743637202935637E-01 a      1316     1    11     2    16
 -1.5083760045452146E-01 a      1317     1    11     2    17
 -4.5316251640585054E-01 a      1318     1    11     2    18
 -4.1824802994442678E-01 a      1319     1    11     2    19
 -2.7741555908861426E-01 a      1320     1    11     2    20
 -4.5472830147444826E-01 a      1321     1    12     2     1
  2.8361705175516955E-01 a      1322     1    12     2     2
 -7.5512926408537864E-02 a      1323     1    12     2     3
 -2.4619605138048067E-01 a      1324     1    12     2     4
 -5.1145049590444513E-01 a      1325     1    12     2     5
 -6.5745679478943650E-02 a      1326     1    12     2     6
  2.6970394105843559E-01 a      1327     1    12     2     7
  2.3598964408688922E-01 a      1328     1    12     2     8
  6.8546301506167828E-01 a      1329     1    12     2     9
 -2.7645706137657733E-01 a      1330     1    12     2    10
 -2.4354667595942225E-01 a      1331     1    12     2    11
 -2.5326571339277554E-01 a      1332     1    12     2    12
  2.4677099706922839E-01 a      1333     1    12     2    13
  1.2177693434217637E-01 a      1334     1    12     2    14
  1.3397079713400836E-01 a      1335     1    12     2    15
  2.7153333210149255E-01 a      1336     1    12     2    16
 -3.7527056793489455E-01 a      1337     1    12     2    17
  1.5030675278060701E-01 a      1338     1    12     2    18
  5.9763021018807716E-01 a      1339     1    12     2    19
  6.3611611741292221E-02 a      1340     1    12     2    20
 -4.1681225375782871E-01 a      1341     1    13     2     1
 -1.8561822327140987E-02 a      1342     1    13     2     2
  3.2159841356788299E-01 a      1343     1    13     2     3
  6.9835753005523060E-01 a      1344     1    13     2     4
 -2.0217281977864196E-01 a      1345     1    13     2     5
 -1.1557811797665461E-01 a      1346     1    13     2     6
  4.9573203936887028E-01 a      1347     1    13     2     7
 -4.3432170324272723E-01 a      1348     1    13     2     8
 -3.4755783574544830E-01 a      1349     1    13     2     9
 -1.9458208418025785E-01 a      1350     1    13     2    10
 -2.3082917049552185E-01 a      1351     1    13     2    11
 -1.1283616915094026E-01 a      1352     1    13     2    12
 -2.0314794301423064E-01 a      1353     1    13     2    13
  6.6045581232639827E-01 a      1354     1    13     2    14
  5.6685120726257099E-01 a      1355     1    13     2    15
  3.6038706321953379E-01 a      1356     1    13     2    16
 -2.2832401321865792E-01 a      1357     1    13     2    17
  1.5513121780576974E-02 a      1358     1    13     2    18
 -1.2559724695576754E-01 a      1359     1    13     2    19
  2.8587392150646512E-01 a      1360     1    13     2    20
  3.4723594949480396E-01 a      1361     1    14     2     1
  4.1564314668997493E-01 a      1362     1    14     2     2
  1.6529804292513883E-01 a      1363     1    14     2     3
 -1.3127880035391817E-01 a      1364     1    14     2     4
  4.9705092522976702E-01 a      1365     1    14     2     5
  4.4438634847992597E-01 a      1366     1    14     2     6
  7.5717561856666574E-02 a      1367     1    14     2     7
  1.6542366108279585E-01 a      1368     1    14     2     8
 -3.6809876915321893E-01 a      1369     1    14     2     9
 -1.9880774491910191E-01 a      1370     1    14     2    10
  1.3325003471537081E-01 a      1371     1    14     2    11
 -4.8031766297183386E-02 a      1372     1    14     2    12
 -5.5395465352698833E-03 a      1373     1    14     2    13
 -2.2125263917663651E-01 a      1374     1    14     2    14
  3.5930766067115721E-01 a      1375     1    14     2    15
 -5.7230930248338674E-01 a      1376     1    14     2    16
 -2.6677898139464723E-01 a      1377     1    14     2    17
  6.8893177233314884E-01 a      1378     1    14     2    18
 -5.3164951586161073E-02 a      1379     1    14     2    19
  5.1505868232788476E-01 a      1380     1    14     2    20
  2.8070253799220335E-01 a      1381     1    15     2     1
 -8.8129967494624387E-02 a      1382     1    15     2     2
 -3.8539956227510930E-01 a      1383     1    15     2     3
  3.8014708420479559E-01 a      1384     1    15     2     4
  5.2921517198856349E-01 a      1385     1    15     2     5
  3.7278053442148551E-01 a      1386     1    15     2     6
 -5.1690800473904852E-01 a      1387     1    15     2     7
 -2.7899056401540296E-02 a      1388     1    15     2     8
  2.3910607726286615E-01 a      1389     1    15     2     9
  8.8977494920999239E-02 a      1390     1    15     2    10
  3.5962528761110718E-01 a      1391     1    15     2    11
  2.2170952297083968E-01 a      1392     1    15     2    12
 -4.3052558874377617E-01 a      1393     1    15     2    13
  4.5795553803055583E-01 a      1394     1    15     2    14
 -5.5222023196902137E-01 a      1395     1    15     2    15
  4.2200871961864955E-01 a      1396     1    15     2    16
 -2.6788008452864637E-01 a      1397     1    15     2    17
 -5.6112423090239472E-01 a      1398     1    15     2    18
 -5.7297782401158537E-01 a      1399     1    15     2    19
  3.3591001769452705E-01 a      1400     1    15     2    20
 -3.8608094528732473E-01 a      1401     1    16     2     1
 -6.5961719880188463E-01 a      1402     1    16     2     2
 -4.8804885901453271E-01 a      1403     1    16     2     3
 -3.2072747363116944E-01 a      1404     1    16     2     4
  3.6704483325291332E-01 a      1405     1    16     2     5
  4.4351777462472108E-01 a      1406     1    16     2     6
 -3.2390493802027176E-01 a      1407     1    16     2     7
 -6.9478852105752401E-02 a      1408     1    16     2     8
 -4.8419811822045270E-03 a      1409     1    16     2     9
  5.4207360791425707E-01 a      1410     1    16     2    10
 -4.1094391322271850E-01 a      1411     1    16     2    11
  2.2056316277479865E-01 a      1412     1    16     2    12
  5.2040727182015889E-01 a      1413     1    16     2    13
 -1.8868225612751174E-01 a      1414     1    16     2    14
 -1.7510717841562631E-01 a      1415     1    16     2    15
 -1.0759310262846182E-01 a      1416     1    16     2    16
  3.9356442563340632E-01 a      1417     1    16     2    17
  4.9378951466453253E-01 a      1418     1    16     2    18
 -6.4819780230719726E-01 a      1419     1    16     2    19
  3.7232912011946806E-01 a      1420     1    16     2    20
  5.3006115770157336E-01 a      1421     1    17     2     1
 -6.2696726765020816E-01 a      1422     1    17     2     2
  3.5375453706816429E-01 a      1423     1    17     2     3
 -4.7049597781494823E-01 a      1424     1    17     2     4
  5.1878388075617654E-01 a      1425     1    17     2     5
 -2.4380448848641237E-01 a      1426     1    17     2     6
 -2.7008181852539720E-01 a      1427     1    17     2     7
  4.9363919734366940E-01 a      1428     1    17     2     8
  3.1760472407681256E-01 a      1429     1    17     2     9
 -1.2619648468890049E-01 a      1430     1    17     2    10
 -2.8686786012555632E-01 a      1431     1    17     2    11
  5.7679926953743721E-01 a      1432     1    17     2    12
  4.7020186785069318E-01 a      1433     1    17     2    13
 -5.3156893629424529E-01 a      1434     1    17     2    14
 -6.2544794088274802E-01 a      1435     1    17     2    15
  4.8268188718627633E-02 a      1436     1    17     2    16
 -8.9925240338349810E-02 a      1437     1    17     2    17
 -3.4497955163753302E-01 a      1438     1    17     2    18
  6.7463536583115061E-02 a      1439     1    17     2    19
 -2.1508899514788396E-01 a      1440     1    17     2    20
 -1.2880865324110211E-01 a      1441     1    18     2     1
 -3.1958803448263023E-01 a      1442     1    18     2     2
 -6.4405439798394998E-02 a      1443     1    18     2     3
  5.6403712697986087E-02 a      1444     1    18     2     4
  4.6848918416105212E-01 a      1445     1    18     2     5
  3.3312096342207398E-01 a      1446     1    18     2     6
  2.2910772929705023E-01 a      1447     1    18     2     7
  3.1429843169021987E-01 a      1448     1    18     2     8
 -3.6190188079158969E-01 a      1449     1    18     2     9
 -1.0919169092388044E-01 a      1450     1    18     2    10
 -5.4573553279713682E-01 a      1451     1    18     2    11
 -2.8775324737192872E-03 a      1452     1    18     2    12
  3.5733486395855363E-01 a      1453     1    18     2    13
  1.2394549708713568E-01 a      1454     1    18     2    14
 -3.3463566719119431E-01 a      1455     1    18     2    15
  1.0901127380349222E-01 a      1456     1    18     2    16
  1.1091566345950279E-01 a      1457     1    18     2    17
 -2.4734838102624354E-01 a      1458     1    18     2    18
 -2.3835003401178328E-01 a      1459     1    18     2    19
  1.2304949092562749E-01 a      1460     1    18     2    20
 -2.2563675726378157E-01 a      1461     1    19     2     1
 -5.6383694978351363E-02 a      1462     1    19     2     2
  9.9373787422452287E-02 a      1463     1    19     2     3
  1.4136213199048181E-01 a      1464     1    19     2     4
  3.7409361147415243E-01 a      1465     1    19     2     5
 -4.9084958434501880E-01 a      1466     1    19     2     6
 -2.4861428054106233E-01 a      1467     1    19     2     7
  4.7707322606052049E-01 a      1468     1    19     2     8
  4.1651218045551763E-01 a      1469     1    19     2     9
  1.0332810349921411E-01 a      1470     1    19     2    10
 -2.8068934873495444E-01 a      1471     1    19     2    11
 -4.4295844468841611E-01 a      1472     1    19     2    12
  8.3343270321302093E-02 a      1473     1    19     2    13
 -1.1948428692250110E-01 a      1474     1    19     2    14
  2.2055150790826231E-01 a      1475     1    19     2    15
  3.6037456354437408E-01 a      1476     1    19     2    16
 -2.5026806277129737E-01 a      1477     1    19     2    17
 -3.2798591074610021E-02 a      1478     1    19     2    18
  4.5355248802610861E-02 a      1479     1    19     2    19
 -3.7678371543325678E-01 a      1480     1    19     2    20
  6.0987948332882784E-02 a      1481     1    20     2     1
 -2.9440187920608746E-01 a      1482     1    20     2     2
 -6.3040978648176715E-01 a      1483     1    20     2     3
 -1.4882247173147001E-01 a      1484     1    20     2     4
 -4.9803464846348028E-01 a      1485     1    20     2     5
  3.1333952660947806E-01 a      1486     1    20     2     6
  2.9704621719556246E-01 a      1487     1    20     2     7
 -4.2035618752371157E-01 a      1488     1    20     2     8
  2.2865553614055018E-01 a      1489     1    20     2     9
  3.4219522220992185E-02 a      1490     1    20     2    10
  1.5641321877994574E-01 a      1491     1    20     2    11
  1.2373438856764828E-01 a      1492     1    20     2    12
 -2.7584630075177746E-01 a      1493     1    20     2    13
  1.4882192573975037E-01 a      1494     1    20     2    14
 -9.8910275771904685E-02 a      1495     1    20     2    15
 -3.6045317093883861E-01 a      1496     1    20     2    16
  2.4541423052579306E-01 a      1497     1    20     2    17
 -3.2268341455860883E-01 a      1498     1    20     2    18
 -2.4612830346241996E-02 a      1499     1    20     2    19
  2.8138750817223318E-01 a      1500     1    20     2    20
  1.2052421363437837E+00 b      1501     2     1
  6.1903480322713966E-01 b      1502     2     2
  4.1826056460638256E-01 b      1503     2     3
  1.6028129412883385E+00 b      1504     2     4
  1.4064150004570177E+00 b      1505     2     5
 -9.2796755488267757E-01 b      1506     2     6
  1.4959471872624583E+00 b      1507     2     7
  1.2293368399733442E+00 b      1508     2     8
 -4.9048443258201657E-01 b      1509     2     9
 -1.0905528010027987E+00 b      1510     2    10
 -1.3335131771933160E+00 b      1511     2    11
 -1.6490123794396232E+00 b      1512     2    12
 -8.8307769747990927E-01 b      1513     2    13
  8.1671213620890221E-02 b      1514     2    14
  1.0380852592567591E+00 b      1515     2    15
 -1.1674533098730966E+00 b      1516     2    16
  6.0903620986608542E-01 b      1517     2    17
 -2.8720842579234934E-01 b      1518     2    18
  1.1885052632644129E+00 b      1519     2    19
  4.8994528616352007E-02 b      1520     2    20
  3.7640894736347014E-01 a      1521     2     1     3     1
 -1.3753064157406316E-02 a      1522     2     2     3     1
 -6.9779236338393247E-01 a      1523     2     3     3     1
 -1.0773630058563766E+00 a      1524     2     4     3     1
  8.6743737034029184E-02 a      1525     2     5     3     1
 -8.4626968338840786E-02 a      1526     2     6     3     1
  5.1708944105838794E-01 a      1527     2     7     3     1
 -1.2582571005250578E-01 a      1528     2     8     3     1
 -6.5268878043378775E-01 a      1529     2     9     3     1
  1.4900461890032579E-01 a      1530     2    10     3     1
 -5.2313635273452053E-01 a      1531     2    11     3     1
  1.6371120781741713E-01 a      1532     2    12     3     1
  9.0297873500601675E-03 a      1533     2    13     3     1
  1.0379573995353353E+00 a      1534     2    14     3     1
 -3.9103546882649465E-01 a      1535     2    15     3     1
  9.2905130674318981E-01 a      1536     2    16     3     1
 -4.2770398207769950E-01 a      1537     2    17     3     1
 -2.2198764968290130E-01 a      1538     2    18     3     1
 -9.3275542716306770E-01 a      1539     2    19     3     1
 -2.5902135700396695E-01 a      1540     2    20     3     1
  7.9006431485827999E-01 b      1541     3     1
