################################################################################
# Neural network connection values (weights and biases).
################################################################################
# Col  Name       Description
################################################################################
# 1    connection Neural network connection value.
# 2    t          Connection type (a = weight, b = bias).
# 3    index      Index enumerating weights.
# 4    l_s        Starting point layer (end point layer for biases).
# 5    n_s        Starting point neuron in starting layer (end point neuron for biases).
# 6    l_e        End point layer.
# 7    n_e        End point neuron in end layer.
################################################################################
#                      1 2         3     4     5     6     7
#             connection t     index   l_s   n_s   l_e   n_e
############################################################
 -8.7413136235288375E-02 a         1     0     1     1     1
 -3.9681121759130050E-01 a         2     0     1     1     2
 -8.7637415161128981E-02 a         3     0     1     1     3
  7.3314565223893943E-02 a         4     0     1     1     4
  3.5801993632863510E-01 a         5     0     1     1     5
 -2.9899109199790858E-01 a         6     0     1     1     6
 -2.6139919488911717E-01 a         7     0     1     1     7
  1.7951966748567363E-01 a         8     0     1     1     8
 -2.4593791606638354E-01 a         9     0     1     1     9
  4.3495430047353500E-01 a        10     0     1     1    10
  2.0975929841993757E-01 a        11     0     1     1    11
 -6.9267612668291845E-02 a        12     0     1     1    12
 -1.9097771286981419E-01 a        13     0     1     1    13
 -8.1019373700065511E-02 a        14     0     1     1    14
 -6.2021980483323254E-02 a        15     0     1     1    15
  3.2421597792666246E-01 a        16     0     1     1    16
 -2.1954687901404987E-01 a        17     0     1     1    17
  2.9234432296540575E-01 a        18     0     1     1    18
  6.7727372790921378E-02 a        19     0     1     1    19
 -2.0835028059072969E-01 a        20     0     1     1    20
 -4.5955200672649710E-01 a        21     0     2     1     1
 -1.8389424230073417E-01 a        22     0     2     1     2
 -2.2323291804806942E-02 a        23     0     2     1     3
 -1.8326051453789824E-01 a        24     0     2     1     4
  3.2615845951050731E-01 a        25     0     2     1     5
  2.4467815167790793E-01 a        26     0     2     1     6
  3.9025138734594667E-01 a        27     0     2     1     7
  1.0952627449503195E-01 a        28     0     2     1     8
  2.7734125239036861E-01 a        29     0     2     1     9
  2.9446956730072243E-01 a        30     0     2     1    10
  2.2207932316257900E-01 a        31     0     2     1    11
  2.6714408022935154E-01 a        32     0     2     1    12
 -1.6236087365939822E-01 a        33     0     2     1    13
  3.8711573960704010E-01 a        34     0     2     1    14
  1.8839197538745273E-01 a        35     0     2     1    15
  3.6372843041486108E-02 a        36     0     2     1    16
  1.0918166194046933E-01 a        37     0     2     1    17
 -5.4099845428242803E-02 a        38     0     2     1    18
  1.8581367847966257E-01 a        39     0     2     1    19
  4.2168621483672319E-01 a        40     0     2     1    20
 -3.4491603600004073E-01 a        41     0     3     1     1
  6.8706374450496113E-02 a        42     0     3     1     2
 -2.2908433289296234E-01 a        43     0     3     1     3
 -1.3387952896627889E-01 a        44     0     3     1     4
 -3.2125167947714223E-01 a        45     0     3     1     5
  1.0227828089168031E-01 a        46     0     3     1     6
 -1.6697163836792486E-01 a        47     0     3     1     7
  2.3850454653623013E-02 a        48     0     3     1     8
 -8.3215560707582251E-02 a        49     0     3     1     9
 -3.8570058242368122E-01 a        50     0     3     1    10
 -3.3241979570147623E-01 a        51     0     3     1    11
 -1.7425059589535385E-01 a        52     0     3     1    12
  5.2281531328855602E-01 a        53     0     3     1    13
  8.0555685590234793E-02 a        54     0     3     1    14
  2.8531903572351575E-01 a        55     0     3     1    15
 -3.0704364680997777E-02 a        56     0     3     1    16
 -2.9625585832046206E-02 a        57     0     3     1    17
 -3.1609190827993133E-01 a        58     0     3     1    18
  4.2266117679929466E-01 a        59     0     3     1    19
  1.1526236091674510E-02 a        60     0     3     1    20
  2.1854710607947365E-02 a        61     0     4     1     1
  2.6165064892748885E-01 a        62     0     4     1     2
 -2.7022102043882035E-01 a        63     0     4     1     3
 -5.0184075014923751E-02 a        64     0     4     1     4
  9.6697793181659886E-02 a        65     0     4     1     5
 -7.1724773014296292E-02 a        66     0     4     1     6
 -8.2575463615753672E-02 a        67     0     4     1     7
 -1.0143588259085563E-01 a        68     0     4     1     8
 -2.9946768260245837E-01 a        69     0     4     1     9
 -4.9734775048529356E-01 a        70     0     4     1    10
 -2.7128897165551440E-02 a        71     0     4     1    11
 -3.1222526097715975E-01 a        72     0     4     1    12
  3.2507938258602848E-01 a        73     0     4     1    13
 -3.0463574142014344E-01 a        74     0     4     1    14
 -2.5214029550788164E-01 a        75     0     4     1    15
 -3.0226513425030888E-01 a        76     0     4     1    16
 -4.5726755761726318E-01 a        77     0     4     1    17
  2.0285928762094185E-01 a        78     0     4     1    18
 -2.1615822584708000E-01 a        79     0     4     1    19
 -3.7506106994208149E-01 a        80     0     4     1    20
  3.0230357179372763E-01 a        81     0     5     1     1
  2.9633067982163508E-01 a        82     0     5     1     2
  1.9266112353265277E-01 a        83     0     5     1     3
 -1.3928893325377290E-01 a        84     0     5     1     4
  8.3006233835820106E-02 a        85     0     5     1     5
 -3.0559270737392980E-01 a        86     0     5     1     6
  1.0205993693774163E-02 a        87     0     5     1     7
 -2.7687588915226380E-01 a        88     0     5     1     8
  4.4340366220270988E-01 a        89     0     5     1     9
 -1.0278319359683513E-01 a        90     0     5     1    10
  3.5419855271253453E-01 a        91     0     5     1    11
  3.2982666004325539E-01 a        92     0     5     1    12
  4.2095027990102707E-01 a        93     0     5     1    13
  4.0683546071131094E-01 a        94     0     5     1    14
  1.3820307657335618E-01 a        95     0     5     1    15
 -3.1111090124842594E-01 a        96     0     5     1    16
  3.7914330623292275E-01 a        97     0     5     1    17
 -1.3369867324582937E-01 a        98     0     5     1    18
  1.3456513172432624E-01 a        99     0     5     1    19
  1.4187241438487369E-01 a       100     0     5     1    20
  2.5619817629705510E-01 a       101     0     6     1     1
 -1.9802863743031901E-01 a       102     0     6     1     2
 -7.1922029937242185E-02 a       103     0     6     1     3
  3.3964925611239444E-01 a       104     0     6     1     4
 -3.4806274931741893E-01 a       105     0     6     1     5
 -1.9787429215662980E-01 a       106     0     6     1     6
  3.5087409601487866E-02 a       107     0     6     1     7
  3.8689223104592968E-02 a       108     0     6     1     8
  2.4323688315709621E-01 a       109     0     6     1     9
 -7.7698628536273032E-02 a       110     0     6     1    10
  1.7273067608423509E-01 a       111     0     6     1    11
  1.6812140374400700E-01 a       112     0     6     1    12
  3.1194228696436033E-01 a       113     0     6     1    13
  2.8022813159600601E-01 a       114     0     6     1    14
 -7.0073032698612078E-02 a       115     0     6     1    15
 -1.4262340156078773E-01 a       116     0     6     1    16
  1.9226533525033868E-01 a       117     0     6     1    17
 -2.0263195181937237E-02 a       118     0     6     1    18
  1.8544917157174012E-01 a       119     0     6     1    19
  2.3236136963661461E-01 a       120     0     6     1    20
 -2.6847091553305159E-02 a       121     0     7     1     1
  3.2085036909042414E-01 a       122     0     7     1     2
 -5.7446864238688700E-01 a       123     0     7     1     3
 -1.9586983555621212E-01 a       124     0     7     1     4
  1.3519181590392304E-01 a       125     0     7     1     5
 -1.9030614259555007E-01 a       126     0     7     1     6
  1.5637664720535369E-01 a       127     0     7     1     7
 -6.0586511610731211E-02 a       128     0     7     1     8
 -3.2836993974290335E-01 a       129     0     7     1     9
 -2.2117926001337643E-01 a       130     0     7     1    10
 -2.1233925023524139E-01 a       131     0     7     1    11
  7.4096698293722743E-02 a       132     0     7     1    12
 -1.3342096843149895E-01 a       133     0     7     1    13
 -1.9207846615662022E-01 a       134     0     7     1    14
  2.6390169063259850E-01 a       135     0     7     1    15
  2.6366283571498433E-01 a       136     0     7     1    16
 -1.9477074730697386E-01 a       137     0     7     1    17
  4.1143088143285705E-01 a       138     0     7     1    18
  3.9388019392350315E-01 a       139     0     7     1    19
 -2.9248591668309826E-01 a       140     0     7     1    20
  3.3697336293549901E-01 a       141     0     8     1     1
  1.6441471329624616E-01 a       142     0     8     1     2
 -7.3915138714461037E-02 a       143     0     8     1     3
  2.4859656757804469E-02 a       144     0     8     1     4
  4.6772711251693283E-01 a       145     0     8     1     5
 -1.3614485604495236E-01 a       146     0     8     1     6
 -3.2777713687247334E-01 a       147     0     8     1     7
  2.2844840258854901E-01 a       148     0     8     1     8
 -1.8003246271913789E-01 a       149     0     8     1     9
  2.2635667450510079E-02 a       150     0     8     1    10
 -3.2326252785032317E-01 a       151     0     8     1    11
  7.6636443942302387E-02 a       152     0     8     1    12
  1.4837966499661886E-02 a       153     0     8     1    13
  2.8997922980441085E-02 a       154     0     8     1    14
 -2.8260551117363553E-01 a       155     0     8     1    15
  4.3115935145231356E-02 a       156     0     8     1    16
 -4.5517914392021119E-01 a       157     0     8     1    17
  1.8854663244127556E-01 a       158     0     8     1    18
 -2.4504892231034653E-01 a       159     0     8     1    19
  9.4210023730560404E-03 a       160     0     8     1    20
  7.9715262488307154E-02 a       161     0     9     1     1
  1.5796815877321757E-01 a       162     0     9     1     2
 -2.0403745177387334E-01 a       163     0     9     1     3
  1.2035735953056723E-01 a       164     0     9     1     4
  3.6458478993115433E-02 a       165     0     9     1     5
  2.8662642898093887E-01 a       166     0     9     1     6
  1.1637506427627402E-01 a       167     0     9     1     7
 -1.7231160901318124E-01 a       168     0     9     1     8
  2.9369451748234771E-01 a       169     0     9     1     9
 -4.9275835102129323E-02 a       170     0     9     1    10
  2.4575204888315116E-01 a       171     0     9     1    11
  1.1814788815919801E-01 a       172     0     9     1    12
 -1.1817755653971093E-01 a       173     0     9     1    13
  1.5505018508570981E-01 a       174     0     9     1    14
  2.1284513534625660E-01 a       175     0     9     1    15
 -8.2687287702479101E-02 a       176     0     9     1    16
 -2.5360532423940157E-01 a       177     0     9     1    17
 -1.4242816557445565E-01 a       178     0     9     1    18
  2.8127520030095177E-01 a       179     0     9     1    19
 -1.6719737224194217E-01 a       180     0     9     1    20
 -1.2218874057425498E-01 a       181     0    10     1     1
  3.4556256552244891E-01 a       182     0    10     1     2
  2.9545305394304916E-01 a       183     0    10     1     3
 -3.2205564090834610E-01 a       184     0    10     1     4
 -3.8216251753121122E-01 a       185     0    10     1     5
  9.1682171144374561E-02 a       186     0    10     1     6
  3.7938413303394142E-01 a       187     0    10     1     7
  5.2388895039000759E-02 a       188     0    10     1     8
 -3.2029370937944918E-02 a       189     0    10     1     9
 -3.6524832106348262E-03 a       190     0    10     1    10
 -4.3369552719231697E-01 a       191     0    10     1    11
 -2.5164283063401166E-01 a       192     0    10     1    12
  1.7600459308135686E-02 a       193     0    10     1    13
  2.7957243698805401E-01 a       194     0    10     1    14
 -3.6336603401965117E-01 a       195     0    10     1    15
  6.1495292873181742E-02 a       196     0    10     1    16
 -1.7581325047529459E-01 a       197     0    10     1    17
  2.6560914106510763E-01 a       198     0    10     1    18
  7.6392949863725024E-02 a       199     0    10     1    19
  1.2293937571377749E-01 a       200     0    10     1    20
  2.5946704163170170E-01 a       201     0    11     1     1
 -1.4382994871900401E-01 a       202     0    11     1     2
 -1.0593893605458628E-01 a       203     0    11     1     3
  2.2343589234081554E-01 a       204     0    11     1     4
 -1.2065993527572891E-01 a       205     0    11     1     5
 -1.8161172206558690E-01 a       206     0    11     1     6
 -7.3827584632242135E-02 a       207     0    11     1     7
  3.0143064432731131E-01 a       208     0    11     1     8
 -1.8810034129228614E-01 a       209     0    11     1     9
 -4.9436615205716426E-02 a       210     0    11     1    10
 -2.0010216527200440E-02 a       211     0    11     1    11
 -3.5315644250069882E-04 a       212     0    11     1    12
  3.4039606664645411E-01 a       213     0    11     1    13
 -1.9562297582841340E-01 a       214     0    11     1    14
 -1.6166276996655282E-01 a       215     0    11     1    15
  2.0007698149682380E-04 a       216     0    11     1    16
  8.7203018112451250E-02 a       217     0    11     1    17
  3.0171808277477929E-01 a       218     0    11     1    18
  3.6656084810650108E-01 a       219     0    11     1    19
 -2.2221507826942188E-01 a       220     0    11     1    20
 -1.9394476955597867E-01 a       221     0    12     1     1
 -4.2912933171954504E-01 a       222     0    12     1     2
 -9.0514216576874251E-02 a       223     0    12     1     3
  9.0331444796880170E-02 a       224     0    12     1     4
  4.3759868889090542E-01 a       225     0    12     1     5
 -3.5246457637824491E-01 a       226     0    12     1     6
 -4.8275145466980141E-01 a       227     0    12     1     7
 -2.8213056379763263E-01 a       228     0    12     1     8
 -1.1217147327427660E-01 a       229     0    12     1     9
  2.1491001714280613E-02 a       230     0    12     1    10
 -3.5931221578179912E-01 a       231     0    12     1    11
 -1.3288237358413063E-01 a       232     0    12     1    12
  3.6684600034595322E-01 a       233     0    12     1    13
  3.4969553101718320E-01 a       234     0    12     1    14
 -2.1393868669740460E-01 a       235     0    12     1    15
  7.6065398047987759E-02 a       236     0    12     1    16
 -1.4866681057152338E-02 a       237     0    12     1    17
 -1.8701585172521736E-02 a       238     0    12     1    18
 -4.2383619121260530E-01 a       239     0    12     1    19
  1.9309502224978667E-01 a       240     0    12     1    20
  8.8880743203321261E-02 a       241     0    13     1     1
 -2.0443768263306067E-01 a       242     0    13     1     2
 -1.3351301781037339E-01 a       243     0    13     1     3
  4.1122854843453088E-01 a       244     0    13     1     4
  2.0727199248933173E-01 a       245     0    13     1     5
  1.0064600906808165E-01 a       246     0    13     1     6
 -2.4587693431043617E-01 a       247     0    13     1     7
 -1.0384192349739792E-01 a       248     0    13     1     8
 -6.5889322479776899E-02 a       249     0    13     1     9
  3.0875130641979810E-02 a       250     0    13     1    10
  2.9152222628884983E-01 a       251     0    13     1    11
 -2.2858809925239178E-02 a       252     0    13     1    12
  1.4470275535834576E-01 a       253     0    13     1    13
  2.3347834743600446E-02 a       254     0    13     1    14
  3.4924529901830970E-01 a       255     0    13     1    15
  2.1028184461203253E-01 a       256     0    13     1    16
  1.3164173246803651E-01 a       257     0    13     1    17
 -1.8688075206075272E-01 a       258     0    13     1    18
  3.2479513277762030E-02 a       259     0    13     1    19
 -6.4701766430464686E-02 a       260     0    13     1    20
  2.0603565859644232E-01 a       261     0    14     1     1
  2.3072771787093765E-01 a       262     0    14     1     2
 -1.9509490959132353E-01 a       263     0    14     1     3
 -3.7560889200209974E-01 a       264     0    14     1     4
 -4.8320212829761144E-01 a       265     0    14     1     5
 -1.6471749683420001E-01 a       266     0    14     1     6
  1.3505919373056469E-02 a       267     0    14     1     7
  4.7041367948511548E-02 a       268     0    14     1     8
  1.9896036684830518E-01 a       269     0    14     1     9
 -1.9923541722186711E-01 a       270     0    14     1    10
 -2.5772922186409069E-02 a       271     0    14     1    11
  3.7792893038684178E-01 a       272     0    14     1    12
 -1.9856039730497826E-01 a       273     0    14     1    13
  5.8002061069662623E-02 a       274     0    14     1    14
 -2.0739196021504136E-01 a       275     0    14     1    15
 -1.3397287701423574E-01 a       276     0    14     1    16
 -9.0374720449583848E-02 a       277     0    14     1    17
  2.0197616487345249E-01 a       278     0    14     1    18
  2.4756916201187018E-01 a       279     0    14     1    19
  1.4507454555490135E-01 a       280     0    14     1    20
 -2.9040969097656644E-01 a       281     0    15     1     1
 -1.8144548155118425E-02 a       282     0    15     1     2
  1.9431637665395622E-02 a       283     0    15     1     3
  9.0456314950598429E-02 a       284     0    15     1     4
 -2.8383370188434626E-01 a       285     0    15     1     5
  3.9507445877186811E-02 a       286     0    15     1     6
  3.5367521765786042E-01 a       287     0    15     1     7
 -2.5908164828612185E-01 a       288     0    15     1     8
  6.8830493895013500E-02 a       289     0    15     1     9
 -2.0814261167548015E-01 a       290     0    15     1    10
 -6.3163091201269657E-03 a       291     0    15     1    11
 -8.3777893665802197E-02 a       292     0    15     1    12
  2.9796774542759752E-01 a       293     0    15     1    13
  1.3179640769180456E-01 a       294     0    15     1    14
  2.2923168172807859E-01 a       295     0    15     1    15
 -1.6977955375367049E-01 a       296     0    15     1    16
  4.6007521906428939E-01 a       297     0    15     1    17
 -8.2542742329223109E-02 a       298     0    15     1    18
 -3.0800752408907145E-01 a       299     0    15     1    19
  2.6484178355621123E-02 a       300     0    15     1    20
  6.0879014888180649E-02 a       301     0    16     1     1
 -1.8251317686182367E-01 a       302     0    16     1     2
 -1.6375273305253890E-01 a       303     0    16     1     3
 -8.2442884808233488E-02 a       304     0    16     1     4
  2.6994306844120425E-01 a       305     0    16     1     5
 -1.2057786019253397E-01 a       306     0    16     1     6
 -1.9328883840308167E-01 a       307     0    16     1     7
  1.5969424285673176E-01 a       308     0    16     1     8
  1.8182785763488630E-02 a       309     0    16     1     9
  9.4165985029021321E-02 a       310     0    16     1    10
 -3.5079577324374261E-01 a       311     0    16     1    11
 -1.3599611776588819E-01 a       312     0    16     1    12
  2.9200408149760920E-01 a       313     0    16     1    13
 -1.0503428688802705E-02 a       314     0    16     1    14
 -2.6770597065749607E-01 a       315     0    16     1    15
 -8.5774579544648677E-02 a       316     0    16     1    16
 -2.1755208308367729E-01 a       317     0    16     1    17
  1.7480862752589887E-01 a       318     0    16     1    18
  8.6722684215665112E-03 a       319     0    16     1    19
  2.4978587252114718E-02 a       320     0    16     1    20
  4.9549158544584915E-02 a       321     0    17     1     1
 -1.4968466775390038E-01 a       322     0    17     1     2
 -2.5229385410885852E-01 a       323     0    17     1     3
  2.2010370988722119E-01 a       324     0    17     1     4
 -8.6384442101578723E-03 a       325     0    17     1     5
  4.1958035524363738E-02 a       326     0    17     1     6
 -3.6016765538905754E-01 a       327     0    17     1     7
 -1.5187952646163386E-01 a       328     0    17     1     8
  1.4542075256710338E-01 a       329     0    17     1     9
  1.5209445538359363E-02 a       330     0    17     1    10
  2.4470089250551297E-01 a       331     0    17     1    11
  1.2990342895590398E-01 a       332     0    17     1    12
  3.7042623738749597E-01 a       333     0    17     1    13
 -3.3707134848683776E-02 a       334     0    17     1    14
  7.4662164423524519E-03 a       335     0    17     1    15
 -7.9926598713071454E-03 a       336     0    17     1    16
 -3.3581164384941763E-02 a       337     0    17     1    17
 -7.6099023862519183E-02 a       338     0    17     1    18
  1.1059736249364635E-01 a       339     0    17     1    19
  2.5871730240295796E-02 a       340     0    17     1    20
 -2.4137480406700923E-01 a       341     0    18     1     1
  3.5609914694557168E-02 a       342     0    18     1     2
  2.9565864579317808E-01 a       343     0    18     1     3
 -3.3817464091497429E-01 a       344     0    18     1     4
 -2.4324932857745923E-01 a       345     0    18     1     5
 -2.7957236024242027E-01 a       346     0    18     1     6
 -1.0463049234848013E-01 a       347     0    18     1     7
  3.3570351920337499E-02 a       348     0    18     1     8
 -2.8628200909398183E-01 a       349     0    18     1     9
  4.6861642733115765E-02 a       350     0    18     1    10
 -1.8882712543252714E-01 a       351     0    18     1    11
 -9.6108957637306966E-02 a       352     0    18     1    12
 -1.3845460126953241E-01 a       353     0    18     1    13
  1.6971299963020975E-01 a       354     0    18     1    14
 -1.5443011252873867E-01 a       355     0    18     1    15
  1.3083298856456635E-01 a       356     0    18     1    16
 -2.3989590891858592E-01 a       357     0    18     1    17
  6.1103962083168248E-02 a       358     0    18     1    18
  2.7602935386898686E-01 a       359     0    18     1    19
  1.2377347493445053E-01 a       360     0    18     1    20
 -2.9893407991700960E-01 a       361     0    19     1     1
 -1.7607207307871428E-01 a       362     0    19     1     2
  7.5975945778569750E-03 a       363     0    19     1     3
  1.1935051369822870E-01 a       364     0    19     1     4
  2.4739233118529998E-02 a       365     0    19     1     5
 -1.4978086227663340E-01 a       366     0    19     1     6
  1.4126569927345861E-01 a       367     0    19     1     7
 -2.3880901907402420E-02 a       368     0    19     1     8
 -2.7039301592342235E-01 a       369     0    19     1     9
  3.9561066104851411E-02 a       370     0    19     1    10
  1.8088165494372266E-01 a       371     0    19     1    11
 -2.4585566583390189E-01 a       372     0    19     1    12
  3.3887083504285204E-01 a       373     0    19     1    13
  4.8177273116814905E-02 a       374     0    19     1    14
  2.4820854260471883E-01 a       375     0    19     1    15
  1.3189187251782078E-01 a       376     0    19     1    16
  1.0564747573569550E-01 a       377     0    19     1    17
 -2.2844439977596182E-02 a       378     0    19     1    18
  8.9643919249728601E-02 a       379     0    19     1    19
 -9.6025760843054475E-02 a       380     0    19     1    20
  9.9187089973013769E-03 a       381     0    20     1     1
 -5.9077074983495487E-02 a       382     0    20     1     2
 -1.0253439770893241E-01 a       383     0    20     1     3
  9.7357273090847418E-03 a       384     0    20     1     4
 -3.6364448031886076E-01 a       385     0    20     1     5
 -6.7211509522126317E-02 a       386     0    20     1     6
 -1.4818317174326018E-01 a       387     0    20     1     7
 -8.4624349503834240E-02 a       388     0    20     1     8
  3.9756915651490018E-02 a       389     0    20     1     9
 -1.2523181214428555E-01 a       390     0    20     1    10
 -1.2979433435527385E-01 a       391     0    20     1    11
 -3.7742506671034168E-02 a       392     0    20     1    12
 -1.7820274894173951E-01 a       393     0    20     1    13
 -1.7463681699218274E-04 a       394     0    20     1    14
  5.3854546340178083E-02 a       395     0    20     1    15
 -1.3689192712724213E-01 a       396     0    20     1    16
  8.5915383787909083E-02 a       397     0    20     1    17
  1.3405674540627091E-02 a       398     0    20     1    18
  6.5499390063584587E-02 a       399     0    20     1    19
  1.0465343134977555E-01 a       400     0    20     1    20
 -1.2533856155317666E-01 a       401     0    21     1     1
 -3.7801906259519541E-01 a       402     0    21     1     2
  1.1194444057516363E-01 a       403     0    21     1     3
 -1.0816999780087437E-01 a       404     0    21     1     4
  1.6692774328962490E-01 a       405     0    21     1     5
 -1.1198811224248821E-01 a       406     0    21     1     6
  2.0936032108943897E-01 a       407     0    21     1     7
 -1.0197681105548469E-01 a       408     0    21     1     8
  1.7385159303556513E-01 a       409     0    21     1     9
  1.1214799905518213E-01 a       410     0    21     1    10
  1.2714328701140795E-01 a       411     0    21     1    11
  1.5494072502041337E-01 a       412     0    21     1    12
 -1.4098076428166276E-01 a       413     0    21     1    13
 -1.2043281109398370E-01 a       414     0    21     1    14
 -2.2604644170784341E-01 a       415     0    21     1    15
 -1.4520246403295292E-01 a       416     0    21     1    16
  1.8265392970057678E-01 a       417     0    21     1    17
  9.0435979188336360E-02 a       418     0    21     1    18
  6.5690160496432309E-02 a       419     0    21     1    19
 -1.5533922010934240E-02 a       420     0    21     1    20
  1.6043240861814306E-01 a       421     0    22     1     1
  2.5196466993017225E-01 a       422     0    22     1     2
 -2.7452246685737730E-01 a       423     0    22     1     3
  4.6986913840258604E-02 a       424     0    22     1     4
 -2.9661493675260020E-01 a       425     0    22     1     5
 -2.6262298199315276E-01 a       426     0    22     1     6
  1.8511437112102710E-01 a       427     0    22     1     7
 -6.5518126075141070E-02 a       428     0    22     1     8
 -9.0885316508281522E-02 a       429     0    22     1     9
 -3.9600775175264907E-01 a       430     0    22     1    10
 -2.8436929556342028E-01 a       431     0    22     1    11
 -1.8446839403269091E-01 a       432     0    22     1    12
 -1.6977107342134323E-01 a       433     0    22     1    13
  3.3265957736356433E-01 a       434     0    22     1    14
 -2.6957822030608636E-01 a       435     0    22     1    15
 -2.1417994802264742E-01 a       436     0    22     1    16
  3.9982944200917470E-01 a       437     0    22     1    17
  1.7745341628347641E-01 a       438     0    22     1    18
 -3.3362988444440345E-01 a       439     0    22     1    19
  5.3080453212572909E-01 a       440     0    22     1    20
  1.6889718539944465E-01 a       441     0    23     1     1
  4.2525360882731678E-01 a       442     0    23     1     2
 -2.0204442860285696E-01 a       443     0    23     1     3
 -1.3713626533452505E-01 a       444     0    23     1     4
  1.6767014485693999E-02 a       445     0    23     1     5
  4.3085669919196862E-01 a       446     0    23     1     6
 -3.2218256493336533E-01 a       447     0    23     1     7
 -1.3627083790565678E-01 a       448     0    23     1     8
 -1.7809940582071959E-01 a       449     0    23     1     9
  2.1213674535244650E-01 a       450     0    23     1    10
  3.1100288544069160E-01 a       451     0    23     1    11
  1.5236650809571786E-01 a       452     0    23     1    12
 -6.4086244587210850E-02 a       453     0    23     1    13
 -3.3468572910288230E-01 a       454     0    23     1    14
  3.4145886212516102E-01 a       455     0    23     1    15
  2.7653638377086642E-01 a       456     0    23     1    16
 -3.2287987777432542E-01 a       457     0    23     1    17
 -2.8738771682395664E-01 a       458     0    23     1    18
  4.4135551040594528E-01 a       459     0    23     1    19
 -3.6219933650017133E-01 a       460     0    23     1    20
 -1.1892917828143268E-01 a       461     0    24     1     1
  6.3785626699142103E-02 a       462     0    24     1     2
  9.1248799304042408E-02 a       463     0    24     1     3
  2.2873081357487701E-01 a       464     0    24     1     4
 -3.3321408123678259E-01 a       465     0    24     1     5
 -7.7540445131111274E-02 a       466     0    24     1     6
 -3.0008517317382627E-01 a       467     0    24     1     7
  3.6043183431699899E-01 a       468     0    24     1     8
 -1.8390227999314841E-02 a       469     0    24     1     9
  2.8844784289909309E-01 a       470     0    24     1    10
  2.3672150241311929E-01 a       471     0    24     1    11
 -8.1809776840235451E-02 a       472     0    24     1    12
 -1.3679941217636066E-01 a       473     0    24     1    13
 -4.1053884180334799E-01 a       474     0    24     1    14
  1.9979809489765901E-01 a       475     0    24     1    15
 -1.2326287379362666E-01 a       476     0    24     1    16
 -2.4069729568737122E-01 a       477     0    24     1    17
 -5.0231066995908102E-01 a       478     0    24     1    18
  6.8123915978586511E-02 a       479     0    24     1    19
 -1.0335225165292337E-01 a       480     0    24     1    20
 -2.0268854677411977E-01 a       481     0    25     1     1
  3.7161208295730469E-01 a       482     0    25     1     2
  2.7203601237051128E-01 a       483     0    25     1     3
  1.2668856146338667E-01 a       484     0    25     1     4
 -5.3852698186489668E-04 a       485     0    25     1     5
  3.5534867309072676E-01 a       486     0    25     1     6
  3.4987745096911588E-01 a       487     0    25     1     7
 -5.7077134661872753E-01 a       488     0    25     1     8
  2.9043825385060751E-01 a       489     0    25     1     9
 -3.5848601290009580E-01 a       490     0    25     1    10
 -1.6772356411366224E-01 a       491     0    25     1    11
  5.9753344136319206E-02 a       492     0    25     1    12
  4.0495572368464600E-01 a       493     0    25     1    13
  1.4029860287989940E-01 a       494     0    25     1    14
  4.7719137303238757E-01 a       495     0    25     1    15
  1.3516950993296195E-01 a       496     0    25     1    16
  4.6609287532225030E-01 a       497     0    25     1    17
 -4.3526667774662542E-01 a       498     0    25     1    18
  2.3363508165663571E-01 a       499     0    25     1    19
  1.6754257005223050E-01 a       500     0    25     1    20
 -4.5339233949739044E-02 a       501     0    26     1     1
 -1.2645509579261727E-01 a       502     0    26     1     2
 -3.9453416684033932E-01 a       503     0    26     1     3
  2.5691121981816983E-01 a       504     0    26     1     4
 -1.7271821798342848E-01 a       505     0    26     1     5
  5.9707728430515743E-02 a       506     0    26     1     6
  1.8314960860821652E-01 a       507     0    26     1     7
 -4.9682533889278424E-01 a       508     0    26     1     8
  3.2605499879158223E-01 a       509     0    26     1     9
 -8.3984208998475904E-02 a       510     0    26     1    10
  9.2865347516463706E-02 a       511     0    26     1    11
  3.6005627451359346E-01 a       512     0    26     1    12
  5.4079807297093344E-03 a       513     0    26     1    13
 -1.8078054878479058E-01 a       514     0    26     1    14
 -2.7520557398869439E-01 a       515     0    26     1    15
 -3.4634200721643849E-01 a       516     0    26     1    16
  1.4299765614860233E-01 a       517     0    26     1    17
  2.8538226251200954E-01 a       518     0    26     1    18
 -1.9251967877747650E-01 a       519     0    26     1    19
  7.6411128197493003E-02 a       520     0    26     1    20
  3.4016358295152221E-01 a       521     0    27     1     1
  2.3918820535789589E-01 a       522     0    27     1     2
 -6.3445489702489088E-02 a       523     0    27     1     3
 -3.1869070359643958E-01 a       524     0    27     1     4
  1.7947089700759841E-01 a       525     0    27     1     5
 -8.6125427070983931E-02 a       526     0    27     1     6
 -9.4527183470111784E-02 a       527     0    27     1     7
  3.0900503313256313E-02 a       528     0    27     1     8
  3.3478542873411482E-01 a       529     0    27     1     9
  4.7824629341168913E-02 a       530     0    27     1    10
 -2.5960388480853755E-03 a       531     0    27     1    11
  3.2296655572692445E-01 a       532     0    27     1    12
 -3.4970775699845386E-01 a       533     0    27     1    13
 -1.5840821185935530E-01 a       534     0    27     1    14
 -2.3061994956529580E-01 a       535     0    27     1    15
 -9.6848766027214164E-02 a       536     0    27     1    16
 -3.2525589599521487E-01 a       537     0    27     1    17
 -9.3129627925924371E-03 a       538     0    27     1    18
  2.3968696829031735E-01 a       539     0    27     1    19
 -8.8085799996361014E-02 a       540     0    27     1    20
 -2.4198719185468881E-01 a       541     0    28     1     1
 -2.6320842479030271E-01 a       542     0    28     1     2
 -1.8461554760878973E-01 a       543     0    28     1     3
  2.1057126395802284E-01 a       544     0    28     1     4
 -5.1969034566265497E-02 a       545     0    28     1     5
 -2.0847678888528448E-01 a       546     0    28     1     6
  2.2128499659211689E-01 a       547     0    28     1     7
  3.6313609434252586E-01 a       548     0    28     1     8
 -1.4144420788164569E-01 a       549     0    28     1     9
  4.5727742842173430E-01 a       550     0    28     1    10
  1.1351626963903655E-01 a       551     0    28     1    11
 -6.3113350830883347E-02 a       552     0    28     1    12
  7.4462825462493401E-02 a       553     0    28     1    13
 -3.6191529999248606E-01 a       554     0    28     1    14
 -3.6054689210433905E-01 a       555     0    28     1    15
  9.7014078393043435E-02 a       556     0    28     1    16
 -2.2142953431869103E-01 a       557     0    28     1    17
  1.8318870756847100E-01 a       558     0    28     1    18
 -2.0106996822489395E-02 a       559     0    28     1    19
 -1.7178982035081075E-01 a       560     0    28     1    20
  3.5127272276354204E-01 a       561     0    29     1     1
 -3.4719982308163594E-01 a       562     0    29     1     2
  2.8560305237835043E-01 a       563     0    29     1     3
  1.2671346618846338E-01 a       564     0    29     1     4
 -1.5561211389422430E-01 a       565     0    29     1     5
  4.5629078190159555E-01 a       566     0    29     1     6
  5.2634207959222490E-01 a       567     0    29     1     7
  2.9370413376600224E-01 a       568     0    29     1     8
  4.1529216807759306E-01 a       569     0    29     1     9
 -1.4623180577596201E-01 a       570     0    29     1    10
  2.0052116431489952E-01 a       571     0    29     1    11
  2.5519784377720101E-01 a       572     0    29     1    12
 -1.2504741794106211E-01 a       573     0    29     1    13
 -3.7739881926117674E-01 a       574     0    29     1    14
  8.7707509407658008E-02 a       575     0    29     1    15
 -1.6634066876409340E-01 a       576     0    29     1    16
  2.2895442820847800E-01 a       577     0    29     1    17
 -2.1735347369369057E-01 a       578     0    29     1    18
 -3.0547368008175568E-01 a       579     0    29     1    19
 -1.5071141290872214E-01 a       580     0    29     1    20
 -3.5752745275000858E-01 a       581     0    30     1     1
 -9.7235080866151208E-02 a       582     0    30     1     2
  1.2922558653952523E-01 a       583     0    30     1     3
 -3.2957927273367982E-01 a       584     0    30     1     4
  3.0092990049082102E-01 a       585     0    30     1     5
  6.5106268595096106E-02 a       586     0    30     1     6
  1.4028956445252805E-01 a       587     0    30     1     7
 -3.1235414194128708E-01 a       588     0    30     1     8
  2.6611508028927186E-02 a       589     0    30     1     9
  1.1757974289281169E-02 a       590     0    30     1    10
  2.0235960123817681E-01 a       591     0    30     1    11
 -3.2099170950821307E-02 a       592     0    30     1    12
 -1.1472109316576941E-01 a       593     0    30     1    13
  2.1020880240575907E-01 a       594     0    30     1    14
  1.7127851432992455E-01 a       595     0    30     1    15
  2.1190000744309043E-01 a       596     0    30     1    16
  1.2534439983032455E-01 a       597     0    30     1    17
  6.4587831549497793E-02 a       598     0    30     1    18
 -4.1123718133555431E-01 a       599     0    30     1    19
 -3.5336993221078673E-02 a       600     0    30     1    20
 -5.1415222026631340E-02 a       601     0    31     1     1
 -3.1297930023044540E-01 a       602     0    31     1     2
  1.5154895531177176E-01 a       603     0    31     1     3
  1.3854457873134521E-01 a       604     0    31     1     4
  5.4896085886092995E-02 a       605     0    31     1     5
 -3.3317665222038689E-02 a       606     0    31     1     6
  2.0831309969952816E-01 a       607     0    31     1     7
  2.7552811866457699E-01 a       608     0    31     1     8
 -3.6548556411458966E-01 a       609     0    31     1     9
  6.4499761760136963E-03 a       610     0    31     1    10
  1.1879384000726158E-01 a       611     0    31     1    11
 -2.0279948974494491E-01 a       612     0    31     1    12
 -9.8832525056521958E-02 a       613     0    31     1    13
  4.7422124230309136E-02 a       614     0    31     1    14
  3.0512908640035308E-02 a       615     0    31     1    15
 -7.3239267208968992E-02 a       616     0    31     1    16
  4.7077779645747858E-01 a       617     0    31     1    17
  2.0626094524273164E-01 a       618     0    31     1    18
  2.0495369593857685E-01 a       619     0    31     1    19
  2.5299769801248811E-01 a       620     0    31     1    20
 -6.3491336082069028E-02 a       621     0    32     1     1
  2.3283946453004817E-01 a       622     0    32     1     2
  9.0343430016936923E-03 a       623     0    32     1     3
 -2.0465526981799098E-01 a       624     0    32     1     4
 -1.2863992960777124E-01 a       625     0    32     1     5
 -3.3740908392202659E-02 a       626     0    32     1     6
 -1.0489327176258563E-01 a       627     0    32     1     7
  1.5530517003769029E-01 a       628     0    32     1     8
 -2.3200574022570908E-01 a       629     0    32     1     9
 -2.2760195857381837E-01 a       630     0    32     1    10
 -4.5375377196312150E-01 a       631     0    32     1    11
 -2.2599860008430311E-01 a       632     0    32     1    12
 -1.5433666249539565E-01 a       633     0    32     1    13
  1.7075269961916295E-01 a       634     0    32     1    14
 -7.0599712418396118E-02 a       635     0    32     1    15
  5.6474334354316709E-02 a       636     0    32     1    16
  2.9300043394599458E-03 a       637     0    32     1    17
  1.4590791307041107E-01 a       638     0    32     1    18
  5.9858743788086435E-02 a       639     0    32     1    19
  7.5632512772475152E-02 a       640     0    32     1    20
  1.5598395729718146E-02 b       641     1     1
 -9.3487582676394643E-01 b       642     1     2
 -1.2740330862454192E+00 b       643     1     3
 -3.6406051156205854E-01 b       644     1     4
 -1.2326829310869074E+00 b       645     1     5
  6.3775556697671631E-01 b       646     1     6
 -1.3827565659446401E+00 b       647     1     7
 -1.0963576565729805E+00 b       648     1     8
 -5.7508422940892645E-01 b       649     1     9
  1.2035151585730923E+00 b       650     1    10
 -1.2384790651448621E+00 b       651     1    11
  2.2659149121385375E-01 b       652     1    12
  1.1811427139865109E+00 b       653     1    13
 -1.4261828121021472E-01 b       654     1    14
  1.1873202205895901E+00 b       655     1    15
 -1.0261525380914251E-01 b       656     1    16
 -1.1114913495098253E+00 b       657     1    17
 -7.1487183093935436E-01 b       658     1    18
  7.0183371637588576E-01 b       659     1    19
  4.9121509376604794E-01 b       660     1    20
 -3.5168298510469757E-02 a       661     1     1     2     1
  4.7316811520638818E-01 a       662     1     1     2     2
 -1.9723893268583298E-01 a       663     1     1     2     3
 -9.4201172588640622E-02 a       664     1     1     2     4
 -3.0378710230753214E-01 a       665     1     1     2     5
 -2.0089362049549006E-01 a       666     1     1     2     6
 -8.3211102268378162E-02 a       667     1     1     2     7
 -3.9378094299877003E-01 a       668     1     1     2     8
 -8.7459470949871373E-02 a       669     1     1     2     9
 -2.2794916330952375E-02 a       670     1     1     2    10
  3.9688900350014844E-01 a       671     1     1     2    11
  5.6351369602238799E-01 a       672     1     1     2    12
 -1.5983147267225870E-01 a       673     1     1     2    13
 -4.3610554908311489E-01 a       674     1     1     2    14
  2.2794451723606229E-01 a       675     1     1     2    15
  3.7048049714746084E-01 a       676     1     1     2    16
  3.2998286679357414E-01 a       677     1     1     2    17
  2.1128453628343286E-01 a       678     1     1     2    18
 -4.3817485828972613E-01 a       679     1     1     2    19
  6.5765298492099403E-02 a       680     1     1     2    20
  4.1345039957185203E-01 a       681     1     2     2     1
  4.7437996880375155E-01 a       682     1     2     2     2
 -4.5545525520602981E-01 a       683     1     2     2     3
  3.8064485702750056E-01 a       684     1     2     2     4
  3.8735507361936483E-01 a       685     1     2     2     5
 -1.5000914569187883E-02 a       686     1     2     2     6
 -3.9549139773953501E-01 a       687     1     2     2     7
  1.6575658346133282E-02 a       688     1     2     2     8
  2.8259091319124857E-01 a       689     1     2     2     9
  4.8026497842867133E-01 a       690     1     2     2    10
 -2.2466898156802437E-01 a       691     1     2     2    11
  3.4908126557071451E-01 a       692     1     2     2    12
  4.2627056981133760E-01 a       693     1     2     2    13
 -2.2300599017194658E-01 a       694     1     2     2    14
  6.1203360162764321E-02 a       695     1     2     2    15
  7.0796340333839836E-01 a       696     1     2     2    16
  5.4527314619182567E-02 a       697     1     2     2    17
 -2.8625292213533309E-02 a       698     1     2     2    18
  6.0620436446683135E-01 a       699     1     2     2    19
 -1.7932210559134115E-01 a       700     1     2     2    20
 -1.1516120002906982E-01 a       701     1     3     2     1
 -3.0736491305766267E-01 a       702     1     3     2     2
  1.3170811142626609E-01 a       703     1     3     2     3
 -5.2759184091263456E-01 a       704     1     3     2     4
  3.0475132924561310E-01 a       705     1     3     2     5
 -3.1582968769134391E-02 a       706     1     3     2     6
  5.9057622116743491E-01 a       707     1     3     2     7
  3.9410101835053601E-01 a       708     1     3     2     8
 -3.0947745369190865E-01 a       709     1     3     2     9
  7.7841648257610131E-03 a       710     1     3     2    10
 -5.2426528318382892E-01 a       711     1     3     2    11
  9.1149060815674046E-02 a       712     1     3     2    12
  1.3136413356379306E-01 a       713     1     3     2    13
  5.1605291773760897E-01 a       714     1     3     2    14
  2.9543235043453231E-01 a       715     1     3     2    15
  9.6294569932196650E-02 a       716     1     3     2    16
 -3.8178649725041008E-01 a       717     1     3     2    17
  3.3906086884651071E-01 a       718     1     3     2    18
  3.3656865924557577E-01 a       719     1     3     2    19
  5.4617571687617117E-01 a       720     1     3     2    20
  5.1985785209369195E-01 a       721     1     4     2     1
 -1.8925701417178961E-02 a       722     1     4     2     2
 -1.7785433515871493E-01 a       723     1     4     2     3
 -2.8285150233918493E-01 a       724     1     4     2     4
 -6.8900478747698690E-01 a       725     1     4     2     5
  3.6977094384255421E-01 a       726     1     4     2     6
  3.1349795523993412E-01 a       727     1     4     2     7
 -2.1525232718345961E-02 a       728     1     4     2     8
 -6.5296318655210950E-01 a       729     1     4     2     9
  3.3236857939429121E-01 a       730     1     4     2    10
 -5.2185623240635512E-02 a       731     1     4     2    11
 -4.1664183482828776E-01 a       732     1     4     2    12
  1.6505262988493671E-01 a       733     1     4     2    13
 -4.7360619819077958E-02 a       734     1     4     2    14
 -6.8145943296734446E-01 a       735     1     4     2    15
  1.7766795736493809E-01 a       736     1     4     2    16
 -2.4624451411576653E-01 a       737     1     4     2    17
 -6.3084553312088831E-01 a       738     1     4     2    18
  9.8188941223363246E-02 a       739     1     4     2    19
 -2.9509726459954572E-01 a       740     1     4     2    20
 -1.1578062112851191E-01 a       741     1     5     2     1
 -1.7369195738062343E-01 a       742     1     5     2     2
  1.7242854331708590E-01 a       743     1     5     2     3
  5.8849001212279106E-01 a       744     1     5     2     4
 -1.8232119678110367E-01 a       745     1     5     2     5
  4.2816519309251799E-01 a       746     1     5     2     6
  3.3889666416869572E-03 a       747     1     5     2     7
 -5.0373855368094600E-01 a       748     1     5     2     8
  4.8858133947872273E-01 a       749     1     5     2     9
  6.0926592042505712E-01 a       750     1     5     2    10
  6.0385354378339440E-01 a       751     1     5     2    11
  4.2458725572122581E-02 a       752     1     5     2    12
 -4.8157418974911914E-01 a       753     1     5     2    13
  3.2006814163284031E-01 a       754     1     5     2    14
 -4.7902585333551717E-01 a       755     1     5     2    15
 -2.6607310243207855E-01 a       756     1     5     2    16
 -1.7093637242071383E-01 a       757     1     5     2    17
 -2.2587201808037288E-01 a       758     1     5     2    18
  3.8113803505061150E-01 a       759     1     5     2    19
  4.5625039762958386E-01 a       760     1     5     2    20
 -3.6453384460583671E-01 a       761     1     6     2     1
  4.8677661750821327E-01 a       762     1     6     2     2
 -5.4098647587003612E-01 a       763     1     6     2     3
 -2.5210099592349065E-02 a       764     1     6     2     4
 -1.0264425266848574E-01 a       765     1     6     2     5
 -6.7241199922799033E-02 a       766     1     6     2     6
 -1.0111685965430817E-01 a       767     1     6     2     7
  6.7867193854402486E-01 a       768     1     6     2     8
 -2.4669863177668552E-01 a       769     1     6     2     9
 -1.2369530477880684E-01 a       770     1     6     2    10
  4.3667563199662979E-01 a       771     1     6     2    11
 -4.8003367161399235E-01 a       772     1     6     2    12
 -6.0773712529967228E-01 a       773     1     6     2    13
  5.1704440046568934E-01 a       774     1     6     2    14
  5.0559627218280313E-02 a       775     1     6     2    15
  6.2980061620313132E-01 a       776     1     6     2    16
 -2.3456509908735068E-01 a       777     1     6     2    17
  1.8197400837854391E-01 a       778     1     6     2    18
  1.3035431250710533E-01 a       779     1     6     2    19
  2.7389869527574728E-01 a       780     1     6     2    20
 -6.4705699048248203E-02 a       781     1     7     2     1
  2.8057612976892804E-01 a       782     1     7     2     2
  4.9196094945528979E-01 a       783     1     7     2     3
  5.8116349803382455E-02 a       784     1     7     2     4
 -2.0438265593562299E-01 a       785     1     7     2     5
  2.4978525760551645E-01 a       786     1     7     2     6
 -2.5541166186641973E-01 a       787     1     7     2     7
 -3.6648818490734153E-01 a       788     1     7     2     8
  3.5979968235557477E-02 a       789     1     7     2     9
  4.3550871476544344E-02 a       790     1     7     2    10
 -3.1316546135794648E-01 a       791     1     7     2    11
 -1.5683589712658469E-01 a       792     1     7     2    12
  2.6130863861377407E-01 a       793     1     7     2    13
 -3.9699580710528898E-01 a       794     1     7     2    14
 -3.9346011338730053E-01 a       795     1     7     2    15
 -5.4382938657211721E-01 a       796     1     7     2    16
 -1.7414454584748112E-01 a       797     1     7     2    17
 -2.3428497439524018E-01 a       798     1     7     2    18
 -2.3477710810126715E-01 a       799     1     7     2    19
  2.1447581892142142E-01 a       800     1     7     2    20
 -1.4453559374288244E-01 a       801     1     8     2     1
 -7.3738904185709123E-02 a       802     1     8     2     2
  2.1085531651817918E-01 a       803     1     8     2     3
  6.0790004280271959E-01 a       804     1     8     2     4
  4.0961566701497948E-02 a       805     1     8     2     5
 -3.7253649364376656E-01 a       806     1     8     2     6
 -4.5470225921537138E-01 a       807     1     8     2     7
 -5.7425163674072044E-01 a       808     1     8     2     8
 -3.4706594996467394E-01 a       809     1     8     2     9
 -1.1754066991241090E-01 a       810     1     8     2    10
 -7.2899023685386961E-03 a       811     1     8     2    11
  1.6059184726183376E-01 a       812     1     8     2    12
  9.6751656286820725E-02 a       813     1     8     2    13
 -2.2345030096865731E-01 a       814     1     8     2    14
  2.9934697890650818E-03 a       815     1     8     2    15
  2.0025361364311559E-01 a       816     1     8     2    16
 -4.8985464577428035E-02 a       817     1     8     2    17
 -2.7585137081355141E-02 a       818     1     8     2    18
  3.6517820644913568E-01 a       819     1     8     2    19
  4.9749688835614730E-01 a       820     1     8     2    20
 -3.7438597568514548E-01 a       821     1     9     2     1
 -2.4214940848416081E-01 a       822     1     9     2     2
 -7.7157441588338024E-02 a       823     1     9     2     3
  2.1817223321653598E-01 a       824     1     9     2     4
  1.4608611026823057E-01 a       825     1     9     2     5
  3.8927568461375067E-01 a       826     1     9     2     6
  3.5015715657212276E-01 a       827     1     9     2     7
 -1.0575886157634391E-01 a       828     1     9     2     8
 -3.9101133841574587E-01 a       829     1     9     2     9
  6.7393849145129558E-01 a       830     1     9     2    10
 -3.6582034276260389E-01 a       831     1     9     2    11
  4.8200359049958624E-01 a       832     1     9     2    12
 -2.5412350862458417E-02 a       833     1     9     2    13
  1.5547179425304816E-01 a       834     1     9     2    14
 -4.2655726074998668E-01 a       835     1     9     2    15
 -2.6127282025924806E-02 a       836     1     9     2    16
  7.4772243543455200E-02 a       837     1     9     2    17
  4.9879611912740346E-01 a       838     1     9     2    18
 -3.5546347031566111E-01 a       839     1     9     2    19
  1.8404974671699786E-01 a       840     1     9     2    20
 -3.7796054297374138E-01 a       841     1    10     2     1
  4.4773697782680899E-01 a       842     1    10     2     2
 -4.6087554363726613E-01 a       843     1    10     2     3
  1.7661280678480985E-02 a       844     1    10     2     4
 -3.3052071490878199E-01 a       845     1    10     2     5
 -2.3255952104069005E-01 a       846     1    10     2     6
  4.3854155877564199E-01 a       847     1    10     2     7
  2.0175650083121838E-01 a       848     1    10     2     8
  2.6136618480443319E-01 a       849     1    10     2     9
  1.7293038375297143E-01 a       850     1    10     2    10
  9.0828230891261741E-02 a       851     1    10     2    11
  9.6442591326780666E-02 a       852     1    10     2    12
 -1.8170392829177320E-01 a       853     1    10     2    13
 -4.2436459528747777E-01 a       854     1    10     2    14
  8.6992198078027702E-02 a       855     1    10     2    15
  5.9238162535178074E-01 a       856     1    10     2    16
 -4.7588884584451330E-01 a       857     1    10     2    17
  4.6398543707166556E-01 a       858     1    10     2    18
 -5.4087962040172521E-01 a       859     1    10     2    19
 -5.5087078653301014E-01 a       860     1    10     2    20
 -4.8441184837048357E-01 a       861     1    11     2     1
 -3.0003287807575135E-01 a       862     1    11     2     2
 -3.6601419490180037E-01 a       863     1    11     2     3
  4.6215325905759741E-01 a       864     1    11     2     4
 -4.5607933472302736E-01 a       865     1    11     2     5
 -2.0472465495929881E-01 a       866     1    11     2     6
  1.6292304246190667E-01 a       867     1    11     2     7
 -2.5765113359903169E-01 a       868     1    11     2     8
  4.1922048181007221E-01 a       869     1    11     2     9
  3.2263274191061925E-01 a       870     1    11     2    10
 -5.9552517618986134E-01 a       871     1    11     2    11
  1.0675145182210329E-01 a       872     1    11     2    12
 -4.2067177172307829E-01 a       873     1    11     2    13
 -2.3997931895684016E-01 a       874     1    11     2    14
  3.4108295219485502E-01 a       875     1    11     2    15
 -1.2187105081581893E-01 a       876     1    11     2    16
  2.6620967064387696E-01 a       877     1    11     2    17
  1.6993883889185227E-02 a       878     1    11     2    18
 -5.5967553807228876E-01 a       879     1    11     2    19
  2.0292175803438173E-01 a       880     1    11     2    20
 -8.1528954116970490E-02 a       881     1    12     2     1
  2.0971452577398611E-01 a       882     1    12     2     2
  1.1182875668778094E-01 a       883     1    12     2     3
 -4.7914893842952405E-01 a       884     1    12     2     4
  1.7531911226515784E-01 a       885     1    12     2     5
  5.7177953366488954E-01 a       886     1    12     2     6
  3.3274317466085818E-01 a       887     1    12     2     7
  3.6948467608968488E-01 a       888     1    12     2     8
  5.3376421827080922E-01 a       889     1    12     2     9
 -6.0058234908999009E-01 a       890     1    12     2    10
  2.7528699248134764E-01 a       891     1    12     2    11
  2.2383793831655954E-01 a       892     1    12     2    12
 -8.0871724419785768E-02 a       893     1    12     2    13
  2.4005414990363388E-01 a       894     1    12     2    14
 -3.5818301063783947E-01 a       895     1    12     2    15
  2.4178537742893616E-01 a       896     1    12     2    16
 -1.0812434994150648E-01 a       897     1    12     2    17
 -3.8966423519443588E-01 a       898     1    12     2    18
  2.1269171510187518E-01 a       899     1    12     2    19
  5.7586945491608676E-01 a       900     1    12     2    20
  2.9355279744494822E-01 a       901     1    13     2     1
  2.8692241162489573E-01 a       902     1    13     2     2
 -6.3762388257548652E-01 a       903     1    13     2     3
  1.6607546213558388E-01 a       904     1    13     2     4
 -4.0159705876317908E-01 a       905     1    13     2     5
 -3.1924032686594367E-01 a       906     1    13     2     6
 -1.7341986562910813E-01 a       907     1    13     2     7
 -5.9463066704308420E-01 a       908     1    13     2     8
 -2.5922546440769156E-01 a       909     1    13     2     9
 -2.5566476234414537E-01 a       910     1    13     2    10
  2.2804405993829752E-01 a       911     1    13     2    11
  3.1737258581333888E-01 a       912     1    13     2    12
  4.8613314879870878E-01 a       913     1    13     2    13
 -3.9378808317185343E-01 a       914     1    13     2    14
  3.7721568302188357E-01 a       915     1    13     2    15
  6.7970624931658979E-02 a       916     1    13     2    16
  4.1416889020736108E-01 a       917     1    13     2    17
 -5.3404687781668778E-02 a       918     1    13     2    18
 -1.8432827494115087E-01 a       919     1    13     2    19
  3.8647269867484169E-01 a       920     1    13     2    20
 -4.1979242908158032E-01 a       921     1    14     2     1
  3.5269559290946484E-01 a       922     1    14     2     2
  4.1469114987188826E-01 a       923     1    14     2     3
 -4.1407694217078345E-01 a       924     1    14     2     4
  1.6215274247841410E-01 a       925     1    14     2     5
  1.7580794750375658E-01 a       926     1    14     2     6
 -5.8759519414589190E-01 a       927     1    14     2     7
 -3.5615121050182086E-01 a       928     1    14     2     8
 -1.4517463248476339E-01 a       929     1    14     2     9
 -1.7684163384445745E-05 a       930     1    14     2    10
  3.7781631430570972E-01 a       931     1    14     2    11
 -6.7567880112822809E-01 a       932     1    14     2    12
  4.4238916235855125E-01 a       933     1    14     2    13
  4.7991397828266319E-01 a       934     1    14     2    14
 -1.2074726014035336E-01 a       935     1    14     2    15
  4.9756848351012356E-01 a       936     1    14     2    16
 -5.6431991620279887E-01 a       937     1    14     2    17
 -1.0439384140351836E-01 a       938     1    14     2    18
  5.1231884786015414E-01 a       939     1    14     2    19
 -5.0165735185707150E-01 a       940     1    14     2    20
 -3.0158345403000703E-01 a       941     1    15     2     1
  5.0975235068323244E-01 a       942     1    15     2     2
  3.1880995616461605E-01 a       943     1    15     2     3
 -5.6778785399235077E-01 a       944     1    15     2     4
 -3.1509075759242866E-01 a       945     1    15     2     5
 -4.1767982956664451E-01 a       946     1    15     2     6
  6.6424016437565250E-02 a       947     1    15     2     7
  8.1133478376381074E-02 a       948     1    15     2     8
  6.2462492603747144E-01 a       949     1    15     2     9
  5.4350622473466159E-01 a       950     1    15     2    10
 -1.6243749583054645E-02 a       951     1    15     2    11
  7.4595233497416336E-01 a       952     1    15     2    12
  9.8859578412769655E-02 a       953     1    15     2    13
 -1.6861117273099657E-01 a       954     1    15     2    14
  4.8141040127686913E-01 a       955     1    15     2    15
  1.1642444729261296E-01 a       956     1    15     2    16
  8.4947444139141604E-01 a       957     1    15     2    17
 -3.4300023140550484E-01 a       958     1    15     2    18
  2.7002305117337450E-01 a       959     1    15     2    19
 -3.8122164551261029E-01 a       960     1    15     2    20
  3.4732956245233654E-01 a       961     1    16     2     1
 -4.0498583296602264E-01 a       962     1    16     2     2
  3.1450930080337658E-01 a       963     1    16     2     3
  2.4098950241914604E-02 a       964     1    16     2     4
  2.1079900320372419E-01 a       965     1    16     2     5
 -2.4866479826899032E-01 a       966     1    16     2     6
  6.8866537603329403E-01 a       967     1    16     2     7
 -1.6652563860142985E-01 a       968     1    16     2     8
 -6.5462841650823422E-01 a       969     1    16     2     9
  1.1654334941205999E-01 a       970     1    16     2    10
 -4.1335835750386615E-02 a       971     1    16     2    11
  4.6719594392987882E-02 a       972     1    16     2    12
 -5.5255727973763125E-01 a       973     1    16     2    13
  4.6875552626837197E-01 a       974     1    16     2    14
 -2.9330698660566312E-01 a       975     1    16     2    15
 -3.4838927864570401E-01 a       976     1    16     2    16
  6.5878523046278781E-02 a       977     1    16     2    17
  3.4739179792414632E-01 a       978     1    16     2    18
  2.5002968562927114E-01 a       979     1    16     2    19
 -2.8278794049689732E-01 a       980     1    16     2    20
  5.3293608266169701E-01 a       981     1    17     2     1
 -2.8942703094866895E-01 a       982     1    17     2     2
  5.2529860081228452E-01 a       983     1    17     2     3
  5.7687436461248809E-01 a       984     1    17     2     4
  1.5469750963305018E-02 a       985     1    17     2     5
 -1.3405494599422879E-01 a       986     1    17     2     6
 -5.1128510880769629E-01 a       987     1    17     2     7
 -4.1057836954526261E-01 a       988     1    17     2     8
 -1.0958545747933236E-01 a       989     1    17     2     9
 -3.8304444018395939E-01 a       990     1    17     2    10
  4.2563949808023777E-01 a       991     1    17     2    11
  6.4389281510992535E-01 a       992     1    17     2    12
  4.9263396329804271E-01 a       993     1    17     2    13
 -4.1533024732565405E-01 a       994     1    17     2    14
  3.5957393704224028E-01 a       995     1    17     2    15
 -2.1482769648310562E-01 a       996     1    17     2    16
 -1.4407540918768788E-01 a       997     1    17     2    17
  4.4007131244858638E-01 a       998     1    17     2    18
 -7.2682212909153179E-02 a       999     1    17     2    19
 -4.6090978813774619E-01 a      1000     1    17     2    20
  4.0838395790632487E-01 a      1001     1    18     2     1
 -4.5495612621860765E-01 a      1002     1    18     2     2
  5.2335399740738242E-01 a      1003     1    18     2     3
 -1.0580724870335395E-01 a      1004     1    18     2     4
 -5.4492040650710849E-01 a      1005     1    18     2     5
 -3.9785063574774804E-01 a      1006     1    18     2     6
 -2.2146042268677932E-01 a      1007     1    18     2     7
  1.1991716817892854E-01 a      1008     1    18     2     8
  4.9909255039846945E-01 a      1009     1    18     2     9
 -6.4697802046736619E-01 a      1010     1    18     2    10
 -3.5215524143257809E-01 a      1011     1    18     2    11
  7.7281366962336367E-02 a      1012     1    18     2    12
  3.8049395283389520E-01 a      1013     1    18     2    13
  4.6694573331238345E-02 a      1014     1    18     2    14
  1.0682438274906166E-01 a      1015     1    18     2    15
  5.8964545022037310E-02 a      1016     1    18     2    16
  1.7045298521484251E-01 a      1017     1    18     2    17
 -4.3889588146265684E-01 a      1018     1    18     2    18
 -4.2988394072342354E-02 a      1019     1    18     2    19
  3.6610664508132357E-01 a      1020     1    18     2    20
  3.2877262458474327E-01 a      1021     1    19     2     1
 -5.0591534578947148E-02 a      1022     1    19     2     2
 -2.2455475023322000E-02 a      1023     1    19     2     3
  7.7156722064455341E-02 a      1024     1    19     2     4
 -1.5319564144078476E-01 a      1025     1    19     2     5
  1.6144092619442213E-01 a      1026     1    19     2     6
 -1.2720779081534492E-02 a      1027     1    19     2     7
 -2.8134778583104397E-01 a      1028     1    19     2     8
  3.6043321604275591E-01 a      1029     1    19     2     9
  3.8346969913999057E-01 a      1030     1    19     2    10
 -3.2121572304550311E-01 a      1031     1    19     2    11
 -5.7643586756735421E-02 a      1032     1    19     2    12
 -4.4527474691318475E-01 a      1033     1    19     2    13
  4.7192654123325878E-01 a      1034     1    19     2    14
 -3.7054544279543933E-01 a      1035     1    19     2    15
 -2.5308487656819351E-01 a      1036     1    19     2    16
 -5.0997045938010721E-01 a      1037     1    19     2    17
 -8.2517952127712263E-02 a      1038     1    19     2    18
  1.6836373523282544E-01 a      1039     1    19     2    19
  4.4660835565855463E-02 a      1040     1    19     2    20
 -2.4037837878860902E-01 a      1041     1    20     2     1
  2.4417422979968620E-01 a      1042     1    20     2     2
  3.7844991966947523E-02 a      1043     1    20     2     3
  2.3953328471783719E-01 a      1044     1    20     2     4
  3.2772903339926018E-01 a      1045     1    20     2     5
 -2.5033542697819183E-01 a      1046     1    20     2     6
 -1.4248988069391103E-01 a      1047     1    20     2     7
  3.4505639602070715E-01 a      1048     1    20     2     8
  3.2778178835079980E-01 a      1049     1    20     2     9
 -8.2074113494479975E-02 a      1050     1    20     2    10
 -5.3898314437549821E-01 a      1051     1    20     2    11
 -2.5272339964802153E-02 a      1052     1    20     2    12
  5.8803666173861269E-01 a      1053     1    20     2    13
  5.3828405370243904E-01 a      1054     1    20     2    14
 -2.6620870843634675E-01 a      1055     1    20     2    15
  4.7627818458396837E-01 a      1056     1    20     2    16
  5.3637509583846599E-01 a      1057     1    20     2    17
  3.6463678241069214E-01 a      1058     1    20     2    18
 -4.3063567065587310E-01 a      1059     1    20     2    19
  4.3700474821615548E-01 a      1060     1    20     2    20
 -7.6494700707296426E-01 b      1061     2     1
 -1.6443120588679722E-01 b      1062     2     2
 -7.5066904137191615E-01 b      1063     2     3
 -1.2772775406814727E+00 b      1064     2     4
  1.5901255110545903E-01 b      1065     2     5
  7.7811598429067097E-02 b      1066     2     6
  1.2137052918126827E+00 b      1067     2     7
  1.1489795616675036E+00 b      1068     2     8
 -1.5704556285935818E+00 b      1069     2     9
 -7.8453363734285464E-03 b      1070     2    10
  1.4339528517736146E+00 b      1071     2    11
 -7.4035485419319813E-01 b      1072     2    12
  3.1785926078938043E-01 b      1073     2    13
  1.2519000758863563E+00 b      1074     2    14
 -4.3888928253902298E-01 b      1075     2    15
 -1.2906544082449403E+00 b      1076     2    16
  4.7731083504835681E-01 b      1077     2    17
 -3.5749764382923110E-01 b      1078     2    18
  1.2105523441525876E+00 b      1079     2    19
 -6.8502721919848120E-01 b      1080     2    20
 -3.1347112385016906E-01 a      1081     2     1     3     1
 -4.9390930564072050E-01 a      1082     2     2     3     1
 -2.2574152414811563E-01 a      1083     2     3     3     1
  2.0912287828221629E-01 a      1084     2     4     3     1
 -1.6080484637709030E-01 a      1085     2     5     3     1
 -6.7009197675567611E-01 a      1086     2     6     3     1
 -8.4505955324790483E-01 a      1087     2     7     3     1
  2.9494818406673708E-02 a      1088     2     8     3     1
  7.2728320047497449E-02 a      1089     2     9     3     1
  1.0659027436808931E-01 a      1090     2    10     3     1
  4.3040008886616732E-01 a      1091     2    11     3     1
 -1.2241584970695520E-01 a      1092     2    12     3     1
  4.0309843943459822E-02 a      1093     2    13     3     1
 -6.3014898466431879E-01 a      1094     2    14     3     1
 -7.4108697419942937E-01 a      1095     2    15     3     1
 -6.2231839375231822E-02 a      1096     2    16     3     1
  1.4879643578413082E+00 a      1097     2    17     3     1
  7.1695364951438356E-01 a      1098     2    18     3     1
  9.8334972646584459E-02 a      1099     2    19     3     1
 -4.7017746356934398E-01 a      1100     2    20     3     1
 -6.9749847129046494E-01 b      1101     3     1
