################################################################################
# Neural network connection values (weights and biases).
################################################################################
# Col  Name       Description
################################################################################
# 1    connection Neural network connection value.
# 2    t          Connection type (a = weight, b = bias).
# 3    index      Index enumerating weights.
# 4    l_s        Starting point layer (end point layer for biases).
# 5    n_s        Starting point neuron in starting layer (end point neuron for biases).
# 6    l_e        End point layer.
# 7    n_e        End point neuron in end layer.
################################################################################
#                      1 2         3     4     5     6     7
#             connection t     index   l_s   n_s   l_e   n_e
############################################################
  4.5425314983652687E-01 a         1     0     1     1     1
  2.6154006789594331E-01 a         2     0     1     1     2
 -8.0651183338359925E-02 a         3     0     1     1     3
  3.2156978761701699E-01 a         4     0     1     1     4
 -3.4027040912109507E-01 a         5     0     1     1     5
  3.0065602354631449E-01 a         6     0     1     1     6
 -2.0682680691399131E-02 a         7     0     1     1     7
 -9.0536076500870588E-02 a         8     0     1     1     8
  2.0829094570063214E-01 a         9     0     1     1     9
 -1.4004238312950515E-01 a        10     0     1     1    10
 -1.7155775277023944E-01 a        11     0     1     1    11
 -8.2258693944201780E-02 a        12     0     1     1    12
  1.4778179206850572E-01 a        13     0     1     1    13
  1.3450878288259174E-01 a        14     0     1     1    14
  2.9981648664325816E-01 a        15     0     1     1    15
  5.5645005400757022E-02 a        16     0     1     1    16
 -2.8309232759390079E-01 a        17     0     1     1    17
  5.1983706582586726E-02 a        18     0     1     1    18
  1.6899246123331699E-02 a        19     0     1     1    19
  3.4806558471998233E-01 a        20     0     1     1    20
  1.7798367817151783E-01 a        21     0     2     1     1
 -1.9215947459692723E-01 a        22     0     2     1     2
  1.0057518352276227E-02 a        23     0     2     1     3
 -2.6161880386351694E-01 a        24     0     2     1     4
 -7.8841357160658238E-02 a        25     0     2     1     5
  5.2717186834016789E-03 a        26     0     2     1     6
 -1.5639105656817809E-01 a        27     0     2     1     7
  1.9905061376013622E-01 a        28     0     2     1     8
 -2.7881363876327520E-01 a        29     0     2     1     9
 -7.1690556296510929E-02 a        30     0     2     1    10
  2.2700188797691735E-02 a        31     0     2     1    11
 -2.0328495047615142E-01 a        32     0     2     1    12
 -7.6059099438426342E-02 a        33     0     2     1    13
  9.0665668669371105E-02 a        34     0     2     1    14
  3.7706994673916285E-02 a        35     0     2     1    15
  2.3571483822373184E-02 a        36     0     2     1    16
  2.0728046327852062E-01 a        37     0     2     1    17
 -6.4529712860535077E-02 a        38     0     2     1    18
  1.1136919305544068E-02 a        39     0     2     1    19
 -8.9845580223989197E-02 a        40     0     2     1    20
 -1.3175271650758627E-01 a        41     0     3     1     1
  4.4494806418029387E-02 a        42     0     3     1     2
  6.2511646046641903E-02 a        43     0     3     1     3
 -2.6478636940020084E-01 a        44     0     3     1     4
  4.8131586325155490E-01 a        45     0     3     1     5
 -3.5042566232993866E-01 a        46     0     3     1     6
  3.3793702390814334E-01 a        47     0     3     1     7
 -1.5667730279624570E-01 a        48     0     3     1     8
  7.3746833360013767E-02 a        49     0     3     1     9
  1.3692629740510170E-01 a        50     0     3     1    10
  1.3281016777500343E-01 a        51     0     3     1    11
  2.1958213698336890E-01 a        52     0     3     1    12
  1.2507128041873003E-01 a        53     0     3     1    13
  1.0149244882224556E-01 a        54     0     3     1    14
 -9.7772074916202906E-02 a        55     0     3     1    15
  2.9081004802088578E-01 a        56     0     3     1    16
  6.4940615533342705E-01 a        57     0     3     1    17
 -4.0346357014707415E-02 a        58     0     3     1    18
 -2.4414754001965029E-03 a        59     0     3     1    19
 -4.2664077726202715E-01 a        60     0     3     1    20
 -3.9432919503538061E-01 a        61     0     4     1     1
  2.1598605936314227E-01 a        62     0     4     1     2
 -8.2912753865532329E-01 a        63     0     4     1     3
 -5.5211351492730021E-01 a        64     0     4     1     4
  3.0784017636934846E-01 a        65     0     4     1     5
 -5.9111901423692194E-02 a        66     0     4     1     6
  6.4736784318153218E-01 a        67     0     4     1     7
  5.4888213017624074E-02 a        68     0     4     1     8
 -5.3656371036612575E-02 a        69     0     4     1     9
  5.2457220490404799E-01 a        70     0     4     1    10
  5.7835234948006375E-01 a        71     0     4     1    11
 -9.3068715963882193E-02 a        72     0     4     1    12
 -2.3066922470588760E-01 a        73     0     4     1    13
  5.1804977493727888E-01 a        74     0     4     1    14
  3.1440190111202315E-01 a        75     0     4     1    15
 -1.9484752919307949E-01 a        76     0     4     1    16
  7.8241104292611030E-01 a        77     0     4     1    17
  6.9479362564010124E-03 a        78     0     4     1    18
 -2.9366150868282065E-02 a        79     0     4     1    19
 -7.5757714438047119E-01 a        80     0     4     1    20
 -1.0456968328585532E-01 a        81     0     5     1     1
  5.5091712288751152E-04 a        82     0     5     1     2
 -9.9903670192237601E-02 a        83     0     5     1     3
  2.3277880720187927E-01 a        84     0     5     1     4
  3.9966813214545684E-02 a        85     0     5     1     5
 -1.5588048982243116E-01 a        86     0     5     1     6
  1.6050274937921644E-01 a        87     0     5     1     7
 -2.0311728359298864E-01 a        88     0     5     1     8
  3.5093886780099981E-01 a        89     0     5     1     9
  7.8734263755001643E-02 a        90     0     5     1    10
  1.5288870485705996E-03 a        91     0     5     1    11
  3.4944765374489317E-01 a        92     0     5     1    12
  2.5388247041181405E-01 a        93     0     5     1    13
 -1.3885398194174639E-01 a        94     0     5     1    14
  5.5254998662549328E-02 a        95     0     5     1    15
  7.1409708730065913E-02 a        96     0     5     1    16
 -2.9485522301720829E-01 a        97     0     5     1    17
  1.8226854581917212E-01 a        98     0     5     1    18
  1.5131805962449024E-01 a        99     0     5     1    19
  2.4008224570788694E-01 a       100     0     5     1    20
  1.3536375673002149E-01 a       101     0     6     1     1
  1.3055713505715774E-01 a       102     0     6     1     2
 -4.1413410707355075E-01 a       103     0     6     1     3
  2.2430545171051408E-01 a       104     0     6     1     4
  4.7204089301982066E-01 a       105     0     6     1     5
 -1.3917407974495343E-02 a       106     0     6     1     6
  4.1188302414895954E-02 a       107     0     6     1     7
 -2.2605913708295219E-01 a       108     0     6     1     8
 -3.0147062761856153E-02 a       109     0     6     1     9
  5.5263991370301184E-02 a       110     0     6     1    10
  1.9952822198002186E-02 a       111     0     6     1    11
  2.8891146276907176E-01 a       112     0     6     1    12
 -6.1241454326223604E-02 a       113     0     6     1    13
 -3.5982385709195602E-01 a       114     0     6     1    14
 -2.8607235774274187E-01 a       115     0     6     1    15
 -6.6123504124553562E-02 a       116     0     6     1    16
 -8.1177230675291506E-02 a       117     0     6     1    17
  2.6628215862281518E-01 a       118     0     6     1    18
 -2.1272212369230983E-01 a       119     0     6     1    19
  3.0111082302929781E-01 a       120     0     6     1    20
  3.2748686636929319E-01 a       121     0     7     1     1
 -1.4202597181077947E-01 a       122     0     7     1     2
 -1.9435677367393413E-02 a       123     0     7     1     3
 -2.8890255157814976E-01 a       124     0     7     1     4
 -8.4713207287952438E-02 a       125     0     7     1     5
 -2.3114307162702805E-01 a       126     0     7     1     6
 -1.2981876131712294E-01 a       127     0     7     1     7
 -6.5521543586591346E-02 a       128     0     7     1     8
  1.2026771855558457E-01 a       129     0     7     1     9
 -1.0824490917152370E-01 a       130     0     7     1    10
 -1.1858707413261835E-01 a       131     0     7     1    11
  2.0796271507797678E-01 a       132     0     7     1    12
  1.6290150578330564E-02 a       133     0     7     1    13
 -1.3349788894173376E-01 a       134     0     7     1    14
  4.0077569131323038E-01 a       135     0     7     1    15
 -6.2739159762815938E-02 a       136     0     7     1    16
 -1.2527987016794809E-01 a       137     0     7     1    17
  8.0551979979023622E-02 a       138     0     7     1    18
  5.4766704054034214E-02 a       139     0     7     1    19
  4.3403520222371450E-01 a       140     0     7     1    20
  3.0588006193821926E-01 a       141     0     8     1     1
 -6.2112739567117714E-02 a       142     0     8     1     2
  3.0257599031595289E-01 a       143     0     8     1     3
  8.4634915616310161E-03 a       144     0     8     1     4
 -1.7489088076748569E-02 a       145     0     8     1     5
  1.1301640948096077E-01 a       146     0     8     1     6
  1.8286464875307365E-01 a       147     0     8     1     7
  1.0882820388599464E-01 a       148     0     8     1     8
 -2.3212487480514910E-01 a       149     0     8     1     9
  5.7534628111392892E-02 a       150     0     8     1    10
 -5.4238880312152030E-02 a       151     0     8     1    11
  1.5057964960026973E-01 a       152     0     8     1    12
 -6.2760814183045827E-02 a       153     0     8     1    13
 -1.0037334073113952E-01 a       154     0     8     1    14
 -5.4756732881512940E-03 a       155     0     8     1    15
  1.6304489271390088E-01 a       156     0     8     1    16
  1.0429726325214446E-01 a       157     0     8     1    17
 -1.1325071664705710E-01 a       158     0     8     1    18
  1.0334109804988287E-01 a       159     0     8     1    19
 -8.7994416458319798E-03 a       160     0     8     1    20
  3.8436341807164814E-01 a       161     0     9     1     1
  2.9016527505425288E-01 a       162     0     9     1     2
 -3.1931391690721705E-02 a       163     0     9     1     3
 -1.7278135463393388E-01 a       164     0     9     1     4
 -1.3431524712639006E-01 a       165     0     9     1     5
  7.0949454079946364E-02 a       166     0     9     1     6
  2.5924835808598395E-01 a       167     0     9     1     7
 -3.8460834395601901E-01 a       168     0     9     1     8
  1.9736857867498270E-01 a       169     0     9     1     9
  5.2180920540854392E-01 a       170     0     9     1    10
  1.7613506029038814E-01 a       171     0     9     1    11
  2.9965020228435812E-01 a       172     0     9     1    12
  3.6174842390441458E-01 a       173     0     9     1    13
 -1.4414607647917652E-01 a       174     0     9     1    14
 -8.1858991327486957E-03 a       175     0     9     1    15
  1.5561967939759129E-02 a       176     0     9     1    16
  4.4070848638619525E-01 a       177     0     9     1    17
  1.1643326154087075E-01 a       178     0     9     1    18
  1.0623294959927897E-01 a       179     0     9     1    19
  3.9695041753910337E-01 a       180     0     9     1    20
  1.3915559390168841E-02 a       181     0    10     1     1
  2.8403630437941513E-01 a       182     0    10     1     2
 -3.5760699701819965E-01 a       183     0    10     1     3
  6.3363655796369295E-02 a       184     0    10     1     4
  5.2641628878116666E-02 a       185     0    10     1     5
 -5.9233314285792690E-02 a       186     0    10     1     6
  7.3837404787417307E-02 a       187     0    10     1     7
 -4.1649581138987857E-01 a       188     0    10     1     8
 -1.9780010432522177E-01 a       189     0    10     1     9
  1.7421670785813759E-01 a       190     0    10     1    10
  4.1693540451898031E-01 a       191     0    10     1    11
  1.0228600437503876E-01 a       192     0    10     1    12
  1.1029943420218584E-01 a       193     0    10     1    13
  2.1286103823897448E-01 a       194     0    10     1    14
  2.3391173793349311E-02 a       195     0    10     1    15
  6.1427138197808505E-02 a       196     0    10     1    16
  3.2433491265190117E-01 a       197     0    10     1    17
 -2.5235367121401505E-02 a       198     0    10     1    18
 -7.3928621931220420E-02 a       199     0    10     1    19
 -3.2004589132603423E-01 a       200     0    10     1    20
  2.8434549476049170E-01 a       201     0    11     1     1
 -8.6642148773391894E-02 a       202     0    11     1     2
  9.3449526224165178E-03 a       203     0    11     1     3
  1.3562612581421607E-01 a       204     0    11     1     4
 -2.0088984398397230E-01 a       205     0    11     1     5
 -1.6449966439448643E-01 a       206     0    11     1     6
 -1.7488711981382618E-01 a       207     0    11     1     7
 -9.0718484632619681E-02 a       208     0    11     1     8
  2.9506969653860069E-03 a       209     0    11     1     9
  1.1594021097331782E-01 a       210     0    11     1    10
 -1.2282130618199881E-01 a       211     0    11     1    11
  4.9880985958813823E-01 a       212     0    11     1    12
 -1.2103732335215185E-01 a       213     0    11     1    13
 -1.0611554793734748E-01 a       214     0    11     1    14
 -3.8349992680224504E-01 a       215     0    11     1    15
  1.2657637628398977E-01 a       216     0    11     1    16
  8.7624450195118914E-02 a       217     0    11     1    17
 -1.7829129918323769E-01 a       218     0    11     1    18
  3.2879166639999752E-01 a       219     0    11     1    19
 -1.4681277891478872E-01 a       220     0    11     1    20
 -3.3654328923311626E-02 a       221     0    12     1     1
  2.6803655272318772E-01 a       222     0    12     1     2
 -6.0199872034404972E-03 a       223     0    12     1     3
 -1.4529449122921706E-01 a       224     0    12     1     4
 -2.5929826226900436E-02 a       225     0    12     1     5
 -1.8280257704319164E-01 a       226     0    12     1     6
  1.7449691598094003E-01 a       227     0    12     1     7
  9.6132204161217219E-02 a       228     0    12     1     8
 -1.4293465030275043E-01 a       229     0    12     1     9
  5.0474172314805277E-01 a       230     0    12     1    10
 -2.0361236960055967E-02 a       231     0    12     1    11
  3.7494163481217141E-01 a       232     0    12     1    12
  3.6785903724932256E-01 a       233     0    12     1    13
  5.5572255312612583E-02 a       234     0    12     1    14
  5.6838043305657360E-01 a       235     0    12     1    15
  1.8177905084894291E-01 a       236     0    12     1    16
  1.8191036406218117E-01 a       237     0    12     1    17
  3.9542422679889594E-01 a       238     0    12     1    18
  4.6702492885025884E-02 a       239     0    12     1    19
  8.3655514847628246E-02 a       240     0    12     1    20
  8.1773889369437316E-02 a       241     0    13     1     1
 -1.4255652180711853E-01 a       242     0    13     1     2
  2.8232252424630212E-02 a       243     0    13     1     3
 -3.1072723067094865E-01 a       244     0    13     1     4
 -2.8444122119392020E-03 a       245     0    13     1     5
 -4.8072624406567420E-02 a       246     0    13     1     6
  4.4506147006055381E-02 a       247     0    13     1     7
  1.9585656189064837E-01 a       248     0    13     1     8
  1.2382669921844662E-01 a       249     0    13     1     9
  6.6372383268562159E-03 a       250     0    13     1    10
 -1.5708349564092960E-01 a       251     0    13     1    11
 -1.7100416796746884E-02 a       252     0    13     1    12
  2.3413473533963713E-03 a       253     0    13     1    13
  2.6211570380520223E-02 a       254     0    13     1    14
  2.5652680457291316E-01 a       255     0    13     1    15
 -1.6664801231896103E-02 a       256     0    13     1    16
 -5.5296365725957218E-02 a       257     0    13     1    17
 -1.8205753692353152E-02 a       258     0    13     1    18
 -3.8471037281577282E-02 a       259     0    13     1    19
  2.3971984877925021E-01 a       260     0    13     1    20
  2.5241857556942449E-01 a       261     0    14     1     1
 -1.6339230552218942E-01 a       262     0    14     1     2
 -1.5539887793774645E-02 a       263     0    14     1     3
  4.7013791875671921E-03 a       264     0    14     1     4
 -2.3391603873164088E-01 a       265     0    14     1     5
  7.1012916303380122E-02 a       266     0    14     1     6
  2.6723274338216157E-01 a       267     0    14     1     7
  2.2517470192420985E-01 a       268     0    14     1     8
 -9.0937346632038521E-02 a       269     0    14     1     9
  7.0206131719916937E-02 a       270     0    14     1    10
 -5.7471588392135432E-02 a       271     0    14     1    11
 -4.8618145508387348E-02 a       272     0    14     1    12
  1.7512166263977270E-02 a       273     0    14     1    13
 -1.6364443278001919E-01 a       274     0    14     1    14
 -3.7494430455882903E-02 a       275     0    14     1    15
  7.1897381338857341E-02 a       276     0    14     1    16
 -1.7091603892589732E-01 a       277     0    14     1    17
  1.5458506445130138E-01 a       278     0    14     1    18
  1.8363017488841854E-01 a       279     0    14     1    19
  1.7122477275771023E-01 a       280     0    14     1    20
  4.8359388104101793E-02 a       281     0    15     1     1
 -5.6827564489907820E-02 a       282     0    15     1     2
 -7.8368527655732600E-02 a       283     0    15     1     3
 -2.6531684006313994E-01 a       284     0    15     1     4
  1.3118524417058403E-02 a       285     0    15     1     5
 -8.8660976961107543E-02 a       286     0    15     1     6
 -2.3002625448108285E-01 a       287     0    15     1     7
 -1.9557223560630352E-01 a       288     0    15     1     8
 -1.1737053709834412E-01 a       289     0    15     1     9
  5.4031875704089627E-02 a       290     0    15     1    10
  1.2573443181974273E-01 a       291     0    15     1    11
  1.0521040030903081E-01 a       292     0    15     1    12
  1.5387313083726575E-01 a       293     0    15     1    13
 -1.1873993946289181E-01 a       294     0    15     1    14
 -2.5293286370917899E-02 a       295     0    15     1    15
 -9.2997221609451827E-02 a       296     0    15     1    16
  1.4361678403387093E-01 a       297     0    15     1    17
  1.2075294915825992E-01 a       298     0    15     1    18
  8.8807854913269285E-02 a       299     0    15     1    19
  9.9939376331685870E-02 a       300     0    15     1    20
 -8.2499642268391168E-02 a       301     0    16     1     1
 -7.1378302994639098E-02 a       302     0    16     1     2
 -2.2352491410534961E-01 a       303     0    16     1     3
 -1.3946622404715039E-01 a       304     0    16     1     4
  8.2909689251274565E-02 a       305     0    16     1     5
  7.3370676293210105E-02 a       306     0    16     1     6
 -5.9920386348326436E-02 a       307     0    16     1     7
 -4.3996386892085675E-02 a       308     0    16     1     8
 -6.0542891261058211E-02 a       309     0    16     1     9
  5.0453019928032979E-02 a       310     0    16     1    10
  2.1047359693796480E-01 a       311     0    16     1    11
  9.8668465391073393E-02 a       312     0    16     1    12
  3.3040443417220275E-02 a       313     0    16     1    13
  1.6309717386645450E-01 a       314     0    16     1    14
  2.4870243114925786E-01 a       315     0    16     1    15
  1.7261322643198554E-01 a       316     0    16     1    16
  1.9278696966113670E-01 a       317     0    16     1    17
  4.3391964314058493E-02 a       318     0    16     1    18
 -9.9084775643828560E-02 a       319     0    16     1    19
 -2.0246755685235726E-01 a       320     0    16     1    20
 -1.6048681879803484E-01 a       321     0    17     1     1
  2.2295585542452975E-01 a       322     0    17     1     2
  1.8182369354167405E-01 a       323     0    17     1     3
  2.7098868048397950E-01 a       324     0    17     1     4
  1.9390605879397707E-03 a       325     0    17     1     5
 -4.1225703574887848E-02 a       326     0    17     1     6
  6.6553493397845095E-02 a       327     0    17     1     7
  2.7835694910885642E-02 a       328     0    17     1     8
  1.1844548991330323E-02 a       329     0    17     1     9
 -1.5056936952221761E-01 a       330     0    17     1    10
 -7.5922977300847641E-02 a       331     0    17     1    11
  5.2651901716616586E-02 a       332     0    17     1    12
 -1.4951232117108484E-01 a       333     0    17     1    13
 -1.4331483480898041E-01 a       334     0    17     1    14
  1.1579302149228013E-01 a       335     0    17     1    15
 -1.9325523085064331E-01 a       336     0    17     1    16
  1.3645413924472624E-02 a       337     0    17     1    17
  1.4953914799304455E-01 a       338     0    17     1    18
  1.4003759467497606E-01 a       339     0    17     1    19
  2.9590010066276897E-02 a       340     0    17     1    20
 -2.0936233842460361E-01 a       341     0    18     1     1
  1.3936651911513201E-01 a       342     0    18     1     2
  4.4155910513370408E-02 a       343     0    18     1     3
  2.9443097630030252E-01 a       344     0    18     1     4
 -1.9959197097111164E-01 a       345     0    18     1     5
  1.9236560235743258E-01 a       346     0    18     1     6
  1.0004046882682617E-01 a       347     0    18     1     7
 -7.6882937772361215E-02 a       348     0    18     1     8
  1.7846690513637190E-01 a       349     0    18     1     9
 -8.3768864881381230E-02 a       350     0    18     1    10
  1.9292949564480502E-01 a       351     0    18     1    11
  1.0654367441957249E-01 a       352     0    18     1    12
 -1.0283963300126177E-01 a       353     0    18     1    13
 -3.8911105192635312E-02 a       354     0    18     1    14
  9.5171410210231587E-03 a       355     0    18     1    15
  5.4399483665830521E-02 a       356     0    18     1    16
  7.8980694919680267E-02 a       357     0    18     1    17
  1.8168286535791928E-01 a       358     0    18     1    18
 -1.8132851637150744E-02 a       359     0    18     1    19
 -1.4596488903728549E-01 a       360     0    18     1    20
 -1.2855165878035802E-02 a       361     0    19     1     1
 -1.4516220373750671E-01 a       362     0    19     1     2
  6.8904776345294530E-02 a       363     0    19     1     3
 -5.4905435280862246E-02 a       364     0    19     1     4
 -3.0195710370717579E-02 a       365     0    19     1     5
  1.2066552769592787E-01 a       366     0    19     1     6
 -2.5025464250765912E-02 a       367     0    19     1     7
  1.4241757002762995E-01 a       368     0    19     1     8
  1.4571198466746699E-01 a       369     0    19     1     9
  2.2798808955234721E-02 a       370     0    19     1    10
 -4.2531617090817694E-02 a       371     0    19     1    11
 -7.8809656626747895E-02 a       372     0    19     1    12
  6.4557096721465354E-02 a       373     0    19     1    13
  1.1631230687060028E-01 a       374     0    19     1    14
 -1.1721803492426940E-01 a       375     0    19     1    15
  1.0519425060461692E-02 a       376     0    19     1    16
 -3.1188722091160942E-02 a       377     0    19     1    17
 -6.6632494823090499E-02 a       378     0    19     1    18
 -1.9755001552403163E-02 a       379     0    19     1    19
  1.7252205041221276E-02 a       380     0    19     1    20
  2.2523254904976783E-01 a       381     0    20     1     1
 -3.2595517847781620E-02 a       382     0    20     1     2
 -2.8601795576899843E-02 a       383     0    20     1     3
 -8.4177519338822365E-02 a       384     0    20     1     4
 -2.7573334719754261E-01 a       385     0    20     1     5
 -1.8113108755201893E-02 a       386     0    20     1     6
  3.4817035605107120E-02 a       387     0    20     1     7
 -1.2125415333665098E-02 a       388     0    20     1     8
 -9.5658765269590190E-02 a       389     0    20     1     9
  7.7061591054393697E-02 a       390     0    20     1    10
 -5.3568459448748978E-03 a       391     0    20     1    11
 -5.5833833249976726E-02 a       392     0    20     1    12
  8.4491182438891005E-02 a       393     0    20     1    13
 -1.5713259438774804E-01 a       394     0    20     1    14
 -2.8235236055069807E-01 a       395     0    20     1    15
 -4.4377108597878356E-02 a       396     0    20     1    16
 -9.1737449217284064E-02 a       397     0    20     1    17
  4.7660131208410922E-02 a       398     0    20     1    18
  5.7858190857730682E-02 a       399     0    20     1    19
  1.0988014244537851E-01 a       400     0    20     1    20
 -2.3989022482441888E-01 a       401     0    21     1     1
 -3.6895639381648561E-02 a       402     0    21     1     2
  7.4485356247107415E-03 a       403     0    21     1     3
  8.0669611342116407E-02 a       404     0    21     1     4
  3.1532323791650119E-01 a       405     0    21     1     5
 -8.7577985239936770E-04 a       406     0    21     1     6
  3.1810264362058603E-02 a       407     0    21     1     7
  7.7929086549525101E-02 a       408     0    21     1     8
  6.4443677418864406E-02 a       409     0    21     1     9
  3.1126855437605995E-02 a       410     0    21     1    10
  3.8633037786780372E-02 a       411     0    21     1    11
 -1.7204918138560005E-01 a       412     0    21     1    12
  8.2409509944950651E-02 a       413     0    21     1    13
  2.1542566255231845E-02 a       414     0    21     1    14
  2.5076203506534112E-02 a       415     0    21     1    15
 -2.0665774567413656E-01 a       416     0    21     1    16
 -5.3078995131035263E-03 a       417     0    21     1    17
  3.0056958207839060E-02 a       418     0    21     1    18
 -2.6961482981471718E-02 a       419     0    21     1    19
  2.6896011094560166E-02 a       420     0    21     1    20
 -1.9207501249608749E-01 a       421     0    22     1     1
  5.3619071005334161E-02 a       422     0    22     1     2
 -1.0679445185262744E-01 a       423     0    22     1     3
 -5.1619022102296068E-02 a       424     0    22     1     4
  1.2805592804429439E-01 a       425     0    22     1     5
 -2.8581094973179091E-02 a       426     0    22     1     6
 -7.6887129733828607E-02 a       427     0    22     1     7
 -9.9630788696747380E-02 a       428     0    22     1     8
 -1.0289644570545009E-01 a       429     0    22     1     9
 -6.0431808925996498E-02 a       430     0    22     1    10
  9.4574414416259397E-02 a       431     0    22     1    11
  5.6070853300879735E-02 a       432     0    22     1    12
  3.1220890268657230E-02 a       433     0    22     1    13
  2.2282744270029280E-02 a       434     0    22     1    14
  2.1032947211660249E-01 a       435     0    22     1    15
 -1.0910612397091832E-02 a       436     0    22     1    16
  1.0120638415254223E-01 a       437     0    22     1    17
  6.1941388091192574E-02 a       438     0    22     1    18
 -6.1977025668363182E-02 a       439     0    22     1    19
 -5.1976742172335492E-02 a       440     0    22     1    20
  1.3431357294971641E-01 a       441     0    23     1     1
  4.8069645081876430E-02 a       442     0    23     1     2
  5.6295149153868684E-02 a       443     0    23     1     3
  1.3157408122765496E-01 a       444     0    23     1     4
  1.4015256248590632E-01 a       445     0    23     1     5
 -1.1601934899282965E-01 a       446     0    23     1     6
  7.1818991524501732E-02 a       447     0    23     1     7
  1.1179993334571342E-01 a       448     0    23     1     8
 -1.0857928690151344E-01 a       449     0    23     1     9
 -8.2969514688257917E-02 a       450     0    23     1    10
 -9.7419397711498032E-02 a       451     0    23     1    11
  9.0303632208656143E-02 a       452     0    23     1    12
 -1.7907444982547219E-01 a       453     0    23     1    13
 -1.1319934406549063E-01 a       454     0    23     1    14
  2.4341802459172837E-01 a       455     0    23     1    15
 -7.3734671154885223E-04 a       456     0    23     1    16
 -1.4294041200904609E-02 a       457     0    23     1    17
  9.4917512725749845E-02 a       458     0    23     1    18
  1.5768825639414435E-01 a       459     0    23     1    19
  9.0708297842114274E-02 a       460     0    23     1    20
  1.1969200429567971E-01 a       461     0    24     1     1
 -7.5393645891457403E-02 a       462     0    24     1     2
 -5.5202053565397119E-02 a       463     0    24     1     3
  5.0918719648617161E-02 a       464     0    24     1     4
  7.5876634074016014E-02 a       465     0    24     1     5
 -8.3788784592219362E-02 a       466     0    24     1     6
 -8.5663898696574481E-02 a       467     0    24     1     7
 -3.3536080317151322E-02 a       468     0    24     1     8
 -2.7555781407977092E-01 a       469     0    24     1     9
 -1.6091359767695582E-01 a       470     0    24     1    10
  1.5650931447028740E-01 a       471     0    24     1    11
  2.4559394706508805E-03 a       472     0    24     1    12
  1.7090349806974332E-02 a       473     0    24     1    13
 -4.5815048140697444E-02 a       474     0    24     1    14
  3.5850666364919813E-02 a       475     0    24     1    15
  1.3703863299766498E-02 a       476     0    24     1    16
  6.9499120990415553E-03 a       477     0    24     1    17
  1.8774561143867907E-01 a       478     0    24     1    18
  1.2675686135108002E-01 a       479     0    24     1    19
 -2.7673931523296736E-03 a       480     0    24     1    20
  7.4622445162933773E-02 a       481     0    25     1     1
 -5.4275794635536986E-02 a       482     0    25     1     2
  2.3279707964545916E-02 a       483     0    25     1     3
  1.9608667630333625E-02 a       484     0    25     1     4
 -8.4869139767783916E-02 a       485     0    25     1     5
  3.8466162142759712E-02 a       486     0    25     1     6
  1.8287518312620432E-04 a       487     0    25     1     7
  5.0776443275126808E-02 a       488     0    25     1     8
  7.7549458213872602E-02 a       489     0    25     1     9
  6.5829240125475585E-02 a       490     0    25     1    10
 -2.8019831833818464E-02 a       491     0    25     1    11
 -5.4997765594544716E-02 a       492     0    25     1    12
  2.0866088013387553E-02 a       493     0    25     1    13
  4.9401326791148815E-02 a       494     0    25     1    14
 -1.0227207266795692E-01 a       495     0    25     1    15
  3.4700924750606328E-02 a       496     0    25     1    16
 -3.5699167819904655E-02 a       497     0    25     1    17
 -5.6212237827135414E-02 a       498     0    25     1    18
  1.0100053656980608E-02 a       499     0    25     1    19
 -1.2619591985985090E-02 a       500     0    25     1    20
 -4.6693347739234200E-03 a       501     0    26     1     1
  2.4137043969734966E-02 a       502     0    26     1     2
 -9.9778785386337877E-03 a       503     0    26     1     3
 -3.8927357911501495E-02 a       504     0    26     1     4
 -1.4487775103409181E-01 a       505     0    26     1     5
  5.6635206471133986E-02 a       506     0    26     1     6
 -1.8667984913989705E-02 a       507     0    26     1     7
 -1.1279209495489347E-01 a       508     0    26     1     8
  7.3877555552290627E-02 a       509     0    26     1     9
  5.7045648464176001E-02 a       510     0    26     1    10
  7.3606169218211157E-02 a       511     0    26     1    11
  8.1384971277624705E-03 a       512     0    26     1    12
  1.0448853047911512E-01 a       513     0    26     1    13
 -2.2384243608069954E-02 a       514     0    26     1    14
 -2.1921351376412673E-01 a       515     0    26     1    15
 -2.3153131365582440E-02 a       516     0    26     1    16
 -8.2149310509506690E-03 a       517     0    26     1    17
  6.9139815914606257E-03 a       518     0    26     1    18
 -4.8795583339595099E-02 a       519     0    26     1    19
 -3.2854081651089787E-02 a       520     0    26     1    20
 -9.1399360382690767E-02 a       521     0    27     1     1
  4.2865140478033446E-03 a       522     0    27     1     2
  1.8420222645817309E-02 a       523     0    27     1     3
 -2.0805059569410419E-03 a       524     0    27     1     4
 -3.7352393678484051E-02 a       525     0    27     1     5
  3.9164337188233559E-06 a       526     0    27     1     6
  1.3003216550060159E-01 a       527     0    27     1     7
  1.1518851987370256E-01 a       528     0    27     1     8
  1.6268681287152945E-01 a       529     0    27     1     9
  1.0431656151246459E-01 a       530     0    27     1    10
 -6.0414194694569837E-02 a       531     0    27     1    11
 -4.1130876176419799E-02 a       532     0    27     1    12
 -1.3943649972814850E-02 a       533     0    27     1    13
  6.1051380234118102E-02 a       534     0    27     1    14
  1.0245433854789507E-01 a       535     0    27     1    15
  3.5207706303821508E-02 a       536     0    27     1    16
  3.2254548174981425E-03 a       537     0    27     1    17
 -9.5920297469104278E-03 a       538     0    27     1    18
 -5.9124223391583538E-03 a       539     0    27     1    19
  1.1731463206624201E-02 a       540     0    27     1    20
 -1.0046063624001295E-01 a       541     0    28     1     1
  2.8418896620792142E-02 a       542     0    28     1     2
 -1.4686809775650648E-02 a       543     0    28     1     3
 -3.9467313887138152E-02 a       544     0    28     1     4
  7.7610041221905998E-02 a       545     0    28     1     5
  4.0567048340896996E-03 a       546     0    28     1     6
 -2.4628572989863526E-02 a       547     0    28     1     7
 -2.8721810916974812E-02 a       548     0    28     1     8
 -2.0324041299858410E-02 a       549     0    28     1     9
 -4.7014242892705740E-02 a       550     0    28     1    10
  2.3512153940535414E-02 a       551     0    28     1    11
  3.9107521027787188E-02 a       552     0    28     1    12
  2.8646345078348432E-02 a       553     0    28     1    13
  6.5803100546815577E-03 a       554     0    28     1    14
  5.7507714309595379E-02 a       555     0    28     1    15
 -2.3837226827151045E-02 a       556     0    28     1    16
  3.1701682669102310E-02 a       557     0    28     1    17
  3.1680645141943735E-02 a       558     0    28     1    18
 -3.1388355210126034E-02 a       559     0    28     1    19
  1.3168753596985133E-03 a       560     0    28     1    20
  2.3226460610308583E-01 a       561     0    29     1     1
 -1.0619362020300626E-02 a       562     0    29     1     2
  1.0821984518979224E-02 a       563     0    29     1     3
 -3.5116702781293495E-02 a       564     0    29     1     4
 -6.0827418851482552E-02 a       565     0    29     1     5
 -1.4238445974353223E-01 a       566     0    29     1     6
  5.6662838857975892E-02 a       567     0    29     1     7
 -1.1615701588661020E-02 a       568     0    29     1     8
 -3.4232141845638706E-02 a       569     0    29     1     9
  6.3123855645125265E-02 a       570     0    29     1    10
 -1.1263319774071304E-01 a       571     0    29     1    11
 -3.3388208971209449E-02 a       572     0    29     1    12
 -9.0353379918564125E-02 a       573     0    29     1    13
 -2.9288107022770866E-02 a       574     0    29     1    14
 -3.1218006664643267E-02 a       575     0    29     1    15
  7.4253901522558535E-02 a       576     0    29     1    16
 -6.7103919111998186E-02 a       577     0    29     1    17
 -1.4936384743780276E-01 a       578     0    29     1    18
  2.8449058464302614E-03 a       579     0    29     1    19
  3.5383101365161949E-02 a       580     0    29     1    20
  1.0456620960718922E-01 a       581     0    30     1     1
 -2.3822049431393828E-02 a       582     0    30     1     2
 -1.9732369285022144E-02 a       583     0    30     1     3
 -7.9571345989416578E-02 a       584     0    30     1     4
 -5.6547992811748693E-03 a       585     0    30     1     5
 -7.0139157374838390E-02 a       586     0    30     1     6
 -6.3489372309944947E-02 a       587     0    30     1     7
 -9.1441550235835570E-02 a       588     0    30     1     8
 -6.0269468081198908E-02 a       589     0    30     1     9
  5.6430273716787200E-03 a       590     0    30     1    10
 -1.5382045745256678E-02 a       591     0    30     1    11
  1.5434513627106993E-02 a       592     0    30     1    12
 -1.0162531399266392E-03 a       593     0    30     1    13
  1.1668962395590694E-02 a       594     0    30     1    14
 -6.0822709162647988E-02 a       595     0    30     1    15
  5.9073133801726400E-02 a       596     0    30     1    16
 -2.1463650650729610E-02 a       597     0    30     1    17
 -1.0501250893059191E-01 a       598     0    30     1    18
 -4.6736159875427584E-02 a       599     0    30     1    19
 -1.9052965474061368E-02 a       600     0    30     1    20
  8.0605434962322114E-02 a       601     0    31     1     1
 -2.8873711726033607E-01 a       602     0    31     1     2
  8.7257223794391034E-02 a       603     0    31     1     3
  1.0928237846004733E-01 a       604     0    31     1     4
  3.2287795936046498E-01 a       605     0    31     1     5
  1.1143546813674478E-01 a       606     0    31     1     6
 -2.4076249198769317E-01 a       607     0    31     1     7
  2.8916863003643589E-01 a       608     0    31     1     8
 -5.0341072985174658E-02 a       609     0    31     1     9
  4.2128680535537893E-01 a       610     0    31     1    10
  2.4106929811966185E-01 a       611     0    31     1    11
 -3.3497814734315970E-02 a       612     0    31     1    12
  2.9228380758197320E-01 a       613     0    31     1    13
 -4.1125123878593639E-01 a       614     0    31     1    14
 -1.5508641795746462E-02 a       615     0    31     1    15
  1.1479631962826785E-01 a       616     0    31     1    16
 -8.8688295388388946E-02 a       617     0    31     1    17
  4.3454899219080784E-01 a       618     0    31     1    18
 -9.3962449949055032E-03 a       619     0    31     1    19
 -4.7601825517213744E-02 a       620     0    31     1    20
 -8.4803702952892565E-02 a       621     0    32     1     1
  4.4019759135753828E-01 a       622     0    32     1     2
 -1.3264268062268703E-01 a       623     0    32     1     3
  5.4306782034866941E-02 a       624     0    32     1     4
  6.2218661960653225E-02 a       625     0    32     1     5
 -1.8580079856233972E-01 a       626     0    32     1     6
 -4.5257646549239867E-02 a       627     0    32     1     7
 -4.7590113845520826E-01 a       628     0    32     1     8
 -7.1141238029503839E-02 a       629     0    32     1     9
 -3.0524111366295842E-01 a       630     0    32     1    10
 -1.7056888102205492E-01 a       631     0    32     1    11
  3.0581296600661728E-01 a       632     0    32     1    12
 -3.0899411925759734E-01 a       633     0    32     1    13
  9.7067850862315050E-02 a       634     0    32     1    14
 -2.0565498189513634E-01 a       635     0    32     1    15
 -1.7911079005936006E-01 a       636     0    32     1    16
 -2.8199800162704821E-03 a       637     0    32     1    17
 -2.3048517726592335E-01 a       638     0    32     1    18
  1.1962270874591874E-01 a       639     0    32     1    19
 -7.8726567810410882E-03 a       640     0    32     1    20
 -1.7395768205575576E-01 a       641     0    33     1     1
 -1.1660263720344519E-01 a       642     0    33     1     2
  5.1565244973140445E-01 a       643     0    33     1     3
  3.4182614638303199E-04 a       644     0    33     1     4
  1.3169029490318152E-01 a       645     0    33     1     5
  4.2653860935909854E-01 a       646     0    33     1     6
  1.4318582354082678E-02 a       647     0    33     1     7
  1.6774799374089899E-01 a       648     0    33     1     8
 -4.6365029391670478E-03 a       649     0    33     1     9
  2.3572518688478603E-01 a       650     0    33     1    10
 -2.9231809345082915E-01 a       651     0    33     1    11
 -1.5640840596948416E-01 a       652     0    33     1    12
  2.6437083542621453E-01 a       653     0    33     1    13
  2.3172040032186628E-01 a       654     0    33     1    14
  6.0463137181011317E-02 a       655     0    33     1    15
 -1.3102014828825082E-01 a       656     0    33     1    16
  1.7379866877540232E-01 a       657     0    33     1    17
 -3.1963987419724926E-01 a       658     0    33     1    18
 -2.0622238424585007E-01 a       659     0    33     1    19
 -4.9801430962931742E-02 a       660     0    33     1    20
 -1.9454415064175673E-01 a       661     0    34     1     1
  6.7545529396565704E-02 a       662     0    34     1     2
  3.9372251026251420E-04 a       663     0    34     1     3
  5.7063132092266017E-02 a       664     0    34     1     4
  1.8832748477800632E-01 a       665     0    34     1     5
  2.5632610684794860E-01 a       666     0    34     1     6
 -6.9823138728589904E-02 a       667     0    34     1     7
  1.6048239624224656E-01 a       668     0    34     1     8
  8.0290047850938864E-02 a       669     0    34     1     9
  1.1677211632971272E-01 a       670     0    34     1    10
 -1.9937066185510921E-01 a       671     0    34     1    11
  1.1576925254622046E-01 a       672     0    34     1    12
 -7.9956196400581006E-02 a       673     0    34     1    13
 -2.7881370404426137E-01 a       674     0    34     1    14
  3.1279091572172746E-01 a       675     0    34     1    15
  1.1907906632925151E-01 a       676     0    34     1    16
 -1.5648107970118308E-01 a       677     0    34     1    17
  2.2287472256553800E-01 a       678     0    34     1    18
  2.0246674036820962E-02 a       679     0    34     1    19
  9.2605435074740380E-02 a       680     0    34     1    20
  2.2236024582880051E-01 a       681     0    35     1     1
  5.0119828816669057E-02 a       682     0    35     1     2
 -2.0834892086082507E-01 a       683     0    35     1     3
 -2.1838501726439666E-01 a       684     0    35     1     4
 -1.5218642536961946E-01 a       685     0    35     1     5
 -2.8901172920484667E-02 a       686     0    35     1     6
 -1.8882304304607433E-01 a       687     0    35     1     7
 -1.4966974608454769E-01 a       688     0    35     1     8
 -7.8452828232552799E-02 a       689     0    35     1     9
 -2.0080690654404366E-02 a       690     0    35     1    10
  8.2445306159078274E-02 a       691     0    35     1    11
 -2.6044754773254980E-01 a       692     0    35     1    12
 -1.6852368091902198E-01 a       693     0    35     1    13
 -1.9413687671333831E-02 a       694     0    35     1    14
  1.4314058328724849E-01 a       695     0    35     1    15
  1.0833799560768508E-02 a       696     0    35     1    16
 -2.0745264449665049E-01 a       697     0    35     1    17
 -2.2166562462977105E-01 a       698     0    35     1    18
  3.1797019933745105E-02 a       699     0    35     1    19
  1.1615179792398311E-01 a       700     0    35     1    20
 -5.3488224098993709E-01 a       701     0    36     1     1
 -4.1176993274633550E-01 a       702     0    36     1     2
 -4.2846733021524058E-02 a       703     0    36     1     3
 -4.4956664992027329E-02 a       704     0    36     1     4
 -1.7826786893491758E-01 a       705     0    36     1     5
  1.7002445456606622E-02 a       706     0    36     1     6
  1.1974276916324705E-01 a       707     0    36     1     7
  5.4770056737068057E-02 a       708     0    36     1     8
 -3.5510459262954003E-01 a       709     0    36     1     9
 -1.5387166674141609E-01 a       710     0    36     1    10
  1.3934318470185830E-01 a       711     0    36     1    11
  2.4050640429808706E-01 a       712     0    36     1    12
 -3.1083780444100931E-02 a       713     0    36     1    13
  1.0369666917284927E-01 a       714     0    36     1    14
 -2.5653323655907728E-01 a       715     0    36     1    15
 -1.9721272020186209E-01 a       716     0    36     1    16
  1.9137735935147560E-01 a       717     0    36     1    17
 -2.7104544680262371E-01 a       718     0    36     1    18
 -7.4900218238660873E-02 a       719     0    36     1    19
  8.7715365473215512E-02 a       720     0    36     1    20
  4.0801345447007242E-01 a       721     0    37     1     1
  2.2295493373640443E-01 a       722     0    37     1     2
  9.9155370236652746E-02 a       723     0    37     1     3
 -3.9503960316177916E-01 a       724     0    37     1     4
  4.2562596264343400E-01 a       725     0    37     1     5
  5.8989749539705073E-02 a       726     0    37     1     6
 -2.3983008987265858E-01 a       727     0    37     1     7
 -5.1387473905390599E-02 a       728     0    37     1     8
  2.6452493922552345E-01 a       729     0    37     1     9
  1.6958689934448441E-02 a       730     0    37     1    10
 -1.2552044763467218E-01 a       731     0    37     1    11
 -7.0877283005143832E-01 a       732     0    37     1    12
  3.8386027670784678E-01 a       733     0    37     1    13
 -1.0491245692965807E-01 a       734     0    37     1    14
 -8.3658157264669769E-02 a       735     0    37     1    15
  1.6363458646910620E-01 a       736     0    37     1    16
 -3.5644492068310324E-01 a       737     0    37     1    17
  2.4184846454085637E-01 a       738     0    37     1    18
 -5.4344946240122732E-02 a       739     0    37     1    19
  1.1735715891689347E-01 a       740     0    37     1    20
 -7.3323708066241750E-02 a       741     0    38     1     1
 -1.4029556333534182E-01 a       742     0    38     1     2
 -1.9391051933821396E-01 a       743     0    38     1     3
 -1.5063248779552096E-02 a       744     0    38     1     4
 -2.4714427728280663E-01 a       745     0    38     1     5
 -1.3382459469922047E-02 a       746     0    38     1     6
  4.2988964621091974E-02 a       747     0    38     1     7
  4.0861883307696673E-01 a       748     0    38     1     8
  1.8119887135168284E-02 a       749     0    38     1     9
 -1.6226975362840654E-01 a       750     0    38     1    10
  2.4918662588208785E-02 a       751     0    38     1    11
  4.2957762772848448E-02 a       752     0    38     1    12
  1.2082569304533700E-01 a       753     0    38     1    13
  1.9211599661926836E-02 a       754     0    38     1    14
  1.8697520393014461E-01 a       755     0    38     1    15
  1.6635531560196981E-01 a       756     0    38     1    16
 -4.0722516141492408E-03 a       757     0    38     1    17
  2.1034637554012317E-01 a       758     0    38     1    18
  9.5456023002481447E-02 a       759     0    38     1    19
  4.5802640074111660E-02 a       760     0    38     1    20
  5.8443358775700359E-02 a       761     0    39     1     1
  1.6989372234111198E-02 a       762     0    39     1     2
  1.0135602793322145E-01 a       763     0    39     1     3
 -1.0260753270861438E-01 a       764     0    39     1     4
 -7.7304693847861539E-02 a       765     0    39     1     5
 -3.3811940930183297E-02 a       766     0    39     1     6
  3.0438241203707694E-01 a       767     0    39     1     7
  9.0107675532083709E-02 a       768     0    39     1     8
  8.7034077781466421E-02 a       769     0    39     1     9
 -1.4484896242857609E-01 a       770     0    39     1    10
  4.2971464075217641E-01 a       771     0    39     1    11
  1.5173015871637763E-01 a       772     0    39     1    12
  2.4958236016187610E-01 a       773     0    39     1    13
  1.4672707993767861E-01 a       774     0    39     1    14
 -2.5574280084669082E-01 a       775     0    39     1    15
 -2.8614228779535034E-01 a       776     0    39     1    16
  5.1823766988327835E-01 a       777     0    39     1    17
  1.7795646772780882E-01 a       778     0    39     1    18
 -1.1566683910568335E-02 a       779     0    39     1    19
 -2.6711318013632485E-01 a       780     0    39     1    20
 -6.4208718215224544E-02 a       781     0    40     1     1
  3.0738011479469279E-01 a       782     0    40     1     2
  4.4660863217417740E-01 a       783     0    40     1     3
 -2.1757294856735515E-01 a       784     0    40     1     4
  2.8351707139711246E-01 a       785     0    40     1     5
 -3.7249207935881756E-01 a       786     0    40     1     6
  4.7831237242295738E-02 a       787     0    40     1     7
  3.0771068995483826E-02 a       788     0    40     1     8
  2.1212332487007174E-01 a       789     0    40     1     9
  5.1454452485767221E-01 a       790     0    40     1    10
  1.5802492219754583E-01 a       791     0    40     1    11
  3.8795695475054631E-01 a       792     0    40     1    12
 -1.2968948364802912E-01 a       793     0    40     1    13
  1.8935402379879632E-01 a       794     0    40     1    14
  3.0380882213717703E-01 a       795     0    40     1    15
  1.8863452813950596E-01 a       796     0    40     1    16
 -6.8614924004369526E-02 a       797     0    40     1    17
  3.6767415919847274E-01 a       798     0    40     1    18
  1.3615798618609928E-01 a       799     0    40     1    19
  2.4365512038054451E-02 a       800     0    40     1    20
  7.8188905158973310E-02 a       801     0    41     1     1
 -5.7179850190692001E-02 a       802     0    41     1     2
  2.0592965683811570E-01 a       803     0    41     1     3
  2.4111781700773460E-01 a       804     0    41     1     4
  9.8691291220942851E-03 a       805     0    41     1     5
 -1.1367153435484888E-01 a       806     0    41     1     6
  1.1714669519475024E-01 a       807     0    41     1     7
  2.0641872043311804E-02 a       808     0    41     1     8
  1.8624097025300335E-01 a       809     0    41     1     9
  3.4791950644782521E-02 a       810     0    41     1    10
  2.2442790702344426E-01 a       811     0    41     1    11
 -2.2916580990780788E-01 a       812     0    41     1    12
  8.3264781637088538E-03 a       813     0    41     1    13
  9.5198707461366355E-02 a       814     0    41     1    14
 -2.7596224171535993E-02 a       815     0    41     1    15
 -9.5501943353019328E-02 a       816     0    41     1    16
  6.6429182305201825E-02 a       817     0    41     1    17
 -1.7776960984386681E-02 a       818     0    41     1    18
 -9.8008329511167419E-02 a       819     0    41     1    19
 -1.4784954494522426E-01 a       820     0    41     1    20
 -3.0555659404166435E-01 a       821     0    42     1     1
  8.6649164689670766E-02 a       822     0    42     1     2
 -1.6052642192768884E-01 a       823     0    42     1     3
 -1.1009898386647778E-01 a       824     0    42     1     4
  2.1527635250755323E-02 a       825     0    42     1     5
  2.0644312281835889E-01 a       826     0    42     1     6
 -7.9489826787450868E-02 a       827     0    42     1     7
 -1.4436899612883236E-01 a       828     0    42     1     8
 -1.4745068397868985E-01 a       829     0    42     1     9
 -1.2305547271634527E-01 a       830     0    42     1    10
 -1.4794126866751062E-01 a       831     0    42     1    11
 -1.8686209596357372E-02 a       832     0    42     1    12
  2.3806762730985545E-02 a       833     0    42     1    13
  7.5502610637442711E-03 a       834     0    42     1    14
 -8.3719856015219002E-02 a       835     0    42     1    15
  5.3342266273165836E-02 a       836     0    42     1    16
 -1.5355505292774094E-01 a       837     0    42     1    17
 -4.9597596996630855E-02 a       838     0    42     1    18
 -1.9924531129415640E-02 a       839     0    42     1    19
  7.1701369088846223E-02 a       840     0    42     1    20
 -1.0104344124221129E-02 a       841     0    43     1     1
 -2.6458077186041151E-02 a       842     0    43     1     2
  7.2358210196748013E-02 a       843     0    43     1     3
 -3.6158067437027458E-02 a       844     0    43     1     4
  4.1832748360068606E-01 a       845     0    43     1     5
 -1.8216873995291433E-01 a       846     0    43     1     6
 -1.2922214080486386E-01 a       847     0    43     1     7
  2.7607492922468269E-01 a       848     0    43     1     8
  1.4944131764448337E-01 a       849     0    43     1     9
  2.0361468619534889E-02 a       850     0    43     1    10
 -2.2336599971915119E-01 a       851     0    43     1    11
 -5.8255031440109906E-02 a       852     0    43     1    12
 -2.6249591766571612E-03 a       853     0    43     1    13
 -3.2447677959141039E-02 a       854     0    43     1    14
 -4.4918459236067082E-01 a       855     0    43     1    15
 -6.4559788302640239E-02 a       856     0    43     1    16
 -4.7629012224694477E-02 a       857     0    43     1    17
 -9.9210538853023500E-02 a       858     0    43     1    18
 -1.2838815163914294E-01 a       859     0    43     1    19
 -9.8117719945870638E-02 a       860     0    43     1    20
  5.5139085982575685E-02 a       861     0    44     1     1
 -1.0108428421336289E-01 a       862     0    44     1     2
  1.0739224273360060E-01 a       863     0    44     1     3
 -2.3062282272740842E-01 a       864     0    44     1     4
  6.3076802504173413E-02 a       865     0    44     1     5
  4.7254299204135548E-02 a       866     0    44     1     6
  6.3343327925190610E-02 a       867     0    44     1     7
  2.9675833915966565E-01 a       868     0    44     1     8
 -2.1525738088923577E-01 a       869     0    44     1     9
 -1.4094619144265572E-01 a       870     0    44     1    10
  3.2465493417267614E-02 a       871     0    44     1    11
  4.4270313256269414E-02 a       872     0    44     1    12
  4.0248576367289839E-02 a       873     0    44     1    13
 -1.4309714289051298E-01 a       874     0    44     1    14
  1.9764662988886955E-01 a       875     0    44     1    15
 -2.5037311134287427E-01 a       876     0    44     1    16
  1.8886632350811286E-01 a       877     0    44     1    17
  2.8717901442904820E-01 a       878     0    44     1    18
  1.9389924154196064E-01 a       879     0    44     1    19
  9.6784117188798161E-02 a       880     0    44     1    20
  7.6735570678077944E-02 a       881     0    45     1     1
  1.0840671456421214E-01 a       882     0    45     1     2
 -1.3417155511675413E-01 a       883     0    45     1     3
 -5.1436201763088440E-03 a       884     0    45     1     4
 -3.2791595795736816E-01 a       885     0    45     1     5
 -4.2849606183776850E-03 a       886     0    45     1     6
  3.2562589490416477E-01 a       887     0    45     1     7
 -5.6669043449648272E-02 a       888     0    45     1     8
 -9.6868613038022841E-02 a       889     0    45     1     9
 -2.2459972409870012E-03 a       890     0    45     1    10
  7.6285143447423168E-02 a       891     0    45     1    11
  1.8363057925379611E-01 a       892     0    45     1    12
  6.4604427512148885E-02 a       893     0    45     1    13
  9.3038412553780425E-02 a       894     0    45     1    14
  2.4358220684544521E-01 a       895     0    45     1    15
  1.3678308235447281E-01 a       896     0    45     1    16
 -3.6096615813602934E-02 a       897     0    45     1    17
  8.0596671811089843E-02 a       898     0    45     1    18
 -8.2144147769786825E-03 a       899     0    45     1    19
  1.4287489779523446E-01 a       900     0    45     1    20
  1.4180696237575174E-01 a       901     0    46     1     1
  1.5765473175337624E-01 a       902     0    46     1     2
 -7.8372921750363589E-02 a       903     0    46     1     3
  1.2251328679397729E-01 a       904     0    46     1     4
  1.8937766255575059E-01 a       905     0    46     1     5
 -3.5854538954762302E-02 a       906     0    46     1     6
  1.0062573247717646E-01 a       907     0    46     1     7
 -6.4816211579176497E-02 a       908     0    46     1     8
  2.2615632608103456E-01 a       909     0    46     1     9
  2.6012732760706986E-01 a       910     0    46     1    10
 -1.7543798239169536E-01 a       911     0    46     1    11
 -1.2724776568838086E-02 a       912     0    46     1    12
 -1.0090371126402452E-01 a       913     0    46     1    13
  1.2125315920207506E-01 a       914     0    46     1    14
  2.7239324593228076E-01 a       915     0    46     1    15
  1.2354269598344081E-01 a       916     0    46     1    16
 -7.6898466516524489E-02 a       917     0    46     1    17
 -1.9520196690158578E-01 a       918     0    46     1    18
  5.6651760258538179E-02 a       919     0    46     1    19
 -9.3777774930461646E-02 a       920     0    46     1    20
 -1.0786346628471843E-01 a       921     0    47     1     1
 -2.3393597827965584E-01 a       922     0    47     1     2
  4.4403986842335502E-01 a       923     0    47     1     3
  6.1220367380462581E-01 a       924     0    47     1     4
 -2.7403434435004503E-01 a       925     0    47     1     5
 -1.2192242644470769E-01 a       926     0    47     1     6
 -4.0509827495633355E-01 a       927     0    47     1     7
  1.7087180937731575E-01 a       928     0    47     1     8
 -1.1590573612397877E-01 a       929     0    47     1     9
 -4.7057773821988808E-01 a       930     0    47     1    10
  1.8766820792722458E-01 a       931     0    47     1    11
 -3.9826844370687431E-01 a       932     0    47     1    12
 -3.8957804413010486E-02 a       933     0    47     1    13
  7.8976553481535719E-02 a       934     0    47     1    14
 -9.2723108232026286E-02 a       935     0    47     1    15
 -8.0087073010456172E-02 a       936     0    47     1    16
  1.7216686300905247E-02 a       937     0    47     1    17
  7.6289826721498463E-02 a       938     0    47     1    18
 -2.7667780790218577E-01 a       939     0    47     1    19
 -1.0324153928466286E-01 a       940     0    47     1    20
  1.3781020513897060E-01 a       941     0    48     1     1
 -3.8454863205601958E-02 a       942     0    48     1     2
  6.1000109942719836E-02 a       943     0    48     1     3
 -2.0242569719550260E-01 a       944     0    48     1     4
 -4.9886190127319367E-02 a       945     0    48     1     5
  7.6402267119588266E-02 a       946     0    48     1     6
  4.6886472876579224E-02 a       947     0    48     1     7
  7.4641445382964855E-02 a       948     0    48     1     8
 -1.1921691401972642E-01 a       949     0    48     1     9
  3.3217232898815799E-02 a       950     0    48     1    10
 -1.2057941464905282E-01 a       951     0    48     1    11
 -1.0304502501702389E-01 a       952     0    48     1    12
  7.2059018139929792E-02 a       953     0    48     1    13
  5.6178977979487441E-02 a       954     0    48     1    14
  2.0118501345757164E-01 a       955     0    48     1    15
 -6.7984905371665474E-02 a       956     0    48     1    16
  5.4502129267586963E-02 a       957     0    48     1    17
 -1.1985942724115339E-01 a       958     0    48     1    18
  2.9383171368804445E-02 a       959     0    48     1    19
  1.4295320652460730E-01 a       960     0    48     1    20
 -4.5718402796402682E-03 a       961     0    49     1     1
 -6.0674576645284002E-03 a       962     0    49     1     2
 -1.8947428685549383E-01 a       963     0    49     1     3
  8.5898676744724914E-02 a       964     0    49     1     4
  1.7362506267102987E-01 a       965     0    49     1     5
  6.7415888290190948E-02 a       966     0    49     1     6
 -8.2124031528996458E-02 a       967     0    49     1     7
 -1.3360566302591959E-01 a       968     0    49     1     8
 -2.0092079248916517E-01 a       969     0    49     1     9
  9.7414085150938787E-02 a       970     0    49     1    10
 -1.7981010034428618E-01 a       971     0    49     1    11
  2.8980590661446898E-01 a       972     0    49     1    12
 -1.9769637522309752E-01 a       973     0    49     1    13
 -1.0081057593995725E-01 a       974     0    49     1    14
  1.0859638723471209E-01 a       975     0    49     1    15
  1.3338122005325140E-01 a       976     0    49     1    16
 -1.5983380448272066E-01 a       977     0    49     1    17
 -1.2072089421283548E-01 a       978     0    49     1    18
  1.8713937850514029E-01 a       979     0    49     1    19
  1.6911436430565790E-01 a       980     0    49     1    20
  5.7964854636871045E-02 a       981     0    50     1     1
 -3.1497625436586641E-03 a       982     0    50     1     2
 -6.8154845202375067E-02 a       983     0    50     1     3
  5.5124548007309176E-02 a       984     0    50     1     4
  1.9091959876347758E-01 a       985     0    50     1     5
  2.8386358893361263E-01 a       986     0    50     1     6
 -2.0681403083731606E-01 a       987     0    50     1     7
  1.0153990277350532E-01 a       988     0    50     1     8
 -1.8638810560532335E-01 a       989     0    50     1     9
 -4.4289957831389998E-01 a       990     0    50     1    10
 -1.0128920084093480E-01 a       991     0    50     1    11
 -7.4415298509249411E-02 a       992     0    50     1    12
  3.0505566559468944E-01 a       993     0    50     1    13
  1.6368578330018251E-02 a       994     0    50     1    14
  5.3866310112877062E-02 a       995     0    50     1    15
 -2.9196253612574780E-01 a       996     0    50     1    16
 -2.9578139987780738E-01 a       997     0    50     1    17
  2.6851330972283960E-01 a       998     0    50     1    18
 -1.3313238015552548E-01 a       999     0    50     1    19
 -8.6954040338003399E-02 a      1000     0    50     1    20
 -1.0941364340037287E+00 b      1001     1     1
  3.5121326862787100E-01 b      1002     1     2
 -1.1712540458931442E+00 b      1003     1     3
  1.0848000901361310E+00 b      1004     1     4
  1.0176581687031823E+00 b      1005     1     5
  1.2501959487423223E-01 b      1006     1     6
  5.5647884841285222E-01 b      1007     1     7
  3.9396578320104771E-02 b      1008     1     8
 -3.5192065176764498E-01 b      1009     1     9
 -1.3938327800324903E+00 b      1010     1    10
  6.8233607989184952E-01 b      1011     1    11
  1.1171300612477568E+00 b      1012     1    12
  6.6233552461874468E-01 b      1013     1    13
  2.1770597489834906E-01 b      1014     1    14
  9.8739200995624321E-01 b      1015     1    15
 -9.4561176319309070E-01 b      1016     1    16
  1.3245350100463871E+00 b      1017     1    17
  4.2330549625231939E-01 b      1018     1    18
 -1.8775795001965292E-01 b      1019     1    19
  1.0956647696263151E+00 b      1020     1    20
 -8.5019112390902785E-01 a      1021     1     1     2     1
 -5.8465918638808526E-02 a      1022     1     1     2     2
 -4.5248425903113254E-01 a      1023     1     1     2     3
  2.6702962168362959E-01 a      1024     1     1     2     4
  1.2842168085894048E-01 a      1025     1     1     2     5
 -2.0512533677412967E-01 a      1026     1     1     2     6
  3.7691178496421129E-01 a      1027     1     1     2     7
 -1.3032299047644608E-01 a      1028     1     1     2     8
  1.8221919672916623E-01 a      1029     1     1     2     9
  3.3802510648936857E-02 a      1030     1     1     2    10
 -5.7925221544941763E-01 a      1031     1     1     2    11
  7.1171333682691151E-01 a      1032     1     1     2    12
 -6.3024182463087519E-01 a      1033     1     1     2    13
 -2.1925758145166827E-01 a      1034     1     1     2    14
  2.6255271611005665E-01 a      1035     1     1     2    15
  2.9370397034785450E-01 a      1036     1     1     2    16
 -6.0466257922290823E-01 a      1037     1     1     2    17
 -2.8015418074490256E-01 a      1038     1     1     2    18
  1.0622129931155998E-01 a      1039     1     1     2    19
 -2.6111506144864244E-01 a      1040     1     1     2    20
  1.2271510618712368E-01 a      1041     1     2     2     1
 -6.4394538993205575E-01 a      1042     1     2     2     2
  2.9726071400096643E-01 a      1043     1     2     2     3
 -1.0666011009578416E-01 a      1044     1     2     2     4
  5.1044210075693408E-01 a      1045     1     2     2     5
 -4.7552616426839778E-01 a      1046     1     2     2     6
  1.0703423748338081E-01 a      1047     1     2     2     7
 -6.1510184352766929E-02 a      1048     1     2     2     8
 -2.6638825118865977E-01 a      1049     1     2     2     9
 -6.2187988219326355E-02 a      1050     1     2     2    10
  5.3981209581495249E-01 a      1051     1     2     2    11
 -6.2078933397600233E-02 a      1052     1     2     2    12
 -3.9198451171213944E-01 a      1053     1     2     2    13
  1.3805317750038767E-01 a      1054     1     2     2    14
 -2.6404162337704765E-02 a      1055     1     2     2    15
  7.7432282705282782E-02 a      1056     1     2     2    16
  4.4514264565022871E-01 a      1057     1     2     2    17
 -1.1052257115810474E-01 a      1058     1     2     2    18
 -1.2991682068907143E-01 a      1059     1     2     2    19
  6.5593565535846543E-01 a      1060     1     2     2    20
  4.5200789762120769E-01 a      1061     1     3     2     1
  1.3864112544938889E-01 a      1062     1     3     2     2
  2.1838355935526543E-01 a      1063     1     3     2     3
 -4.0759924062466707E-01 a      1064     1     3     2     4
 -1.9361253570695483E-01 a      1065     1     3     2     5
 -1.5093861388633495E-01 a      1066     1     3     2     6
 -2.2175281470108549E-01 a      1067     1     3     2     7
  3.9491416238012783E-01 a      1068     1     3     2     8
 -4.5231273673130380E-02 a      1069     1     3     2     9
 -5.2152915426074675E-01 a      1070     1     3     2    10
 -1.1345539695655669E-01 a      1071     1     3     2    11
 -2.4017261594255204E-01 a      1072     1     3     2    12
  2.9510691728293564E-01 a      1073     1     3     2    13
  7.1540367571964414E-02 a      1074     1     3     2    14
 -1.3935324786642733E-01 a      1075     1     3     2    15
  4.2308016866777720E-01 a      1076     1     3     2    16
  5.6915157433223451E-02 a      1077     1     3     2    17
 -4.8154454668734908E-01 a      1078     1     3     2    18
  1.7626334734633861E-01 a      1079     1     3     2    19
 -4.3795404323944065E-01 a      1080     1     3     2    20
 -4.3756105861850392E-01 a      1081     1     4     2     1
  3.5518252063328232E-02 a      1082     1     4     2     2
 -5.2796941266585240E-01 a      1083     1     4     2     3
 -4.5816002788243293E-01 a      1084     1     4     2     4
 -5.0407070250035635E-01 a      1085     1     4     2     5
 -2.6739475005493563E-01 a      1086     1     4     2     6
 -2.8950881724291544E-01 a      1087     1     4     2     7
 -9.1642813352867031E-02 a      1088     1     4     2     8
  3.5510995745162244E-01 a      1089     1     4     2     9
  3.3603308689990835E-01 a      1090     1     4     2    10
 -4.0246886254920627E-01 a      1091     1     4     2    11
 -3.2956624157776088E-01 a      1092     1     4     2    12
  4.0528617993795385E-01 a      1093     1     4     2    13
 -1.4535721233288654E-01 a      1094     1     4     2    14
  3.9549935042218870E-01 a      1095     1     4     2    15
 -4.0484209843983776E-01 a      1096     1     4     2    16
 -9.1784073297917296E-02 a      1097     1     4     2    17
  1.4291123348278589E-01 a      1098     1     4     2    18
  6.3678082443570394E-01 a      1099     1     4     2    19
  1.2876143820529479E-01 a      1100     1     4     2    20
  8.9628516532349337E-02 a      1101     1     5     2     1
 -1.7452925549973702E-01 a      1102     1     5     2     2
  3.4144667301396453E-01 a      1103     1     5     2     3
  2.1332861966978403E-01 a      1104     1     5     2     4
 -1.9817617315766992E-01 a      1105     1     5     2     5
  5.3270987382092960E-01 a      1106     1     5     2     6
  3.8826392129307552E-01 a      1107     1     5     2     7
  8.6984374457369836E-03 a      1108     1     5     2     8
  1.3245722331171533E-01 a      1109     1     5     2     9
 -4.0763044271934690E-01 a      1110     1     5     2    10
  3.0679818719838998E-02 a      1111     1     5     2    11
  4.3066232543639005E-01 a      1112     1     5     2    12
  3.1937850277123986E-01 a      1113     1     5     2    13
 -1.0562668027205770E-02 a      1114     1     5     2    14
 -2.7885490344841585E-01 a      1115     1     5     2    15
  4.1491648445375384E-01 a      1116     1     5     2    16
 -3.4777840838304352E-01 a      1117     1     5     2    17
 -4.4159191062697284E-01 a      1118     1     5     2    18
 -2.7378372307504772E-01 a      1119     1     5     2    19
 -1.7670173333835615E-01 a      1120     1     5     2    20
 -6.9677932028826717E-01 a      1121     1     6     2     1
  2.3313984417153716E-01 a      1122     1     6     2     2
  6.1785243531710421E-01 a      1123     1     6     2     3
  6.9044045326707060E-01 a      1124     1     6     2     4
  2.6735515293744466E-01 a      1125     1     6     2     5
  4.1899634030767252E-01 a      1126     1     6     2     6
  1.8270020304746437E-01 a      1127     1     6     2     7
 -4.5985776902928599E-01 a      1128     1     6     2     8
  3.4362518903100669E-01 a      1129     1     6     2     9
  4.5966807073957500E-01 a      1130     1     6     2    10
 -4.8589179167455876E-01 a      1131     1     6     2    11
  1.9336092946236335E-02 a      1132     1     6     2    12
 -1.8040456435273258E-01 a      1133     1     6     2    13
  2.1837686457790670E-01 a      1134     1     6     2    14
 -5.6032251087852245E-02 a      1135     1     6     2    15
  1.6460053288936450E-02 a      1136     1     6     2    16
 -1.9219774070177456E-01 a      1137     1     6     2    17
 -2.0879790275639623E-01 a      1138     1     6     2    18
  3.4883512682583367E-01 a      1139     1     6     2    19
 -1.9049370949995795E-01 a      1140     1     6     2    20
 -1.5950356095776896E-02 a      1141     1     7     2     1
  2.3331844655949810E-01 a      1142     1     7     2     2
 -1.2173511036395929E-01 a      1143     1     7     2     3
  5.6974905429779477E-01 a      1144     1     7     2     4
  5.7835375493025543E-01 a      1145     1     7     2     5
  3.2800526733048080E-01 a      1146     1     7     2     6
  6.9963243505850969E-01 a      1147     1     7     2     7
  2.9074823325229003E-02 a      1148     1     7     2     8
  6.5649323250670599E-01 a      1149     1     7     2     9
 -7.7218429337765390E-02 a      1150     1     7     2    10
  2.9931567839417761E-01 a      1151     1     7     2    11
  1.0580971309345280E+00 a      1152     1     7     2    12
  2.2637379056824133E-01 a      1153     1     7     2    13
 -2.8628891936177896E-02 a      1154     1     7     2    14
  3.3609561905635182E-01 a      1155     1     7     2    15
  1.8222931511719839E-01 a      1156     1     7     2    16
 -2.3004212880996761E-01 a      1157     1     7     2    17
 -5.6411989183205294E-02 a      1158     1     7     2    18
  4.8120035521055188E-01 a      1159     1     7     2    19
 -3.5683082163621793E-01 a      1160     1     7     2    20
  3.0321139848369250E-02 a      1161     1     8     2     1
 -6.6935011583956794E-01 a      1162     1     8     2     2
  8.7720872834539678E-04 a      1163     1     8     2     3
  1.8395695005762805E-01 a      1164     1     8     2     4
 -2.5731732322229361E-01 a      1165     1     8     2     5
  5.4817739694273804E-01 a      1166     1     8     2     6
 -6.4423114631073053E-01 a      1167     1     8     2     7
  1.6375456101920285E-01 a      1168     1     8     2     8
 -1.9282013625146333E-01 a      1169     1     8     2     9
 -5.4175131174334024E-01 a      1170     1     8     2    10
 -5.9080154211060409E-01 a      1171     1     8     2    11
  1.9524866151306283E-01 a      1172     1     8     2    12
 -6.6489832983363883E-01 a      1173     1     8     2    13
  4.2946803733662681E-01 a      1174     1     8     2    14
  5.0639285915146215E-01 a      1175     1     8     2    15
 -4.1391628824799243E-01 a      1176     1     8     2    16
  5.3850356268850555E-02 a      1177     1     8     2    17
  5.4444330559528298E-01 a      1178     1     8     2    18
  4.9270045758153030E-01 a      1179     1     8     2    19
 -2.2020155596974408E-01 a      1180     1     8     2    20
  4.9712789876186836E-01 a      1181     1     9     2     1
  7.5062011345481749E-01 a      1182     1     9     2     2
 -3.9917518292994630E-01 a      1183     1     9     2     3
  5.1969994085276205E-01 a      1184     1     9     2     4
 -5.2916893777091922E-01 a      1185     1     9     2     5
  3.4728779887898652E-02 a      1186     1     9     2     6
  8.3092390051063586E-02 a      1187     1     9     2     7
 -6.4358013503315353E-02 a      1188     1     9     2     8
 -4.4628961749606233E-01 a      1189     1     9     2     9
  9.9966771289477674E-02 a      1190     1     9     2    10
  1.8268226813952904E-01 a      1191     1     9     2    11
  6.2954995262690450E-01 a      1192     1     9     2    12
 -6.5228526210362825E-01 a      1193     1     9     2    13
  1.6977719272054298E-01 a      1194     1     9     2    14
 -4.3321721650838824E-01 a      1195     1     9     2    15
 -1.5648895615117947E-01 a      1196     1     9     2    16
  6.6191894614391222E-01 a      1197     1     9     2    17
 -6.1603587569808516E-01 a      1198     1     9     2    18
 -3.8502734989471044E-01 a      1199     1     9     2    19
 -7.7274495053870074E-02 a      1200     1     9     2    20
  8.0085086196476629E-01 a      1201     1    10     2     1
 -4.6240746758404289E-01 a      1202     1    10     2     2
  3.7278356751967134E-01 a      1203     1    10     2     3
 -9.6080767635546918E-02 a      1204     1    10     2     4
 -5.7376822486980991E-02 a      1205     1    10     2     5
 -1.5944091802262891E-01 a      1206     1    10     2     6
 -4.8474427767854777E-01 a      1207     1    10     2     7
 -3.0191947995496515E-01 a      1208     1    10     2     8
  5.5813725954861293E-01 a      1209     1    10     2     9
 -5.8158273765272139E-01 a      1210     1    10     2    10
 -5.5179031972690573E-01 a      1211     1    10     2    11
 -3.7683423768624413E-01 a      1212     1    10     2    12
  4.4556075190723715E-01 a      1213     1    10     2    13
 -1.8647965723927698E-01 a      1214     1    10     2    14
 -5.7253163281913333E-01 a      1215     1    10     2    15
 -7.3832364201490730E-01 a      1216     1    10     2    16
  2.8860839369155350E-01 a      1217     1    10     2    17
  3.6830430571002282E-01 a      1218     1    10     2    18
  5.1897888999207520E-01 a      1219     1    10     2    19
  2.0430190210508420E-01 a      1220     1    10     2    20
  1.8423608007550543E-01 a      1221     1    11     2     1
  4.3213641317209717E-01 a      1222     1    11     2     2
 -2.1515221514409408E-01 a      1223     1    11     2     3
 -8.3367092317426728E-02 a      1224     1    11     2     4
  4.9707117906625398E-01 a      1225     1    11     2     5
  3.6223193292971093E-02 a      1226     1    11     2     6
  7.0286041019909551E-01 a      1227     1    11     2     7
  4.0989230694312445E-01 a      1228     1    11     2     8
  1.3024466422017300E-01 a      1229     1    11     2     9
  8.4356372016585537E-02 a      1230     1    11     2    10
 -3.0510386854792676E-01 a      1231     1    11     2    11
  1.6098002951769480E-01 a      1232     1    11     2    12
 -1.2435996874975153E-01 a      1233     1    11     2    13
 -6.3499841414249122E-02 a      1234     1    11     2    14
  6.3649667281558009E-01 a      1235     1    11     2    15
  3.2770684257236438E-01 a      1236     1    11     2    16
  3.3830135556358176E-01 a      1237     1    11     2    17
 -6.2667468046886821E-01 a      1238     1    11     2    18
  2.8632316252997414E-01 a      1239     1    11     2    19
  4.0464267304426305E-01 a      1240     1    11     2    20
  3.4425088165537054E-01 a      1241     1    12     2     1
 -1.2954781476985963E-01 a      1242     1    12     2     2
 -6.1215538344807074E-01 a      1243     1    12     2     3
 -2.4011790107220896E-01 a      1244     1    12     2     4
  2.1913806717732429E-01 a      1245     1    12     2     5
  6.0445696643164137E-01 a      1246     1    12     2     6
  5.9283322166435237E-01 a      1247     1    12     2     7
 -2.8421868267327910E-01 a      1248     1    12     2     8
 -1.5107696517901884E-01 a      1249     1    12     2     9
  1.3268165647782326E-01 a      1250     1    12     2    10
  1.0989416309190427E-01 a      1251     1    12     2    11
  3.2443902438579025E-01 a      1252     1    12     2    12
 -4.6965062729909152E-01 a      1253     1    12     2    13
 -2.8864292970104727E-01 a      1254     1    12     2    14
  6.3470226541078822E-01 a      1255     1    12     2    15
  2.0844388096874486E-01 a      1256     1    12     2    16
 -4.8466051295089640E-01 a      1257     1    12     2    17
  3.8986927383762365E-01 a      1258     1    12     2    18
  3.5553981607693202E-01 a      1259     1    12     2    19
  9.5742150749939858E-02 a      1260     1    12     2    20
 -6.8508734260395887E-01 a      1261     1    13     2     1
  1.9804654820841969E-01 a      1262     1    13     2     2
 -1.8310546964169222E-01 a      1263     1    13     2     3
 -3.1888053193007360E-01 a      1264     1    13     2     4
 -2.4850831208270574E-01 a      1265     1    13     2     5
  4.8017112307059012E-01 a      1266     1    13     2     6
 -2.3407446479122468E-01 a      1267     1    13     2     7
 -4.0551821401124188E-01 a      1268     1    13     2     8
  5.2706238166309516E-01 a      1269     1    13     2     9
 -6.1901372545930833E-01 a      1270     1    13     2    10
  7.7131852358366915E-01 a      1271     1    13     2    11
 -6.1324696790781807E-01 a      1272     1    13     2    12
 -4.0290461001669003E-01 a      1273     1    13     2    13
  5.9052195952390130E-01 a      1274     1    13     2    14
 -2.6667255135147372E-01 a      1275     1    13     2    15
  3.7390351459802768E-02 a      1276     1    13     2    16
 -6.1029171486298595E-01 a      1277     1    13     2    17
  2.5646798515060687E-01 a      1278     1    13     2    18
 -5.4721790322944652E-01 a      1279     1    13     2    19
  4.2685361886072815E-01 a      1280     1    13     2    20
 -1.5184512305310099E-01 a      1281     1    14     2     1
 -3.2633925526072288E-01 a      1282     1    14     2     2
  2.9776751884207631E-01 a      1283     1    14     2     3
 -3.0525608796614601E-01 a      1284     1    14     2     4
 -5.3142090195141856E-01 a      1285     1    14     2     5
 -2.5583375075651060E-01 a      1286     1    14     2     6
  5.1296215773402376E-01 a      1287     1    14     2     7
  5.8103588733808775E-01 a      1288     1    14     2     8
 -9.7920816938298988E-02 a      1289     1    14     2     9
 -5.6573066930076132E-01 a      1290     1    14     2    10
 -3.5593520312253007E-01 a      1291     1    14     2    11
 -1.0242487859682978E-01 a      1292     1    14     2    12
  1.2953283448813260E-01 a      1293     1    14     2    13
 -4.3813530132732914E-01 a      1294     1    14     2    14
 -4.9357010510889215E-01 a      1295     1    14     2    15
 -2.0442660459790388E-01 a      1296     1    14     2    16
  4.1299798986705083E-01 a      1297     1    14     2    17
 -4.5944073714974082E-01 a      1298     1    14     2    18
 -1.7186695424723680E-01 a      1299     1    14     2    19
 -1.6675975093599699E-01 a      1300     1    14     2    20
  7.3118043287491841E-01 a      1301     1    15     2     1
  5.2624977955729624E-01 a      1302     1    15     2     2
 -4.9230705162896465E-01 a      1303     1    15     2     3
  4.9337800404300769E-01 a      1304     1    15     2     4
 -4.8665872131104220E-03 a      1305     1    15     2     5
 -2.4377688666814915E-01 a      1306     1    15     2     6
  4.3071143825007269E-01 a      1307     1    15     2     7
  3.6199302971508079E-01 a      1308     1    15     2     8
 -6.8556317966888713E-02 a      1309     1    15     2     9
  3.5922290900797621E-01 a      1310     1    15     2    10
  4.9634705359720768E-02 a      1311     1    15     2    11
 -5.6597707276183955E-02 a      1312     1    15     2    12
 -1.7113480850564339E-01 a      1313     1    15     2    13
  6.7256178234462713E-02 a      1314     1    15     2    14
  6.0210210658337024E-02 a      1315     1    15     2    15
  3.9345110081364632E-01 a      1316     1    15     2    16
 -3.2982945976319439E-01 a      1317     1    15     2    17
 -1.9513723502031638E-01 a      1318     1    15     2    18
  2.5094008600318265E-02 a      1319     1    15     2    19
 -2.1576672915206296E-01 a      1320     1    15     2    20
  4.5438036149589536E-02 a      1321     1    16     2     1
 -2.6684581624706000E-01 a      1322     1    16     2     2
  3.0116595714591338E-01 a      1323     1    16     2     3
  6.0502285320903793E-01 a      1324     1    16     2     4
  7.4511999616589192E-02 a      1325     1    16     2     5
 -2.7404334142050651E-01 a      1326     1    16     2     6
 -3.4043902492394423E-01 a      1327     1    16     2     7
 -4.4549324558539233E-01 a      1328     1    16     2     8
  7.9923457809766313E-02 a      1329     1    16     2     9
  4.2344021783464736E-01 a      1330     1    16     2    10
  2.7562329399671381E-01 a      1331     1    16     2    11
  1.2304000944235567E-01 a      1332     1    16     2    12
 -4.2243664923237556E-01 a      1333     1    16     2    13
 -1.4232328483410206E-01 a      1334     1    16     2    14
  1.9818119020133383E-02 a      1335     1    16     2    15
  1.0337212713960846E-01 a      1336     1    16     2    16
 -1.5884106554209504E-01 a      1337     1    16     2    17
  1.6770838263133664E-01 a      1338     1    16     2    18
  5.7475101237791348E-01 a      1339     1    16     2    19
 -3.6791315834495082E-02 a      1340     1    16     2    20
  1.5576654552708313E-01 a      1341     1    17     2     1
 -6.2670154716855231E-01 a      1342     1    17     2     2
  3.2946137993034474E-01 a      1343     1    17     2     3
  5.9709366711885294E-02 a      1344     1    17     2     4
  3.2596089290491931E-02 a      1345     1    17     2     5
  4.7670521818643835E-01 a      1346     1    17     2     6
  1.4042876933031734E-01 a      1347     1    17     2     7
 -5.8578211889495557E-01 a      1348     1    17     2     8
  4.9606058695349597E-01 a      1349     1    17     2     9
  5.0635641941074083E-01 a      1350     1    17     2    10
 -2.2917018398501876E-01 a      1351     1    17     2    11
 -3.3182058659686542E-01 a      1352     1    17     2    12
  3.5837352935362032E-01 a      1353     1    17     2    13
 -2.2395806610148394E-01 a      1354     1    17     2    14
 -3.4387239403112996E-01 a      1355     1    17     2    15
 -4.3411022887461648E-01 a      1356     1    17     2    16
 -6.3685018201287458E-01 a      1357     1    17     2    17
  1.6960765678025146E-02 a      1358     1    17     2    18
  1.3083112513709111E-01 a      1359     1    17     2    19
 -2.9665767184464720E-01 a      1360     1    17     2    20
  6.7920277600627743E-02 a      1361     1    18     2     1
  2.0058860222419184E-01 a      1362     1    18     2     2
  2.3426029170900353E-01 a      1363     1    18     2     3
  1.5795970972528012E-01 a      1364     1    18     2     4
  1.6750116826565922E-01 a      1365     1    18     2     5
  6.1043509607630997E-01 a      1366     1    18     2     6
  5.3295700868106005E-02 a      1367     1    18     2     7
  4.0253598665515544E-01 a      1368     1    18     2     8
  7.9893659350446011E-02 a      1369     1    18     2     9
 -5.1116482039263049E-02 a      1370     1    18     2    10
  8.9663813410014101E-02 a      1371     1    18     2    11
 -2.6370082758474223E-01 a      1372     1    18     2    12
 -4.2341819534983394E-01 a      1373     1    18     2    13
  3.3472541899083480E-01 a      1374     1    18     2    14
 -8.5913048391338909E-01 a      1375     1    18     2    15
 -2.7998376773414868E-01 a      1376     1    18     2    16
  5.7518947959935296E-01 a      1377     1    18     2    17
 -3.0876890204347496E-01 a      1378     1    18     2    18
 -1.7616482647409193E-01 a      1379     1    18     2    19
 -3.3829529361820831E-01 a      1380     1    18     2    20
 -1.8001147325699376E-01 a      1381     1    19     2     1
  2.0219384946025221E-01 a      1382     1    19     2     2
 -4.3265822086420491E-01 a      1383     1    19     2     3
  6.7617336920744886E-01 a      1384     1    19     2     4
  7.4219217048560227E-01 a      1385     1    19     2     5
 -7.1643483970105143E-02 a      1386     1    19     2     6
 -2.1621325359881288E-01 a      1387     1    19     2     7
 -4.8211077274647068E-01 a      1388     1    19     2     8
 -1.0228808307905678E-01 a      1389     1    19     2     9
  6.9755280962844002E-02 a      1390     1    19     2    10
  4.7862593267439979E-01 a      1391     1    19     2    11
  5.0820833241943286E-01 a      1392     1    19     2    12
 -5.3858919237838099E-01 a      1393     1    19     2    13
  3.9158235818496318E-01 a      1394     1    19     2    14
 -5.8722417723777298E-01 a      1395     1    19     2    15
 -5.1053638900222553E-01 a      1396     1    19     2    16
 -1.2998154882714330E-01 a      1397     1    19     2    17
 -4.7598035384228599E-01 a      1398     1    19     2    18
  1.3452003597188153E-01 a      1399     1    19     2    19
  3.5064515747783426E-01 a      1400     1    19     2    20
 -9.6869758072283089E-03 a      1401     1    20     2     1
 -1.5219408262896961E-01 a      1402     1    20     2     2
  2.4974545100198314E-01 a      1403     1    20     2     3
  7.1726597391405222E-01 a      1404     1    20     2     4
  2.6468819534323068E-01 a      1405     1    20     2     5
  2.2017869720497196E-01 a      1406     1    20     2     6
  1.9269978028958754E-01 a      1407     1    20     2     7
 -5.9396752605684378E-01 a      1408     1    20     2     8
 -1.0946399901855282E+00 a      1409     1    20     2     9
  2.8272172369488779E-01 a      1410     1    20     2    10
  1.7177267064545598E-01 a      1411     1    20     2    11
 -2.3663406437144241E-01 a      1412     1    20     2    12
 -1.2612064255185940E-01 a      1413     1    20     2    13
 -9.7243164823593312E-02 a      1414     1    20     2    14
 -3.5435370820503520E-01 a      1415     1    20     2    15
 -2.3850241831500452E-01 a      1416     1    20     2    16
  3.4041060803024559E-01 a      1417     1    20     2    17
  1.2200225033687862E-02 a      1418     1    20     2    18
 -3.9032511516981538E-01 a      1419     1    20     2    19
 -6.8894650256802104E-01 a      1420     1    20     2    20
 -2.7072368482832922E-02 b      1421     2     1
 -2.5319089058870808E-01 b      1422     2     2
 -1.1351236483400289E+00 b      1423     2     3
  5.1542876611418065E-01 b      1424     2     4
 -1.4089572981978487E+00 b      1425     2     5
  7.7414609931606171E-01 b      1426     2     6
 -6.3320091499576836E-01 b      1427     2     7
 -1.5928750282626865E+00 b      1428     2     8
  9.1023210729407467E-01 b      1429     2     9
 -9.5883026243690539E-01 b      1430     2    10
 -8.4802101181610989E-01 b      1431     2    11
  9.1165334508667928E-01 b      1432     2    12
 -1.4308707723766287E+00 b      1433     2    13
  3.3302606379746097E-01 b      1434     2    14
 -8.5943233708306130E-02 b      1435     2    15
 -1.8689617128193067E-01 b      1436     2    16
 -1.3316811281497090E+00 b      1437     2    17
  5.2744749468726826E-01 b      1438     2    18
  5.2955189936520508E-01 b      1439     2    19
  2.2981725613438947E-01 b      1440     2    20
 -1.1298999316152247E-01 a      1441     2     1     3     1
  7.4382159059754560E-01 a      1442     2     2     3     1
  1.0480383904039285E+00 a      1443     2     3     3     1
 -1.5293919845998405E-01 a      1444     2     4     3     1
 -1.8182827993611173E-01 a      1445     2     5     3     1
  8.8371835642986396E-02 a      1446     2     6     3     1
 -1.2175033247844225E+00 a      1447     2     7     3     1
  1.2679693611664673E+00 a      1448     2     8     3     1
 -1.3819716183840385E+00 a      1449     2     9     3     1
 -7.2844810892097989E-01 a      1450     2    10     3     1
 -2.5359082636267888E-01 a      1451     2    11     3     1
  1.4358677669051717E-01 a      1452     2    12     3     1
 -1.1378007059522970E-01 a      1453     2    13     3     1
  5.6205126003500716E-01 a      1454     2    14     3     1
 -7.1148909777881231E-01 a      1455     2    15     3     1
  1.3081396390795501E+00 a      1456     2    16     3     1
  1.1836893775970228E+00 a      1457     2    17     3     1
  7.4429214663785925E-01 a      1458     2    18     3     1
  1.2330888417377830E+00 a      1459     2    19     3     1
  8.8172597340831160E-01 a      1460     2    20     3     1
  6.8697356083120287E-01 b      1461     3     1
