################################################################################
# Neural network connection values (weights and biases).
################################################################################
# Col  Name       Description
################################################################################
# 1    connection Neural network connection value.
# 2    t          Connection type (a = weight, b = bias).
# 3    index      Index enumerating weights.
# 4    l_s        Starting point layer (end point layer for biases).
# 5    n_s        Starting point neuron in starting layer (end point neuron for biases).
# 6    l_e        End point layer.
# 7    n_e        End point neuron in end layer.
################################################################################
#                      1 2         3     4     5     6     7
#             connection t     index   l_s   n_s   l_e   n_e
############################################################
  6.0687579769645374E-02 a         1     0     1     1     1
 -1.7435241757589381E-01 a         2     0     1     1     2
 -2.5093910509866291E-01 a         3     0     1     1     3
  1.1364324080106195E-01 a         4     0     1     1     4
  9.5181747133155761E-02 a         5     0     1     1     5
 -3.2223015748121292E-01 a         6     0     1     1     6
  1.0416164717389538E-01 a         7     0     1     1     7
  8.8557306680646389E-02 a         8     0     1     1     8
  1.3558264022723274E-01 a         9     0     1     1     9
 -2.0686633531446214E-01 a        10     0     1     1    10
 -1.2483792689975869E-01 a        11     0     1     1    11
 -8.4386394480779225E-02 a        12     0     1     1    12
 -2.1503013518725342E-01 a        13     0     1     1    13
  1.5689977409374816E-02 a        14     0     1     1    14
 -1.8087532398337361E-01 a        15     0     1     1    15
  2.1971648060493384E-01 a        16     0     1     1    16
 -1.0986552715843846E-01 a        17     0     1     1    17
  3.0805749009773425E-02 a        18     0     1     1    18
  9.1567921018960496E-02 a        19     0     1     1    19
 -1.0938893984203400E-01 a        20     0     1     1    20
  4.8270959612875870E-02 a        21     0     2     1     1
  8.2129946844300056E-02 a        22     0     2     1     2
 -1.3419934087386479E-01 a        23     0     2     1     3
  1.5128675701785496E-01 a        24     0     2     1     4
 -8.2376530515886101E-02 a        25     0     2     1     5
 -1.2838162292036810E-02 a        26     0     2     1     6
  3.6352916176517570E-02 a        27     0     2     1     7
 -7.3095177069193940E-02 a        28     0     2     1     8
 -6.4097530573400729E-02 a        29     0     2     1     9
  1.4018982869838539E-01 a        30     0     2     1    10
  2.3558649088369733E-02 a        31     0     2     1    11
 -1.3139727274818466E-01 a        32     0     2     1    12
 -2.8485593888733556E-02 a        33     0     2     1    13
  5.9226281236998198E-02 a        34     0     2     1    14
  1.0148054851015878E-02 a        35     0     2     1    15
 -6.5341301771584467E-02 a        36     0     2     1    16
  1.5099949324637640E-01 a        37     0     2     1    17
 -1.8282086839542144E-01 a        38     0     2     1    18
 -9.5342327870414828E-02 a        39     0     2     1    19
 -6.6074141702254258E-02 a        40     0     2     1    20
 -1.0090186024210734E-01 a        41     0     3     1     1
  6.0560242691319349E-02 a        42     0     3     1     2
  2.2927352246294613E-01 a        43     0     3     1     3
 -3.4536499160296691E-02 a        44     0     3     1     4
 -9.8721425180381933E-02 a        45     0     3     1     5
  3.8592109767579463E-01 a        46     0     3     1     6
 -1.2158362304974316E-01 a        47     0     3     1     7
 -1.9465620823115481E-01 a        48     0     3     1     8
  1.9929388039791682E-01 a        49     0     3     1     9
 -3.5475579716341255E-01 a        50     0     3     1    10
  1.4794287762199754E-01 a        51     0     3     1    11
  3.3447531180205325E-02 a        52     0     3     1    12
  1.5840421218062804E-02 a        53     0     3     1    13
  1.9863837892865235E-01 a        54     0     3     1    14
 -2.6138023816496736E-01 a        55     0     3     1    15
 -5.3378825409046073E-02 a        56     0     3     1    16
  2.2012220982860292E-01 a        57     0     3     1    17
  1.9341308079216604E-01 a        58     0     3     1    18
 -7.4968101555067362E-02 a        59     0     3     1    19
 -6.8400057062213387E-02 a        60     0     3     1    20
 -1.6499487013692854E-01 a        61     0     4     1     1
 -9.2759606727706889E-02 a        62     0     4     1     2
 -2.3354535303133567E-01 a        63     0     4     1     3
  5.1552722039535026E-01 a        64     0     4     1     4
 -2.6604451669443485E-01 a        65     0     4     1     5
 -4.5743726339110807E-02 a        66     0     4     1     6
  4.5308660201265297E-02 a        67     0     4     1     7
 -1.6757301444297978E-01 a        68     0     4     1     8
  1.5052883764201117E-01 a        69     0     4     1     9
 -2.0301052695463648E-01 a        70     0     4     1    10
  2.3128217699894060E-01 a        71     0     4     1    11
  1.6801199793637711E-01 a        72     0     4     1    12
  5.3210094109331543E-02 a        73     0     4     1    13
 -1.3466071938576310E-01 a        74     0     4     1    14
  1.7891916642939396E-01 a        75     0     4     1    15
 -1.6205864018348537E-01 a        76     0     4     1    16
  2.7564675359699403E-01 a        77     0     4     1    17
 -7.7779100112445332E-01 a        78     0     4     1    18
  2.9013236538851510E-02 a        79     0     4     1    19
 -1.1430792745443717E-01 a        80     0     4     1    20
  9.4370721972073177E-02 a        81     0     5     1     1
 -1.0426607934826541E-01 a        82     0     5     1     2
  2.5025812242102596E-01 a        83     0     5     1     3
 -3.1192816520923144E-01 a        84     0     5     1     4
  1.7368392176997438E-01 a        85     0     5     1     5
  1.7455906659044979E-02 a        86     0     5     1     6
 -1.8866784569599937E-01 a        87     0     5     1     7
  1.8730009054021579E-01 a        88     0     5     1     8
 -4.8858797376726541E-02 a        89     0     5     1     9
 -1.4965305567244266E-01 a        90     0     5     1    10
 -2.0877380948664340E-01 a        91     0     5     1    11
  7.8103049304301786E-02 a        92     0     5     1    12
  1.0754782185227410E-01 a        93     0     5     1    13
  1.0020012911168896E-01 a        94     0     5     1    14
 -8.4198795176616881E-02 a        95     0     5     1    15
  1.9409735782911616E-01 a        96     0     5     1    16
 -2.8959793993902838E-01 a        97     0     5     1    17
  9.2458185762725242E-02 a        98     0     5     1    18
  2.2492392318592055E-02 a        99     0     5     1    19
  1.1817649687482974E-01 a       100     0     5     1    20
  2.7901069102541098E-01 a       101     0     6     1     1
  1.8773817018352240E-01 a       102     0     6     1     2
 -1.9215679345250611E-01 a       103     0     6     1     3
  1.8493734597969785E-01 a       104     0     6     1     4
 -1.8236256202541151E-01 a       105     0     6     1     5
 -1.8044702313000802E-01 a       106     0     6     1     6
  2.6288332650754304E-01 a       107     0     6     1     7
  4.1112439181663263E-01 a       108     0     6     1     8
 -6.1638824820579988E-02 a       109     0     6     1     9
  8.4070222473881490E-02 a       110     0     6     1    10
  3.6806188669362930E-02 a       111     0     6     1    11
  1.7571118982682675E-02 a       112     0     6     1    12
 -5.8408409909607766E-02 a       113     0     6     1    13
  1.5795008503640418E-01 a       114     0     6     1    14
  2.4799453637711844E-01 a       115     0     6     1    15
 -2.0582642234326962E-02 a       116     0     6     1    16
 -5.9994558020101368E-02 a       117     0     6     1    17
 -2.1877561522928947E-02 a       118     0     6     1    18
 -1.2289030377963925E-01 a       119     0     6     1    19
 -2.9540133258756467E-02 a       120     0     6     1    20
  8.0158781673910669E-03 a       121     0     7     1     1
 -2.3914758639782225E-02 a       122     0     7     1     2
 -3.8881200176859737E-01 a       123     0     7     1     3
  9.4899242656855759E-02 a       124     0     7     1     4
 -4.5537200734992449E-02 a       125     0     7     1     5
 -1.1144884967275023E-01 a       126     0     7     1     6
  6.0561063067517122E-02 a       127     0     7     1     7
 -3.5980255017225196E-02 a       128     0     7     1     8
  5.0162050644511708E-02 a       129     0     7     1     9
  9.8519553029418019E-02 a       130     0     7     1    10
 -1.0912824609531048E-01 a       131     0     7     1    11
 -4.2198290408772321E-01 a       132     0     7     1    12
 -8.5627905960750268E-03 a       133     0     7     1    13
 -1.7926406986510039E-03 a       134     0     7     1    14
  1.8835264361194776E-01 a       135     0     7     1    15
  3.4911785320328009E-01 a       136     0     7     1    16
  1.3174556841495884E-02 a       137     0     7     1    17
  1.5422027753998740E-01 a       138     0     7     1    18
 -1.8915678216094309E-01 a       139     0     7     1    19
 -5.3313168286462535E-02 a       140     0     7     1    20
  1.2363363958951231E-02 a       141     0     8     1     1
  5.5355814727211768E-03 a       142     0     8     1     2
  1.5940337823132636E-01 a       143     0     8     1     3
  7.4900466943191718E-02 a       144     0     8     1     4
 -2.1066326125391924E-01 a       145     0     8     1     5
  2.0632038834825292E-01 a       146     0     8     1     6
  3.4566287860093492E-01 a       147     0     8     1     7
 -1.2485688735756850E-01 a       148     0     8     1     8
  3.2039150003477102E-01 a       149     0     8     1     9
 -1.4550025140678174E-01 a       150     0     8     1    10
  3.1410194689343313E-01 a       151     0     8     1    11
 -2.5573862233661523E-02 a       152     0     8     1    12
 -1.2188306092244158E-01 a       153     0     8     1    13
  1.1652891143265201E-01 a       154     0     8     1    14
  2.0144432052350045E-01 a       155     0     8     1    15
 -6.8281604656387149E-02 a       156     0     8     1    16
 -4.2175658176628820E-02 a       157     0     8     1    17
 -6.0113821883727658E-02 a       158     0     8     1    18
 -5.0900197332088976E-03 a       159     0     8     1    19
  2.9248796298684732E-01 a       160     0     8     1    20
  4.1961852991409065E-01 a       161     0     9     1     1
 -1.0730143588843530E-01 a       162     0     9     1     2
  2.7345306917059375E-01 a       163     0     9     1     3
 -2.0079012948771499E-01 a       164     0     9     1     4
  2.7583817878542211E-01 a       165     0     9     1     5
 -1.8214730799232062E-01 a       166     0     9     1     6
 -1.3903969798971463E-01 a       167     0     9     1     7
 -2.1921747983123943E-01 a       168     0     9     1     8
  1.5132473699424143E-01 a       169     0     9     1     9
 -1.8269893709089652E-01 a       170     0     9     1    10
 -1.0566418089546624E-01 a       171     0     9     1    11
  1.3678721554523510E-01 a       172     0     9     1    12
  4.2036943866233904E-02 a       173     0     9     1    13
 -3.0053491612509281E-01 a       174     0     9     1    14
 -3.3602114307854897E-02 a       175     0     9     1    15
  3.1983007315741899E-02 a       176     0     9     1    16
 -3.3446654164722323E-01 a       177     0     9     1    17
 -3.8493916614501050E-02 a       178     0     9     1    18
  9.2825799648328988E-02 a       179     0     9     1    19
  1.0403752959613187E-01 a       180     0     9     1    20
 -3.9623053510743589E-01 a       181     0    10     1     1
 -2.9565901555459240E-01 a       182     0    10     1     2
 -1.4479455926702683E-01 a       183     0    10     1     3
 -1.3640921512572574E-01 a       184     0    10     1     4
 -3.5209061651981099E-01 a       185     0    10     1     5
  2.1893962638360348E-01 a       186     0    10     1     6
  6.3791809004648620E-02 a       187     0    10     1     7
 -5.9973490437606858E-02 a       188     0    10     1     8
  9.3443982760321648E-02 a       189     0    10     1     9
  1.3647416348043506E-01 a       190     0    10     1    10
 -3.2844675735523493E-02 a       191     0    10     1    11
 -2.1296293374995076E-01 a       192     0    10     1    12
  1.2705453107175207E-01 a       193     0    10     1    13
 -3.7209349759001242E-01 a       194     0    10     1    14
  1.4727580963803871E-01 a       195     0    10     1    15
 -1.9130165942700272E-01 a       196     0    10     1    16
  4.7392994266004951E-01 a       197     0    10     1    17
 -3.8011040547807601E-01 a       198     0    10     1    18
 -9.1992896664835372E-02 a       199     0    10     1    19
 -3.1918430525649943E-01 a       200     0    10     1    20
 -2.4137191269123126E-01 a       201     0    11     1     1
  3.6153201943485203E-02 a       202     0    11     1     2
  6.5264572554521241E-02 a       203     0    11     1     3
  2.8810090023666135E-01 a       204     0    11     1     4
  1.1183359940314955E-01 a       205     0    11     1     5
  3.2583275704446732E-02 a       206     0    11     1     6
  2.2950374445763524E-01 a       207     0    11     1     7
 -1.2811881829642588E-01 a       208     0    11     1     8
 -1.0670259939662932E-01 a       209     0    11     1     9
  2.1569209122832200E-01 a       210     0    11     1    10
 -1.0169435608025572E-01 a       211     0    11     1    11
  1.1335455713444066E-01 a       212     0    11     1    12
 -1.7102684250245617E-01 a       213     0    11     1    13
  3.8811022466657741E-02 a       214     0    11     1    14
  2.6841045188037022E-01 a       215     0    11     1    15
 -1.9852006108440012E-01 a       216     0    11     1    16
 -2.3289433460674011E-01 a       217     0    11     1    17
  4.3493218501605403E-02 a       218     0    11     1    18
 -1.6931814312405397E-01 a       219     0    11     1    19
 -1.6196339427422241E-01 a       220     0    11     1    20
 -2.4764170992662143E-01 a       221     0    12     1     1
  2.4272099599889310E-01 a       222     0    12     1     2
  2.9510349545888226E-01 a       223     0    12     1     3
  3.7718425736276334E-01 a       224     0    12     1     4
 -2.1287595341895504E-01 a       225     0    12     1     5
  3.1430611348302891E-02 a       226     0    12     1     6
  2.4563137258569095E-02 a       227     0    12     1     7
 -7.2136665484447360E-02 a       228     0    12     1     8
  4.6640982761023495E-03 a       229     0    12     1     9
 -1.3029972276103594E-01 a       230     0    12     1    10
  5.1543378998877724E-02 a       231     0    12     1    11
  1.9746779669663125E-01 a       232     0    12     1    12
 -1.0820741976310908E-01 a       233     0    12     1    13
 -1.0854098843312580E-01 a       234     0    12     1    14
  1.7378753293879753E-01 a       235     0    12     1    15
 -4.8515002192335420E-02 a       236     0    12     1    16
  1.1198838387540890E-01 a       237     0    12     1    17
 -3.4219373673905584E-03 a       238     0    12     1    18
  2.9914071231097833E-01 a       239     0    12     1    19
  2.0778044623576941E-01 a       240     0    12     1    20
  1.0257914560747735E-02 a       241     0    13     1     1
 -2.6801247305048952E-02 a       242     0    13     1     2
 -3.3386420218732582E-01 a       243     0    13     1     3
  2.0946188999184778E-01 a       244     0    13     1     4
  7.0710428476583043E-02 a       245     0    13     1     5
 -2.8993393973616582E-01 a       246     0    13     1     6
  9.8077006979773746E-03 a       247     0    13     1     7
  3.9770639378097307E-02 a       248     0    13     1     8
 -1.8315945303747545E-02 a       249     0    13     1     9
 -5.1744542847052974E-02 a       250     0    13     1    10
 -5.4424584179083933E-02 a       251     0    13     1    11
 -1.7526816006514709E-01 a       252     0    13     1    12
 -2.5655832513918890E-02 a       253     0    13     1    13
 -1.3398046681749778E-01 a       254     0    13     1    14
  2.5119746643174123E-01 a       255     0    13     1    15
  2.2526045350376134E-01 a       256     0    13     1    16
  1.2539377295249016E-01 a       257     0    13     1    17
  6.6054580753353567E-03 a       258     0    13     1    18
  9.4593983797099560E-02 a       259     0    13     1    19
 -1.3807131376951629E-01 a       260     0    13     1    20
  2.6672453938838092E-01 a       261     0    14     1     1
  3.2536471747094529E-02 a       262     0    14     1     2
  3.7459668086065262E-01 a       263     0    14     1     3
 -1.3899671036831085E-01 a       264     0    14     1     4
 -1.3791038659869839E-01 a       265     0    14     1     5
  4.3494551742555329E-02 a       266     0    14     1     6
  1.9497613805238800E-02 a       267     0    14     1     7
  1.8578809514982317E-01 a       268     0    14     1     8
  1.8699469469833022E-01 a       269     0    14     1     9
 -3.0837953977655791E-01 a       270     0    14     1    10
  2.0882581021260305E-01 a       271     0    14     1    11
 -1.4915559826208255E-01 a       272     0    14     1    12
 -5.8365266324959787E-02 a       273     0    14     1    13
 -3.5830184651296261E-02 a       274     0    14     1    14
  9.1089084355429423E-02 a       275     0    14     1    15
  1.5209526884785338E-01 a       276     0    14     1    16
 -1.8165679394090153E-01 a       277     0    14     1    17
 -1.1063951583005649E-01 a       278     0    14     1    18
  2.0513128044813442E-01 a       279     0    14     1    19
  3.8489530828054469E-01 a       280     0    14     1    20
  2.6902405228522275E-01 a       281     0    15     1     1
  1.5662779792985923E-01 a       282     0    15     1     2
 -7.5361952434926244E-02 a       283     0    15     1     3
  1.5926509187185448E-01 a       284     0    15     1     4
 -1.1043236363941876E-01 a       285     0    15     1     5
  1.3977624775688763E-01 a       286     0    15     1     6
  1.8244297502614062E-01 a       287     0    15     1     7
 -4.0574415585455936E-02 a       288     0    15     1     8
  2.8711206702527703E-01 a       289     0    15     1     9
 -3.2691499165511582E-02 a       290     0    15     1    10
 -8.6062196717458198E-02 a       291     0    15     1    11
 -1.4022411990455924E-01 a       292     0    15     1    12
 -3.6692891592384268E-03 a       293     0    15     1    13
  1.2158452067363042E-01 a       294     0    15     1    14
  2.3156659736717194E-01 a       295     0    15     1    15
 -4.3280898076840144E-02 a       296     0    15     1    16
  5.1293610570671978E-02 a       297     0    15     1    17
  2.0038238749215159E-01 a       298     0    15     1    18
 -1.1825147241901585E-01 a       299     0    15     1    19
  2.1004480684368312E-01 a       300     0    15     1    20
 -2.0257182119442857E-01 a       301     0    16     1     1
 -1.3278556088230092E-01 a       302     0    16     1     2
  3.9760942818428624E-02 a       303     0    16     1     3
 -1.7081946681260373E-03 a       304     0    16     1     4
 -1.0539521911750735E-01 a       305     0    16     1     5
  1.7697299982286634E-02 a       306     0    16     1     6
 -7.2414685068273116E-02 a       307     0    16     1     7
  1.8962215638004473E-02 a       308     0    16     1     8
  5.6371765661100186E-02 a       309     0    16     1     9
  1.6646435069167975E-02 a       310     0    16     1    10
 -2.1912847542908154E-01 a       311     0    16     1    11
  1.1498570874525658E-01 a       312     0    16     1    12
 -2.6098692034391406E-02 a       313     0    16     1    13
 -3.3521711563177924E-02 a       314     0    16     1    14
  1.5927761704409174E-01 a       315     0    16     1    15
 -8.3800627445392739E-02 a       316     0    16     1    16
  1.0056666474604121E-01 a       317     0    16     1    17
 -4.0958605183571012E-01 a       318     0    16     1    18
 -1.6461391947443574E-01 a       319     0    16     1    19
 -2.0975751990208291E-01 a       320     0    16     1    20
 -1.4939837977910717E-02 a       321     0    17     1     1
  4.2134950492086161E-02 a       322     0    17     1     2
 -4.6783027515140976E-02 a       323     0    17     1     3
  2.0178263251148754E-01 a       324     0    17     1     4
  1.6377415214728402E-01 a       325     0    17     1     5
 -6.7915617084951724E-02 a       326     0    17     1     6
  2.2337112963225730E-01 a       327     0    17     1     7
 -1.2648006424487315E-01 a       328     0    17     1     8
  6.3641551645332153E-02 a       329     0    17     1     9
  1.2911964904898104E-02 a       330     0    17     1    10
  6.5287068839978146E-02 a       331     0    17     1    11
  3.0198458865270605E-01 a       332     0    17     1    12
 -1.6022719414605194E-01 a       333     0    17     1    13
  2.1078761841152627E-01 a       334     0    17     1    14
 -3.4063412314962765E-01 a       335     0    17     1    15
 -7.0030672327849944E-02 a       336     0    17     1    16
 -3.3336498852400365E-01 a       337     0    17     1    17
  2.4153155864358841E-01 a       338     0    17     1    18
  8.2319350210149259E-02 a       339     0    17     1    19
  2.4068507368419489E-01 a       340     0    17     1    20
  4.9661380418826881E-02 a       341     0    18     1     1
  1.2545783480478642E-01 a       342     0    18     1     2
  2.0814993069387797E-01 a       343     0    18     1     3
 -2.7354007031590105E-01 a       344     0    18     1     4
 -5.4502944725488547E-03 a       345     0    18     1     5
 -5.2059063981231994E-02 a       346     0    18     1     6
 -1.6425443217849503E-01 a       347     0    18     1     7
 -2.3065383029761487E-02 a       348     0    18     1     8
 -1.0401696002119816E-01 a       349     0    18     1     9
 -5.8826876479725183E-02 a       350     0    18     1    10
  1.6212820595900509E-02 a       351     0    18     1    11
  5.9273741879970601E-02 a       352     0    18     1    12
  2.0933039996149903E-02 a       353     0    18     1    13
 -9.1637332458377994E-04 a       354     0    18     1    14
 -1.0303873886069490E-01 a       355     0    18     1    15
  4.5627073114532748E-02 a       356     0    18     1    16
 -1.7030132170170950E-01 a       357     0    18     1    17
 -2.3394053421917113E-01 a       358     0    18     1    18
 -5.6884705582676262E-02 a       359     0    18     1    19
 -1.0341301887393964E-01 a       360     0    18     1    20
  2.0675025066151070E-01 a       361     0    19     1     1
  1.1579947244376387E-01 a       362     0    19     1     2
 -1.7691490830619871E-01 a       363     0    19     1     3
 -2.3865032859937869E-02 a       364     0    19     1     4
  1.6229587529916076E-01 a       365     0    19     1     5
  1.2841841454820885E-02 a       366     0    19     1     6
  6.3726270176545946E-02 a       367     0    19     1     7
  2.2878239595704834E-02 a       368     0    19     1     8
 -5.0523208673181504E-02 a       369     0    19     1     9
  1.1027770565862370E-02 a       370     0    19     1    10
  5.9494257183272357E-02 a       371     0    19     1    11
  8.8042483806826596E-02 a       372     0    19     1    12
  8.0176515225536552E-02 a       373     0    19     1    13
 -1.3791633183986204E-01 a       374     0    19     1    14
  6.4413054031864508E-02 a       375     0    19     1    15
  4.6547748321168911E-02 a       376     0    19     1    16
  2.0392857424298963E-01 a       377     0    19     1    17
 -3.2897916445644403E-02 a       378     0    19     1    18
  3.1992012659183661E-01 a       379     0    19     1    19
  5.7893268843378060E-02 a       380     0    19     1    20
  1.1205500906707727E-01 a       381     0    20     1     1
 -1.9721660799427163E-01 a       382     0    20     1     2
  4.9297662240806561E-02 a       383     0    20     1     3
 -1.8059439969843849E-01 a       384     0    20     1     4
 -1.4033114526921661E-01 a       385     0    20     1     5
 -4.8804531394268987E-03 a       386     0    20     1     6
 -1.8282720699848132E-01 a       387     0    20     1     7
  6.1469156743335668E-02 a       388     0    20     1     8
  3.4960731994316402E-02 a       389     0    20     1     9
  5.7804954180830453E-02 a       390     0    20     1    10
 -1.0902182324617199E-02 a       391     0    20     1    11
 -2.7001885531242414E-01 a       392     0    20     1    12
  6.1262519837693277E-02 a       393     0    20     1    13
  8.9293328123515106E-02 a       394     0    20     1    14
 -1.3403496002107324E-01 a       395     0    20     1    15
  6.9392339716446996E-02 a       396     0    20     1    16
 -8.1129266973060554E-02 a       397     0    20     1    17
  4.9140900751738943E-03 a       398     0    20     1    18
 -1.2650488866813620E-01 a       399     0    20     1    19
  1.2320210982539283E-01 a       400     0    20     1    20
  2.8415362779278669E-01 a       401     0    21     1     1
  8.7650828197127065E-02 a       402     0    21     1     2
 -8.1288031001262404E-02 a       403     0    21     1     3
  7.0650209470870126E-02 a       404     0    21     1     4
 -5.7385436064796430E-02 a       405     0    21     1     5
 -2.1768582040658477E-01 a       406     0    21     1     6
  6.4272430964418786E-02 a       407     0    21     1     7
  8.1970241680982166E-03 a       408     0    21     1     8
  1.2067425665539329E-01 a       409     0    21     1     9
 -1.8887581312028753E-01 a       410     0    21     1    10
  9.8250756734014733E-02 a       411     0    21     1    11
  3.5438898627311460E-01 a       412     0    21     1    12
 -8.2051086829281125E-02 a       413     0    21     1    13
 -6.0710718845461024E-02 a       414     0    21     1    14
  1.5567095453691192E-02 a       415     0    21     1    15
 -9.6255998326581826E-02 a       416     0    21     1    16
  5.5787020741124377E-02 a       417     0    21     1    17
  1.9068776432995121E-01 a       418     0    21     1    18
  1.3345063240617602E-01 a       419     0    21     1    19
  6.7305547223774992E-02 a       420     0    21     1    20
 -1.5881776592779373E-01 a       421     0    22     1     1
  1.2944682577783415E-01 a       422     0    22     1     2
  1.0270291952095568E-01 a       423     0    22     1     3
  1.6122439999595023E-01 a       424     0    22     1     4
 -4.6276626296420237E-02 a       425     0    22     1     5
  6.3168519111759108E-02 a       426     0    22     1     6
 -1.7665786688002680E-01 a       427     0    22     1     7
 -4.7924352675933438E-02 a       428     0    22     1     8
  1.3225324124440753E-02 a       429     0    22     1     9
 -1.1115497737702838E-01 a       430     0    22     1    10
 -6.3826647674375833E-02 a       431     0    22     1    11
  1.1102345183343469E-01 a       432     0    22     1    12
  3.9208101722680397E-02 a       433     0    22     1    13
  2.9435003207709653E-02 a       434     0    22     1    14
  1.1310970933382425E-01 a       435     0    22     1    15
 -6.8407252655441481E-02 a       436     0    22     1    16
  3.2516607048070981E-02 a       437     0    22     1    17
 -1.5922334255252768E-01 a       438     0    22     1    18
 -1.6098135864685523E-01 a       439     0    22     1    19
 -1.7310016898782118E-01 a       440     0    22     1    20
  6.3225630331149418E-02 a       441     0    23     1     1
 -8.6743808274704251E-02 a       442     0    23     1     2
  5.2534753904362713E-02 a       443     0    23     1     3
 -9.9569114145986098E-02 a       444     0    23     1     4
 -1.7791792102808866E-02 a       445     0    23     1     5
 -1.6201891730836918E-01 a       446     0    23     1     6
  2.2727899735312493E-01 a       447     0    23     1     7
 -1.2810600038536533E-02 a       448     0    23     1     8
  1.1168256569188799E-01 a       449     0    23     1     9
  9.9688466048907798E-02 a       450     0    23     1    10
 -9.0638858405693287E-02 a       451     0    23     1    11
 -7.6092038979783408E-02 a       452     0    23     1    12
 -1.6687230498846287E-01 a       453     0    23     1    13
  5.5551031597981013E-02 a       454     0    23     1    14
 -1.5081729222434428E-01 a       455     0    23     1    15
  3.9076450462133420E-02 a       456     0    23     1    16
 -2.3438002544135453E-01 a       457     0    23     1    17
  1.5056921767926790E-01 a       458     0    23     1    18
  2.0427728410220579E-02 a       459     0    23     1    19
  1.5297048624490156E-01 a       460     0    23     1    20
  1.6076510355361442E-01 a       461     0    24     1     1
 -1.5240086214349441E-01 a       462     0    24     1     2
  4.6564544663703751E-02 a       463     0    24     1     3
 -1.9032327904358809E-01 a       464     0    24     1     4
  5.6439967229180744E-02 a       465     0    24     1     5
  1.7301420998981296E-01 a       466     0    24     1     6
  6.4785986506446486E-02 a       467     0    24     1     7
  3.9090500242917173E-02 a       468     0    24     1     8
 -1.2957151080005608E-01 a       469     0    24     1     9
  2.0236264612825694E-01 a       470     0    24     1    10
 -8.0721398624843347E-03 a       471     0    24     1    11
 -1.7224751369276101E-01 a       472     0    24     1    12
  3.9580766188952100E-02 a       473     0    24     1    13
  1.5058012531600065E-01 a       474     0    24     1    14
  4.2738118824218616E-02 a       475     0    24     1    15
  6.2477022444732945E-02 a       476     0    24     1    16
 -8.8368831300715059E-02 a       477     0    24     1    17
 -6.9079452174939784E-02 a       478     0    24     1    18
 -1.6177206785575032E-01 a       479     0    24     1    19
 -8.8827548065447862E-02 a       480     0    24     1    20
  6.3136718502741024E-02 a       481     0    25     1     1
 -5.5012506958129960E-02 a       482     0    25     1     2
 -3.4582374705106118E-02 a       483     0    25     1     3
 -2.6958928111045621E-01 a       484     0    25     1     4
  5.8158726801851530E-02 a       485     0    25     1     5
  2.4405424885318119E-02 a       486     0    25     1     6
  8.8653306187631481E-02 a       487     0    25     1     7
  2.2629488760069569E-02 a       488     0    25     1     8
 -2.2866820286707168E-01 a       489     0    25     1     9
  2.4897460736432672E-01 a       490     0    25     1    10
  1.4725517328735643E-01 a       491     0    25     1    11
  8.7111234699389389E-02 a       492     0    25     1    12
  6.0798934864151673E-02 a       493     0    25     1    13
 -1.9271109114573949E-02 a       494     0    25     1    14
  1.5422112316630984E-01 a       495     0    25     1    15
 -1.8580557737828509E-03 a       496     0    25     1    16
  5.5143596749711754E-02 a       497     0    25     1    17
  2.2282037824774878E-02 a       498     0    25     1    18
 -6.6986638112982833E-02 a       499     0    25     1    19
  1.7324291202697503E-02 a       500     0    25     1    20
 -1.2642662038657798E-01 a       501     0    26     1     1
 -1.5742206879628562E-01 a       502     0    26     1     2
 -1.4162116092041288E-01 a       503     0    26     1     3
  1.5990143839871498E-01 a       504     0    26     1     4
  3.4060338979927170E-02 a       505     0    26     1     5
  3.2400047972970400E-02 a       506     0    26     1     6
 -8.4789622773152606E-02 a       507     0    26     1     7
  9.9440985132892207E-02 a       508     0    26     1     8
  1.0506350389888672E-01 a       509     0    26     1     9
 -1.8511113551933583E-01 a       510     0    26     1    10
 -4.8084029817941749E-02 a       511     0    26     1    11
 -1.9075655985826590E-01 a       512     0    26     1    12
 -3.5606824607002950E-02 a       513     0    26     1    13
 -4.2209180800842828E-02 a       514     0    26     1    14
 -1.7749251362998461E-01 a       515     0    26     1    15
  3.6040671914333251E-02 a       516     0    26     1    16
  2.0986256443154654E-02 a       517     0    26     1    17
  3.6534118700705887E-02 a       518     0    26     1    18
  1.5033080462651577E-01 a       519     0    26     1    19
 -5.6944278411809055E-03 a       520     0    26     1    20
  1.8360977832453129E-01 a       521     0    27     1     1
  1.9020148931402814E-01 a       522     0    27     1     2
  1.4474457246935560E-01 a       523     0    27     1     3
  4.3120305928540442E-03 a       524     0    27     1     4
 -1.6923832230189231E-01 a       525     0    27     1     5
 -1.2351872671507037E-01 a       526     0    27     1     6
  1.2798130612969350E-01 a       527     0    27     1     7
  8.1849012434588239E-02 a       528     0    27     1     8
 -1.5832576217235189E-01 a       529     0    27     1     9
  4.6313059149641962E-02 a       530     0    27     1    10
  4.9863388279799713E-02 a       531     0    27     1    11
  1.8384523452300425E-01 a       532     0    27     1    12
 -1.8415967069729566E-01 a       533     0    27     1    13
 -8.9849217694106365E-02 a       534     0    27     1    14
  6.5168291586479660E-02 a       535     0    27     1    15
 -3.1361653446269462E-02 a       536     0    27     1    16
  3.9875082912765029E-02 a       537     0    27     1    17
 -4.0367905472819772E-02 a       538     0    27     1    18
 -7.2863423140491435E-02 a       539     0    27     1    19
 -9.4734903528790576E-02 a       540     0    27     1    20
 -5.7201291463176568E-03 a       541     0    28     1     1
  1.3343694445359416E-01 a       542     0    28     1     2
  2.3002203948308403E-02 a       543     0    28     1     3
  1.8475401532022689E-01 a       544     0    28     1     4
  1.0747734079467568E-02 a       545     0    28     1     5
  7.4626630275944114E-02 a       546     0    28     1     6
 -5.4558774770631313E-02 a       547     0    28     1     7
 -4.7615206253316916E-02 a       548     0    28     1     8
  2.8305509820872571E-02 a       549     0    28     1     9
 -1.2494330384935629E-01 a       550     0    28     1    10
 -5.7495701392234659E-03 a       551     0    28     1    11
  1.2137305910667754E-02 a       552     0    28     1    12
  4.0792224863866765E-02 a       553     0    28     1    13
  2.7157840185495326E-02 a       554     0    28     1    14
  6.6130200124374511E-03 a       555     0    28     1    15
 -1.2952919210823493E-02 a       556     0    28     1    16
  4.4544354957000480E-02 a       557     0    28     1    17
 -7.8099522599117469E-02 a       558     0    28     1    18
 -4.4986065330591650E-02 a       559     0    28     1    19
 -5.6534844633672893E-02 a       560     0    28     1    20
  7.4357938478863961E-02 a       561     0    29     1     1
  3.6268830731786675E-02 a       562     0    29     1     2
  8.2721665066164768E-02 a       563     0    29     1     3
 -1.4158079255113612E-01 a       564     0    29     1     4
 -9.4405023481841849E-02 a       565     0    29     1     5
  1.8017652804340157E-03 a       566     0    29     1     6
  1.2619201052161980E-01 a       567     0    29     1     7
 -3.7923308037706535E-02 a       568     0    29     1     8
  1.0127716507921193E-01 a       569     0    29     1     9
  1.0380268964095736E-01 a       570     0    29     1    10
 -9.3405363023821950E-02 a       571     0    29     1    11
 -1.3623300014247852E-01 a       572     0    29     1    12
 -3.7871953183691541E-02 a       573     0    29     1    13
 -5.8556229051442969E-02 a       574     0    29     1    14
  2.8316544779195454E-02 a       575     0    29     1    15
  7.3057961673271415E-03 a       576     0    29     1    16
 -4.2440470529201101E-02 a       577     0    29     1    17
  1.3199273621132587E-01 a       578     0    29     1    18
 -1.5215895907998917E-02 a       579     0    29     1    19
  8.0421690051668687E-02 a       580     0    29     1    20
 -8.2013353884631907E-02 a       581     0    30     1     1
 -1.5911671788069029E-01 a       582     0    30     1     2
 -4.5689557679545391E-02 a       583     0    30     1     3
 -2.3328826777322947E-01 a       584     0    30     1     4
  1.1936934269228112E-02 a       585     0    30     1     5
  8.5306991629871994E-03 a       586     0    30     1     6
  3.1891019326878843E-02 a       587     0    30     1     7
  4.4431689734882589E-02 a       588     0    30     1     8
  6.4771440311414061E-02 a       589     0    30     1     9
 -1.6060610047455182E-02 a       590     0    30     1    10
 -5.1458343483397569E-02 a       591     0    30     1    11
 -1.3645045197419925E-01 a       592     0    30     1    12
 -5.3554065595497601E-02 a       593     0    30     1    13
  2.9005468223640783E-02 a       594     0    30     1    14
 -3.8744048885593706E-02 a       595     0    30     1    15
  1.5829164424345499E-02 a       596     0    30     1    16
 -5.5312947155868680E-02 a       597     0    30     1    17
  5.3123065678679811E-02 a       598     0    30     1    18
  3.8284117630889040E-03 a       599     0    30     1    19
 -1.9505383681159703E-02 a       600     0    30     1    20
  3.5631140697441638E-02 a       601     0    31     1     1
  1.6495273544300465E-01 a       602     0    31     1     2
  9.1853570826291442E-01 a       603     0    31     1     3
 -8.4297566102381816E-02 a       604     0    31     1     4
  5.6440509319243060E-01 a       605     0    31     1     5
 -1.8556327716193317E-02 a       606     0    31     1     6
  2.0044234647668835E-01 a       607     0    31     1     7
  2.0759293350436048E-01 a       608     0    31     1     8
 -2.8141675485854517E-01 a       609     0    31     1     9
  2.6148487496490347E-01 a       610     0    31     1    10
 -5.3180089937993524E-01 a       611     0    31     1    11
  1.8180225539123648E-01 a       612     0    31     1    12
 -1.1136185190264777E-01 a       613     0    31     1    13
 -2.9485345602233246E-02 a       614     0    31     1    14
 -2.3827383594275389E-01 a       615     0    31     1    15
 -3.6489384172228723E-01 a       616     0    31     1    16
 -1.0127009722188439E-01 a       617     0    31     1    17
 -1.6668302600341994E-01 a       618     0    31     1    18
  5.3281409906915200E-01 a       619     0    31     1    19
  1.9806387769546654E-01 a       620     0    31     1    20
  1.7377742571177088E-01 a       621     0    32     1     1
 -1.5717550047044029E-01 a       622     0    32     1     2
 -3.4133619085434336E-01 a       623     0    32     1     3
 -9.1475436376563593E-02 a       624     0    32     1     4
 -2.4191445287430421E-01 a       625     0    32     1     5
 -3.7847388590171160E-01 a       626     0    32     1     6
  9.1414094180776589E-02 a       627     0    32     1     7
  1.1323051294089262E-01 a       628     0    32     1     8
 -4.4290905247890401E-02 a       629     0    32     1     9
 -2.3010183209321783E-01 a       630     0    32     1    10
  4.6483008780188279E-01 a       631     0    32     1    11
 -2.5887216355484305E-01 a       632     0    32     1    12
 -1.9621623793311982E-01 a       633     0    32     1    13
  2.0080935422212509E-01 a       634     0    32     1    14
 -3.0693705088461537E-01 a       635     0    32     1    15
  2.6574711069197637E-01 a       636     0    32     1    16
 -2.7591819038378207E-01 a       637     0    32     1    17
  4.2043043883814968E-01 a       638     0    32     1    18
 -1.7283558587094702E-01 a       639     0    32     1    19
  1.6481273209516467E-01 a       640     0    32     1    20
  1.0439129226553853E-01 a       641     0    33     1     1
 -2.6493556945527447E-01 a       642     0    33     1     2
 -1.9563734562503662E-01 a       643     0    33     1     3
 -1.2720199297947975E-02 a       644     0    33     1     4
  9.8628747322630411E-02 a       645     0    33     1     5
 -1.7756056651875399E-01 a       646     0    33     1     6
 -2.9239307368874612E-01 a       647     0    33     1     7
 -1.1532771508215525E-01 a       648     0    33     1     8
 -1.7322770995177442E-01 a       649     0    33     1     9
 -1.9994084846709245E-01 a       650     0    33     1    10
 -3.0555434643348606E-02 a       651     0    33     1    11
  3.5911921774196675E-03 a       652     0    33     1    12
 -3.7485071998819481E-03 a       653     0    33     1    13
 -2.4044293985752016E-01 a       654     0    33     1    14
 -2.5493053354264766E-01 a       655     0    33     1    15
 -5.6621670749865446E-02 a       656     0    33     1    16
 -1.8995097975480685E-01 a       657     0    33     1    17
  2.0541030746856778E-01 a       658     0    33     1    18
  1.2701705888019099E-01 a       659     0    33     1    19
 -4.1649441937413642E-02 a       660     0    33     1    20
 -9.2319103500170391E-02 a       661     0    34     1     1
 -9.0847709568889462E-02 a       662     0    34     1     2
 -1.1612440793647029E-01 a       663     0    34     1     3
  4.9128785296630138E-02 a       664     0    34     1     4
  1.4245551911842955E-01 a       665     0    34     1     5
  1.5438896543567393E-01 a       666     0    34     1     6
 -3.0882044957529936E-01 a       667     0    34     1     7
  3.6689142608728083E-03 a       668     0    34     1     8
 -2.3393978860447073E-01 a       669     0    34     1     9
  2.5267189292997944E-01 a       670     0    34     1    10
  2.8799058524477401E-02 a       671     0    34     1    11
 -1.2072340918700231E-01 a       672     0    34     1    12
  1.3354737447916179E-01 a       673     0    34     1    13
 -6.2430230261523695E-02 a       674     0    34     1    14
 -8.9271919780114974E-03 a       675     0    34     1    15
 -8.4716845553660935E-03 a       676     0    34     1    16
  1.3110243634949831E-01 a       677     0    34     1    17
  1.5215474225622580E-01 a       678     0    34     1    18
  5.3982251011400396E-02 a       679     0    34     1    19
 -1.9771689548197127E-01 a       680     0    34     1    20
 -2.1249905429185482E-02 a       681     0    35     1     1
 -1.8435153199989937E-01 a       682     0    35     1     2
  1.0207767457781750E-01 a       683     0    35     1     3
  1.6822530661287194E-01 a       684     0    35     1     4
 -1.1018898613570574E-01 a       685     0    35     1     5
  1.6047429809271321E-01 a       686     0    35     1     6
  2.5106925553421117E-01 a       687     0    35     1     7
 -1.6157253268047813E-02 a       688     0    35     1     8
  1.5435877770270626E-01 a       689     0    35     1     9
 -2.4515563843706047E-02 a       690     0    35     1    10
  6.4030040658478560E-02 a       691     0    35     1    11
  2.4275345968328640E-01 a       692     0    35     1    12
  7.3529053706171521E-02 a       693     0    35     1    13
  2.2130064670134328E-01 a       694     0    35     1    14
 -5.6012885948061725E-02 a       695     0    35     1    15
  7.7895085154067095E-02 a       696     0    35     1    16
  4.1459248635606329E-02 a       697     0    35     1    17
  1.7103447610019088E-02 a       698     0    35     1    18
 -1.1881334675341911E-01 a       699     0    35     1    19
 -1.9349273423150545E-01 a       700     0    35     1    20
 -9.5553466500838749E-02 a       701     0    36     1     1
  6.4745753470033821E-02 a       702     0    36     1     2
  6.4719382579967580E-02 a       703     0    36     1     3
 -3.9539545671634890E-01 a       704     0    36     1     4
  5.8869388439890695E-02 a       705     0    36     1     5
 -1.7812178102078394E-01 a       706     0    36     1     6
 -1.2817105258348982E-01 a       707     0    36     1     7
  2.0045581736006908E-02 a       708     0    36     1     8
 -4.7325929419424310E-02 a       709     0    36     1     9
  1.5345301955228788E-01 a       710     0    36     1    10
  4.1575863906467181E-01 a       711     0    36     1    11
  1.3398253443964900E-01 a       712     0    36     1    12
 -1.2811966840630162E-01 a       713     0    36     1    13
  3.0194952270675873E-01 a       714     0    36     1    14
  3.6990635529331922E-01 a       715     0    36     1    15
 -2.1566944425982512E-01 a       716     0    36     1    16
  1.0861456205381449E-01 a       717     0    36     1    17
 -1.9793027177434130E-01 a       718     0    36     1    18
 -3.2291003137418411E-01 a       719     0    36     1    19
 -3.7252748661981791E-02 a       720     0    36     1    20
  1.0050272507632305E-01 a       721     0    37     1     1
  4.4810117636045332E-01 a       722     0    37     1     2
  1.3316065394493903E-01 a       723     0    37     1     3
  1.7770346413551702E-01 a       724     0    37     1     4
  1.0996989020884081E-01 a       725     0    37     1     5
  1.6859581635020437E-01 a       726     0    37     1     6
  3.5075746780457526E-03 a       727     0    37     1     7
 -8.0300259095130777E-02 a       728     0    37     1     8
  1.7585228799356001E-01 a       729     0    37     1     9
 -2.1622762188863977E-02 a       730     0    37     1    10
 -2.0030362827383844E-01 a       731     0    37     1    11
  2.7825315331311712E-01 a       732     0    37     1    12
  2.5364200695832606E-01 a       733     0    37     1    13
 -5.4193635031704927E-02 a       734     0    37     1    14
 -1.1200911785523006E-01 a       735     0    37     1    15
  3.9140336307410634E-01 a       736     0    37     1    16
  1.8220110304635544E-02 a       737     0    37     1    17
  3.4314243531345473E-01 a       738     0    37     1    18
  4.4951154409765642E-01 a       739     0    37     1    19
 -1.9103971291018032E-01 a       740     0    37     1    20
 -3.5876944594241396E-03 a       741     0    38     1     1
  3.6707845150814256E-01 a       742     0    38     1     2
 -2.2245945176966703E-01 a       743     0    38     1     3
  8.4187196987939486E-02 a       744     0    38     1     4
 -1.6302860813219977E-01 a       745     0    38     1     5
 -1.3671017153215380E-02 a       746     0    38     1     6
 -8.9742557076402885E-02 a       747     0    38     1     7
  2.3092001763120429E-01 a       748     0    38     1     8
 -1.2759570039577256E-01 a       749     0    38     1     9
  1.2860507512491051E-01 a       750     0    38     1    10
  1.7050896946030686E-01 a       751     0    38     1    11
  1.8589144552536302E-01 a       752     0    38     1    12
  7.3716085441439358E-02 a       753     0    38     1    13
  2.0923883085503914E-01 a       754     0    38     1    14
  9.9581486968671445E-02 a       755     0    38     1    15
  1.1941183688391668E-01 a       756     0    38     1    16
  1.6017446828702108E-02 a       757     0    38     1    17
  6.8201013871242111E-02 a       758     0    38     1    18
 -3.4641638604842306E-01 a       759     0    38     1    19
 -1.5336383676525203E-01 a       760     0    38     1    20
 -3.3511282862421700E-02 a       761     0    39     1     1
 -2.3719155215806798E-02 a       762     0    39     1     2
  6.5019329345545454E-02 a       763     0    39     1     3
  2.0935610703038693E-01 a       764     0    39     1     4
 -4.2718909203258165E-01 a       765     0    39     1     5
 -5.3715982656372854E-02 a       766     0    39     1     6
  2.3681701595542876E-01 a       767     0    39     1     7
 -8.8067703609713513E-02 a       768     0    39     1     8
  1.1625248340933537E-01 a       769     0    39     1     9
 -2.7847551212084098E-01 a       770     0    39     1    10
  9.3004994510582403E-02 a       771     0    39     1    11
 -1.3319689660752398E-01 a       772     0    39     1    12
  3.6249949262065283E-02 a       773     0    39     1    13
 -9.9728452643969394E-03 a       774     0    39     1    14
 -1.1607727437513626E-01 a       775     0    39     1    15
 -6.6633403618564083E-02 a       776     0    39     1    16
  1.8622786654548532E-01 a       777     0    39     1    17
 -5.6462467287571272E-01 a       778     0    39     1    18
 -2.2153973914277744E-01 a       779     0    39     1    19
 -4.9282678124028083E-02 a       780     0    39     1    20
 -2.0769613709769807E-01 a       781     0    40     1     1
  1.5339341795061422E-02 a       782     0    40     1     2
 -5.0924882607145401E-02 a       783     0    40     1     3
 -4.3504896683753530E-01 a       784     0    40     1     4
  7.5144349932444621E-02 a       785     0    40     1     5
  2.7484021306388040E-01 a       786     0    40     1     6
  1.3690857249351485E-01 a       787     0    40     1     7
 -4.0741751275950332E-02 a       788     0    40     1     8
 -2.6238361281483651E-02 a       789     0    40     1     9
  4.3381297058532019E-02 a       790     0    40     1    10
  2.0470125947296833E-01 a       791     0    40     1    11
 -1.5318645361805647E-01 a       792     0    40     1    12
 -5.3196777610039159E-02 a       793     0    40     1    13
 -1.8461076694339648E-01 a       794     0    40     1    14
 -2.6135299988503998E-03 a       795     0    40     1    15
 -3.1236746558667615E-02 a       796     0    40     1    16
  1.1711744463708151E-01 a       797     0    40     1    17
 -3.7589665079796893E-02 a       798     0    40     1    18
  1.2821265497080919E-01 a       799     0    40     1    19
  2.1760079140827454E-01 a       800     0    40     1    20
  1.9585786755734691E-01 a       801     0    41     1     1
  1.5019428644088501E-01 a       802     0    41     1     2
 -7.8922357259296583E-02 a       803     0    41     1     3
  1.4493643229144848E-01 a       804     0    41     1     4
 -2.7278197929462882E-02 a       805     0    41     1     5
  2.9584827250484386E-01 a       806     0    41     1     6
  2.7952953382848722E-01 a       807     0    41     1     7
  4.0903086749007396E-02 a       808     0    41     1     8
 -1.0708748642884489E-01 a       809     0    41     1     9
 -4.2092419630293046E-02 a       810     0    41     1    10
 -2.3107170616054823E-01 a       811     0    41     1    11
 -2.9181301464293785E-01 a       812     0    41     1    12
 -6.1765435955740265E-02 a       813     0    41     1    13
 -1.3314872337066225E-01 a       814     0    41     1    14
  2.4046557618168200E-02 a       815     0    41     1    15
 -1.6552069047220974E-01 a       816     0    41     1    16
  1.9632651330703368E-01 a       817     0    41     1    17
  6.2489747425101078E-02 a       818     0    41     1    18
  8.7438795552560622E-02 a       819     0    41     1    19
 -1.4614900336771330E-01 a       820     0    41     1    20
 -2.8787790218204279E-01 a       821     0    42     1     1
 -2.1568286357225264E-01 a       822     0    42     1     2
  7.5046755262705142E-02 a       823     0    42     1     3
 -1.4369664385660041E-01 a       824     0    42     1     4
  1.6181383048001000E-01 a       825     0    42     1     5
  8.0039122755089481E-02 a       826     0    42     1     6
 -3.3314613692648865E-01 a       827     0    42     1     7
  7.7403803880861363E-02 a       828     0    42     1     8
  1.4448478732374481E-01 a       829     0    42     1     9
  1.6423318323639035E-02 a       830     0    42     1    10
  2.3767460564182268E-02 a       831     0    42     1    11
  9.9002431007201325E-02 a       832     0    42     1    12
  1.1158922657067633E-01 a       833     0    42     1    13
  7.9248462985319720E-02 a       834     0    42     1    14
  4.6563449648592192E-03 a       835     0    42     1    15
  2.0792315037737799E-01 a       836     0    42     1    16
 -2.7885334394862068E-02 a       837     0    42     1    17
  1.2598099924730446E-01 a       838     0    42     1    18
 -2.8348808576536551E-02 a       839     0    42     1    19
 -6.7277965536660905E-02 a       840     0    42     1    20
 -1.1153524458701053E-01 a       841     0    43     1     1
  1.8921940640821491E-02 a       842     0    43     1     2
 -2.0246585934939741E-02 a       843     0    43     1     3
  6.7332919944242800E-02 a       844     0    43     1     4
  6.9637232110760255E-02 a       845     0    43     1     5
 -1.8864039256134787E-01 a       846     0    43     1     6
 -1.9038845702065271E-01 a       847     0    43     1     7
 -1.2157717477255631E-02 a       848     0    43     1     8
 -5.4144134717976022E-02 a       849     0    43     1     9
  7.1991185239485889E-02 a       850     0    43     1    10
  7.1420451890145883E-02 a       851     0    43     1    11
  1.8760328085097430E-01 a       852     0    43     1    12
 -3.9903240795332418E-02 a       853     0    43     1    13
  1.2183366085628862E-01 a       854     0    43     1    14
  7.5095283288671016E-02 a       855     0    43     1    15
  2.7463646555065443E-03 a       856     0    43     1    16
 -5.3448866203391933E-02 a       857     0    43     1    17
 -1.4695701159771588E-01 a       858     0    43     1    18
  6.4059857435717071E-02 a       859     0    43     1    19
 -8.0977669242100173E-04 a       860     0    43     1    20
  1.6915512306153357E-01 a       861     0    44     1     1
  2.5708377217927719E-01 a       862     0    44     1     2
  3.6015439317776385E-02 a       863     0    44     1     3
  1.3101305615612663E-01 a       864     0    44     1     4
 -1.8010264373848839E-01 a       865     0    44     1     5
  3.6757415329933762E-02 a       866     0    44     1     6
  1.3560162301205027E-02 a       867     0    44     1     7
 -1.3619581146313278E-01 a       868     0    44     1     8
  8.0671682949724308E-02 a       869     0    44     1     9
  1.1529296415706385E-01 a       870     0    44     1    10
 -1.3816342575009804E-02 a       871     0    44     1    11
 -1.6679587549725206E-01 a       872     0    44     1    12
  9.6841751601079606E-02 a       873     0    44     1    13
  2.6201212436477082E-02 a       874     0    44     1    14
 -8.8175481138438747E-02 a       875     0    44     1    15
  1.5655404644046862E-02 a       876     0    44     1    16
  7.5382119115075377E-02 a       877     0    44     1    17
 -2.8530085114275022E-01 a       878     0    44     1    18
 -1.6289011757930846E-01 a       879     0    44     1    19
  1.6489920632779992E-01 a       880     0    44     1    20
  2.3817875490725868E-01 a       881     0    45     1     1
 -5.2636771049462249E-03 a       882     0    45     1     2
  1.3131393863403576E-01 a       883     0    45     1     3
 -3.7863129957929220E-01 a       884     0    45     1     4
 -1.3985942434005827E-01 a       885     0    45     1     5
  1.0124582036214597E-02 a       886     0    45     1     6
 -9.5414324679422902E-02 a       887     0    45     1     7
  8.2113143988483545E-02 a       888     0    45     1     8
  3.3769214770804322E-02 a       889     0    45     1     9
  1.0701841152930722E-01 a       890     0    45     1    10
  3.8696265523565823E-02 a       891     0    45     1    11
  2.8153865052901090E-02 a       892     0    45     1    12
  9.8388138051913931E-02 a       893     0    45     1    13
  1.2509573091773682E-01 a       894     0    45     1    14
 -3.5672592735709538E-03 a       895     0    45     1    15
  3.5144228059299960E-02 a       896     0    45     1    16
  9.3813327609198513E-02 a       897     0    45     1    17
 -2.6934958829773582E-02 a       898     0    45     1    18
 -8.8390364825817802E-02 a       899     0    45     1    19
 -5.5018242680533569E-02 a       900     0    45     1    20
 -3.3795945270267330E-02 a       901     0    46     1     1
 -3.4436156264494942E-02 a       902     0    46     1     2
  4.5721394953657957E-02 a       903     0    46     1     3
 -5.0806509533421189E-02 a       904     0    46     1     4
 -7.7850849669584124E-02 a       905     0    46     1     5
  1.3098552935486643E-01 a       906     0    46     1     6
 -1.0380232222147133E-01 a       907     0    46     1     7
  2.7862928840300540E-02 a       908     0    46     1     8
  1.0940261741935108E-01 a       909     0    46     1     9
 -1.7670573135425605E-01 a       910     0    46     1    10
  2.7033370277945491E-02 a       911     0    46     1    11
 -1.5729229039186873E-01 a       912     0    46     1    12
  4.1494018181222544E-02 a       913     0    46     1    13
  4.8782963068313118E-02 a       914     0    46     1    14
 -1.1523544480829735E-01 a       915     0    46     1    15
  1.3515860434117080E-01 a       916     0    46     1    16
 -1.3278100997617720E-01 a       917     0    46     1    17
  6.7550240779210265E-03 a       918     0    46     1    18
 -7.3412875089232152E-02 a       919     0    46     1    19
  4.3585454561006889E-02 a       920     0    46     1    20
  2.6880334812018719E-01 a       921     0    47     1     1
  4.1104968089565583E-02 a       922     0    47     1     2
 -1.0964074269237437E-01 a       923     0    47     1     3
  1.1621384105257401E-01 a       924     0    47     1     4
  1.1605668485583748E-01 a       925     0    47     1     5
  4.8977929678212589E-01 a       926     0    47     1     6
  2.9749037340296065E-02 a       927     0    47     1     7
 -2.3323837277054257E-01 a       928     0    47     1     8
 -3.0056534733677193E-01 a       929     0    47     1     9
 -1.6302667876601559E-02 a       930     0    47     1    10
 -6.3080760473814390E-01 a       931     0    47     1    11
 -2.0216028768258933E-02 a       932     0    47     1    12
  1.5762471481406498E-01 a       933     0    47     1    13
 -8.0623893585796511E-02 a       934     0    47     1    14
 -4.8477106298593413E-02 a       935     0    47     1    15
 -4.9647629986798802E-01 a       936     0    47     1    16
 -7.9380868902430721E-02 a       937     0    47     1    17
  8.0168376211561820E-01 a       938     0    47     1    18
 -2.9409378778570555E-01 a       939     0    47     1    19
  1.4707766684750767E-02 a       940     0    47     1    20
  3.4158767231197006E-02 a       941     0    48     1     1
  2.8582817019690548E-01 a       942     0    48     1     2
 -3.4379409329312123E-03 a       943     0    48     1     3
  4.7596287289174630E-02 a       944     0    48     1     4
  2.6978627761655483E-01 a       945     0    48     1     5
  8.7513867786637889E-02 a       946     0    48     1     6
  2.0223282846114823E-01 a       947     0    48     1     7
 -4.1982759920023521E-01 a       948     0    48     1     8
  9.3385040237902880E-02 a       949     0    48     1     9
 -6.0588304263299052E-02 a       950     0    48     1    10
 -2.6266053599809153E-01 a       951     0    48     1    11
 -3.7346317437391796E-01 a       952     0    48     1    12
  6.0572863641650725E-03 a       953     0    48     1    13
 -3.1735359509851774E-01 a       954     0    48     1    14
 -1.0917495682958517E-01 a       955     0    48     1    15
 -2.2240830587204433E-01 a       956     0    48     1    16
  1.2078986848346121E-01 a       957     0    48     1    17
  1.7699870450472638E-01 a       958     0    48     1    18
  4.0074850395213035E-01 a       959     0    48     1    19
  2.4412070100582150E-03 a       960     0    48     1    20
 -4.0330775312070986E-02 a       961     0    49     1     1
  7.5234181421939559E-03 a       962     0    49     1     2
 -3.2826232894884434E-02 a       963     0    49     1     3
 -2.6309423428485523E-01 a       964     0    49     1     4
  1.3077430362897122E-01 a       965     0    49     1     5
 -6.6660288359518372E-02 a       966     0    49     1     6
 -6.4469064836948670E-02 a       967     0    49     1     7
  4.5478704955866388E-02 a       968     0    49     1     8
 -1.7988231229405842E-02 a       969     0    49     1     9
  1.5971620786982715E-01 a       970     0    49     1    10
  1.1751687089747625E-02 a       971     0    49     1    11
  8.5363913447838568E-03 a       972     0    49     1    12
 -8.0262560857303877E-02 a       973     0    49     1    13
  1.1353315217365679E-02 a       974     0    49     1    14
  1.1400281224122218E-01 a       975     0    49     1    15
  4.7100991840419500E-02 a       976     0    49     1    16
 -5.7400358630823836E-02 a       977     0    49     1    17
  1.2139312555823510E-01 a       978     0    49     1    18
 -4.6772585106270088E-02 a       979     0    49     1    19
  1.5504855512031415E-02 a       980     0    49     1    20
  2.6993921449898395E-01 a       981     0    50     1     1
 -1.1292746792452506E-01 a       982     0    50     1     2
  6.1380789565710830E-02 a       983     0    50     1     3
  2.3104705280389984E-01 a       984     0    50     1     4
 -1.3054814848988780E-01 a       985     0    50     1     5
 -1.3810375689216542E-01 a       986     0    50     1     6
 -1.0668631095579491E-01 a       987     0    50     1     7
  1.3413032363798993E-01 a       988     0    50     1     8
  1.2755692102059962E-01 a       989     0    50     1     9
  2.8052776320942080E-02 a       990     0    50     1    10
 -2.9682947970007623E-01 a       991     0    50     1    11
 -8.5408373601095836E-02 a       992     0    50     1    12
 -1.1680358403693206E-02 a       993     0    50     1    13
  1.5153626777550350E-01 a       994     0    50     1    14
 -7.3095002485220509E-02 a       995     0    50     1    15
  1.1938560144770531E-01 a       996     0    50     1    16
 -8.7397084315866194E-02 a       997     0    50     1    17
 -4.6834312152896324E-02 a       998     0    50     1    18
 -9.1186811615062549E-02 a       999     0    50     1    19
 -1.2004924303053202E-02 a      1000     0    50     1    20
  1.2023261224055235E+00 b      1001     1     1
  6.8355765897394360E-01 b      1002     1     2
  4.7881550637518755E-01 b      1003     1     3
 -1.2921053282597343E+00 b      1004     1     4
 -8.0987070572140130E-01 b      1005     1     5
 -7.6913185098217396E-01 b      1006     1     6
  1.3119430630169551E+00 b      1007     1     7
  8.3283591533812018E-01 b      1008     1     8
 -5.4770517556271776E-02 b      1009     1     9
  6.1130430341408759E-01 b      1010     1    10
 -8.9047529519054169E-01 b      1011     1    11
 -1.3561459398636670E+00 b      1012     1    12
 -1.3140338044143769E+00 b      1013     1    13
  1.1365229188518780E+00 b      1014     1    14
  1.3576032539805478E+00 b      1015     1    15
  6.2421331488407572E-01 b      1016     1    16
  8.5942214542606610E-01 b      1017     1    17
  3.8246762059735628E-01 b      1018     1    18
 -1.0213635007326969E+00 b      1019     1    19
  8.5702628916101142E-01 b      1020     1    20
 -5.3341040747790536E-01 a      1021     1     1     2     1
 -6.6806739728399189E-01 a      1022     1     1     2     2
 -2.8257643142672512E-01 a      1023     1     1     2     3
  3.2668934090577018E-01 a      1024     1     1     2     4
  2.7093993252009241E-01 a      1025     1     1     2     5
  1.4981590372474829E-01 a      1026     1     1     2     6
  2.2539578729804005E-01 a      1027     1     1     2     7
  2.8420322430023143E-02 a      1028     1     1     2     8
 -2.5530910296241238E-01 a      1029     1     1     2     9
  4.0746862429609149E-01 a      1030     1     1     2    10
  1.6678208135838116E-01 a      1031     1     1     2    11
  1.6461591942029249E-01 a      1032     1     1     2    12
 -3.0432326125024861E-01 a      1033     1     1     2    13
  6.5605373919307097E-01 a      1034     1     1     2    14
  4.2278434461566167E-01 a      1035     1     1     2    15
  4.6335756278259804E-01 a      1036     1     1     2    16
 -8.4732818993683831E-02 a      1037     1     1     2    17
  2.8932233091197024E-01 a      1038     1     1     2    18
  1.6275914582497855E-01 a      1039     1     1     2    19
  3.5160532424122720E-01 a      1040     1     1     2    20
  2.5631908865026953E-01 a      1041     1     2     2     1
  3.3925558832352870E-01 a      1042     1     2     2     2
  4.8769271322999191E-01 a      1043     1     2     2     3
 -3.7048714467098576E-01 a      1044     1     2     2     4
  4.4375590488941363E-01 a      1045     1     2     2     5
  1.7409806600058697E-01 a      1046     1     2     2     6
  4.0589115572273693E-01 a      1047     1     2     2     7
 -9.7409292342077222E-02 a      1048     1     2     2     8
  2.9776010812301051E-01 a      1049     1     2     2     9
 -1.1148945762974417E-01 a      1050     1     2     2    10
 -3.8228866275613244E-01 a      1051     1     2     2    11
  5.2181352651494173E-01 a      1052     1     2     2    12
  5.5373959329219971E-02 a      1053     1     2     2    13
 -4.3802205546878137E-01 a      1054     1     2     2    14
 -1.7999094643504532E-01 a      1055     1     2     2    15
 -4.0990693404562206E-01 a      1056     1     2     2    16
  2.6467510632450891E-01 a      1057     1     2     2    17
 -1.3338122715403908E-01 a      1058     1     2     2    18
 -3.4156129195142620E-01 a      1059     1     2     2    19
 -3.0074422754847058E-01 a      1060     1     2     2    20
 -5.0265780355681400E-01 a      1061     1     3     2     1
 -6.1775975838892250E-01 a      1062     1     3     2     2
  8.0945811763029327E-02 a      1063     1     3     2     3
 -5.3579879301240751E-01 a      1064     1     3     2     4
  2.1185868570211724E-01 a      1065     1     3     2     5
 -4.0562552315046702E-01 a      1066     1     3     2     6
  2.9196950649335893E-02 a      1067     1     3     2     7
 -2.0033972269184105E-01 a      1068     1     3     2     8
 -7.3120182979410664E-01 a      1069     1     3     2     9
  5.7047323833847821E-02 a      1070     1     3     2    10
  1.0452076965528616E-01 a      1071     1     3     2    11
 -1.7236334788758340E-01 a      1072     1     3     2    12
  6.2200827423492788E-01 a      1073     1     3     2    13
 -4.2256773041886242E-01 a      1074     1     3     2    14
 -5.0377965154523829E-01 a      1075     1     3     2    15
 -2.4463838674330052E-01 a      1076     1     3     2    16
  7.7068315167098805E-02 a      1077     1     3     2    17
 -6.9003521919852429E-01 a      1078     1     3     2    18
 -1.1315151465272505E-02 a      1079     1     3     2    19
  3.1195983057813420E-01 a      1080     1     3     2    20
 -6.8859995951165931E-01 a      1081     1     4     2     1
 -6.5552302834932893E-02 a      1082     1     4     2     2
 -3.8457243571323940E-01 a      1083     1     4     2     3
  7.2324093902439013E-01 a      1084     1     4     2     4
  5.7687716945010403E-01 a      1085     1     4     2     5
 -1.6850054576338008E-01 a      1086     1     4     2     6
  9.0160035800377028E-02 a      1087     1     4     2     7
 -3.0498065206302832E-01 a      1088     1     4     2     8
  3.3001415453839844E-01 a      1089     1     4     2     9
 -1.4408163224599366E-01 a      1090     1     4     2    10
 -1.4726205470881640E-01 a      1091     1     4     2    11
  5.6519191926156298E-01 a      1092     1     4     2    12
  1.8708982156374190E-01 a      1093     1     4     2    13
  2.3278729720299321E-01 a      1094     1     4     2    14
  1.5114685053262816E-01 a      1095     1     4     2    15
  3.6285418713667900E-01 a      1096     1     4     2    16
 -4.4111453395921249E-02 a      1097     1     4     2    17
 -9.7759725265700523E-02 a      1098     1     4     2    18
 -1.4727807675444024E-01 a      1099     1     4     2    19
 -4.5805382331667149E-01 a      1100     1     4     2    20
  5.1623379156864858E-02 a      1101     1     5     2     1
 -2.1890220326156551E-01 a      1102     1     5     2     2
  3.2434497090539249E-01 a      1103     1     5     2     3
 -4.9841491145617633E-01 a      1104     1     5     2     4
  4.4297757185717435E-01 a      1105     1     5     2     5
  4.0250884248798896E-01 a      1106     1     5     2     6
 -9.1896197242927483E-02 a      1107     1     5     2     7
  1.7072497279495505E-01 a      1108     1     5     2     8
 -4.8992995627932773E-01 a      1109     1     5     2     9
  2.6118600530817554E-01 a      1110     1     5     2    10
  3.6119297637141018E-01 a      1111     1     5     2    11
  2.0741661798236044E-01 a      1112     1     5     2    12
 -7.3142503695586038E-03 a      1113     1     5     2    13
  1.1743030273860037E-02 a      1114     1     5     2    14
 -6.0372060749972103E-02 a      1115     1     5     2    15
  2.9894834957178928E-01 a      1116     1     5     2    16
 -1.6725225925095275E-01 a      1117     1     5     2    17
 -1.3052841266921472E-01 a      1118     1     5     2    18
 -6.4113930501765143E-02 a      1119     1     5     2    19
  4.3232263447417296E-01 a      1120     1     5     2    20
 -5.6395744584579299E-01 a      1121     1     6     2     1
 -5.1926630736325745E-02 a      1122     1     6     2     2
  2.4962236315060593E-01 a      1123     1     6     2     3
  4.6695824436995736E-01 a      1124     1     6     2     4
  2.0918775986686655E-01 a      1125     1     6     2     5
 -3.3756629976609387E-01 a      1126     1     6     2     6
 -4.9214079282264778E-01 a      1127     1     6     2     7
 -1.0196675106343757E-01 a      1128     1     6     2     8
 -1.8589868017726921E-01 a      1129     1     6     2     9
 -1.9413318920413133E-01 a      1130     1     6     2    10
  7.7510198435090583E-01 a      1131     1     6     2    11
  3.1147542940226774E-01 a      1132     1     6     2    12
 -6.0845769280999651E-01 a      1133     1     6     2    13
  6.2920628257779609E-01 a      1134     1     6     2    14
 -3.0249177092231372E-01 a      1135     1     6     2    15
  6.4416200398782908E-01 a      1136     1     6     2    16
  4.7249257196771122E-01 a      1137     1     6     2    17
  2.5201924438577683E-01 a      1138     1     6     2    18
  5.7352820245932623E-01 a      1139     1     6     2    19
  2.1929697374684193E-01 a      1140     1     6     2    20
 -5.6460784994909774E-01 a      1141     1     7     2     1
 -3.9576076405774846E-01 a      1142     1     7     2     2
 -5.0118614900467851E-01 a      1143     1     7     2     3
  1.3984500061337418E-01 a      1144     1     7     2     4
  4.1221061728350113E-02 a      1145     1     7     2     5
  6.9670339602551723E-01 a      1146     1     7     2     6
 -2.8596225769691608E-01 a      1147     1     7     2     7
  1.3570932316017878E-01 a      1148     1     7     2     8
 -1.2236728243699815E-01 a      1149     1     7     2     9
 -4.8701441198329404E-01 a      1150     1     7     2    10
 -3.9748524314024092E-01 a      1151     1     7     2    11
 -4.7829188996684979E-01 a      1152     1     7     2    12
 -4.0423059856281740E-01 a      1153     1     7     2    13
 -4.3784280293083666E-01 a      1154     1     7     2    14
  2.6213438669108785E-01 a      1155     1     7     2    15
 -4.1863724411512898E-02 a      1156     1     7     2    16
 -2.7171323992947610E-01 a      1157     1     7     2    17
  7.6292502872998061E-02 a      1158     1     7     2    18
  3.8728314394344909E-01 a      1159     1     7     2    19
  7.4615727778552243E-02 a      1160     1     7     2    20
  2.7385882754276936E-01 a      1161     1     8     2     1
  3.7429174893386685E-01 a      1162     1     8     2     2
 -2.2931337674378624E-01 a      1163     1     8     2     3
  2.0614882964672557E-01 a      1164     1     8     2     4
 -6.7555530492973825E-01 a      1165     1     8     2     5
 -6.4212940926577411E-01 a      1166     1     8     2     6
  7.1649812756767173E-01 a      1167     1     8     2     7
 -6.2476745775913840E-02 a      1168     1     8     2     8
 -2.0068027601647026E-01 a      1169     1     8     2     9
  5.3217970531901848E-01 a      1170     1     8     2    10
 -4.8359249854610653E-01 a      1171     1     8     2    11
 -1.0097141240172824E-01 a      1172     1     8     2    12
 -2.3353833854855169E-01 a      1173     1     8     2    13
 -3.1606718021701191E-01 a      1174     1     8     2    14
 -6.6019173805837883E-01 a      1175     1     8     2    15
 -5.5582345340051642E-01 a      1176     1     8     2    16
 -3.1590114705556094E-01 a      1177     1     8     2    17
 -9.0711675433077441E-03 a      1178     1     8     2    18
 -3.8121856428106354E-01 a      1179     1     8     2    19
 -4.5034634674045525E-02 a      1180     1     8     2    20
  2.8877685412134285E-01 a      1181     1     9     2     1
 -2.3315582217178490E-01 a      1182     1     9     2     2
 -1.0788964299528117E-01 a      1183     1     9     2     3
  3.3976297735650496E-01 a      1184     1     9     2     4
  3.8993632728169421E-02 a      1185     1     9     2     5
 -3.4977585374030301E-01 a      1186     1     9     2     6
  5.1334692086865819E-01 a      1187     1     9     2     7
 -1.9413027284672849E-01 a      1188     1     9     2     8
  2.3839721038281986E-01 a      1189     1     9     2     9
 -2.2354353430747197E-03 a      1190     1     9     2    10
 -5.1482847320307001E-01 a      1191     1     9     2    11
  5.9252196304043792E-01 a      1192     1     9     2    12
  5.3118269210873792E-01 a      1193     1     9     2    13
 -9.9689789550874153E-02 a      1194     1     9     2    14
 -4.7516243549778743E-02 a      1195     1     9     2    15
 -1.1014234524544426E-01 a      1196     1     9     2    16
 -2.0078708207037846E-01 a      1197     1     9     2    17
 -1.0368241653172079E-01 a      1198     1     9     2    18
 -5.3193536857002711E-02 a      1199     1     9     2    19
 -4.6703755720251722E-01 a      1200     1     9     2    20
  8.8962339928288736E-01 a      1201     1    10     2     1
  1.8042570313572898E-01 a      1202     1    10     2     2
  3.5325114198077162E-01 a      1203     1    10     2     3
  1.8651468147715253E-01 a      1204     1    10     2     4
 -4.1334849907291443E-01 a      1205     1    10     2     5
  1.5907939476954358E-01 a      1206     1    10     2     6
  5.3043594918423886E-01 a      1207     1    10     2     7
 -1.6733893838161956E-01 a      1208     1    10     2     8
  4.9575202823620640E-01 a      1209     1    10     2     9
 -1.8100364993193999E-01 a      1210     1    10     2    10
 -8.6651700047343974E-02 a      1211     1    10     2    11
 -2.0627292318163248E-02 a      1212     1    10     2    12
  5.1651081828580159E-01 a      1213     1    10     2    13
 -2.6106714195479382E-02 a      1214     1    10     2    14
 -4.9648942464791734E-01 a      1215     1    10     2    15
  4.2716879290149684E-01 a      1216     1    10     2    16
  2.2041915210468938E-01 a      1217     1    10     2    17
 -2.5615504790320820E-02 a      1218     1    10     2    18
 -2.6065179306867575E-01 a      1219     1    10     2    19
 -4.5862491683072015E-01 a      1220     1    10     2    20
  4.7721437711788162E-01 a      1221     1    11     2     1
 -3.8663057374857313E-01 a      1222     1    11     2     2
 -3.7616862404256157E-01 a      1223     1    11     2     3
  7.3804291634720964E-02 a      1224     1    11     2     4
  1.2481274034234983E-02 a      1225     1    11     2     5
  2.3848413731691431E-01 a      1226     1    11     2     6
  2.3104658905994077E-01 a      1227     1    11     2     7
  3.5489201790241060E-03 a      1228     1    11     2     8
 -1.7206928345827227E-01 a      1229     1    11     2     9
  3.2452241803815973E-01 a      1230     1    11     2    10
 -1.4002811343040927E-01 a      1231     1    11     2    11
  4.6563668242294416E-02 a      1232     1    11     2    12
  1.3137054372242490E-01 a      1233     1    11     2    13
 -2.4336115792110515E-03 a      1234     1    11     2    14
  2.7596019564689717E-01 a      1235     1    11     2    15
  7.7647839437280963E-01 a      1236     1    11     2    16
 -4.0607104367983848E-01 a      1237     1    11     2    17
  3.9217050291081884E-01 a      1238     1    11     2    18
  4.1004930048038554E-02 a      1239     1    11     2    19
 -5.2579654426026246E-01 a      1240     1    11     2    20
 -3.1321820805000955E-01 a      1241     1    12     2     1
 -3.2100024188245280E-01 a      1242     1    12     2     2
  3.4032383883948003E-01 a      1243     1    12     2     3
 -3.6249868399297658E-01 a      1244     1    12     2     4
  7.2117655338514317E-02 a      1245     1    12     2     5
 -1.5677809802023096E-01 a      1246     1    12     2     6
 -6.4870229940092831E-03 a      1247     1    12     2     7
 -2.1584807537673772E-01 a      1248     1    12     2     8
  5.9812179724914016E-01 a      1249     1    12     2     9
 -6.5075720801691161E-01 a      1250     1    12     2    10
 -1.3407590579625056E-01 a      1251     1    12     2    11
  4.5163751797126800E-01 a      1252     1    12     2    12
  8.2369102739760044E-02 a      1253     1    12     2    13
 -2.2118522738192342E-01 a      1254     1    12     2    14
 -3.6837962088193388E-01 a      1255     1    12     2    15
 -6.7262386728365584E-02 a      1256     1    12     2    16
 -9.5544096494644595E-03 a      1257     1    12     2    17
 -3.5675895024264498E-01 a      1258     1    12     2    18
  3.0290087894425000E-01 a      1259     1    12     2    19
 -2.7625284621609292E-01 a      1260     1    12     2    20
  2.3973002305292349E-01 a      1261     1    13     2     1
 -7.2890368522493865E-01 a      1262     1    13     2     2
  5.4044842650792080E-01 a      1263     1    13     2     3
 -1.4678573508705331E-01 a      1264     1    13     2     4
  4.6889411392359015E-01 a      1265     1    13     2     5
  1.9016208132740561E-01 a      1266     1    13     2     6
 -2.0635118953877865E-01 a      1267     1    13     2     7
  2.3459277660723404E-02 a      1268     1    13     2     8
  7.0118473541908821E-01 a      1269     1    13     2     9
  1.8277344335375389E-01 a      1270     1    13     2    10
  3.1561700241042639E-01 a      1271     1    13     2    11
  2.4668849699666609E-01 a      1272     1    13     2    12
 -4.0369783587681680E-02 a      1273     1    13     2    13
 -3.7406786279787496E-01 a      1274     1    13     2    14
 -6.3092334061278321E-01 a      1275     1    13     2    15
 -2.5475612107805828E-01 a      1276     1    13     2    16
 -3.5478420680823475E-01 a      1277     1    13     2    17
  4.8787714432449680E-01 a      1278     1    13     2    18
 -5.1866043982747068E-01 a      1279     1    13     2    19
 -6.9918360183345296E-02 a      1280     1    13     2    20
 -2.3619188309648714E-01 a      1281     1    14     2     1
  7.9930367880614264E-02 a      1282     1    14     2     2
  1.6926331599937641E-01 a      1283     1    14     2     3
  1.0928617890114332E-01 a      1284     1    14     2     4
  1.3128049374811374E-01 a      1285     1    14     2     5
 -5.9244546905382590E-02 a      1286     1    14     2     6
  7.4833876344948438E-02 a      1287     1    14     2     7
  7.3162802703412924E-02 a      1288     1    14     2     8
 -2.4333568476056094E-01 a      1289     1    14     2     9
 -1.9901608746841173E-01 a      1290     1    14     2    10
 -3.3706711428526359E-01 a      1291     1    14     2    11
 -2.4807529780955900E-01 a      1292     1    14     2    12
  4.8918751890650203E-01 a      1293     1    14     2    13
  2.3182843072528495E-01 a      1294     1    14     2    14
  1.1135661877457258E-01 a      1295     1    14     2    15
  7.1821840713488283E-01 a      1296     1    14     2    16
  6.4950653712151951E-01 a      1297     1    14     2    17
  6.0233914849182135E-01 a      1298     1    14     2    18
 -5.1336746573222825E-01 a      1299     1    14     2    19
  4.9438970627794832E-01 a      1300     1    14     2    20
 -2.8344165418067591E-01 a      1301     1    15     2     1
 -4.2471996101282167E-01 a      1302     1    15     2     2
  5.1105729890971063E-01 a      1303     1    15     2     3
 -1.7154509348999017E-01 a      1304     1    15     2     4
  3.1910013869695159E-01 a      1305     1    15     2     5
 -3.9411650423821071E-01 a      1306     1    15     2     6
  2.8697184324714503E-01 a      1307     1    15     2     7
 -5.4670273030566086E-01 a      1308     1    15     2     8
  6.7077553706643589E-02 a      1309     1    15     2     9
 -4.5722613690579317E-01 a      1310     1    15     2    10
 -6.0657053737632205E-01 a      1311     1    15     2    11
 -3.9686919303108004E-01 a      1312     1    15     2    12
  3.8226569196919924E-01 a      1313     1    15     2    13
  1.5497652287167807E-01 a      1314     1    15     2    14
 -1.5100759944138883E-01 a      1315     1    15     2    15
  3.5797124988488643E-01 a      1316     1    15     2    16
  4.6726487430793323E-01 a      1317     1    15     2    17
  4.9983124730179079E-01 a      1318     1    15     2    18
 -5.1902322948782365E-01 a      1319     1    15     2    19
 -3.9839526678181275E-01 a      1320     1    15     2    20
  2.1297124004982759E-01 a      1321     1    16     2     1
 -6.0582821606856485E-01 a      1322     1    16     2     2
 -2.8324039537012141E-01 a      1323     1    16     2     3
 -4.4625492819893964E-01 a      1324     1    16     2     4
  5.0507136158637327E-02 a      1325     1    16     2     5
  3.7099649716411925E-01 a      1326     1    16     2     6
  5.6754323613807844E-01 a      1327     1    16     2     7
 -5.5402986641317131E-01 a      1328     1    16     2     8
 -4.1548344056468706E-02 a      1329     1    16     2     9
 -7.2219847474266130E-01 a      1330     1    16     2    10
  3.8814320906312838E-01 a      1331     1    16     2    11
 -3.0270510524839489E-01 a      1332     1    16     2    12
  3.4926667924912380E-01 a      1333     1    16     2    13
  1.9894855627511829E-01 a      1334     1    16     2    14
 -4.7705102259436866E-01 a      1335     1    16     2    15
 -5.0123913818904908E-01 a      1336     1    16     2    16
  2.9355374821689945E-01 a      1337     1    16     2    17
 -5.9162070888504281E-01 a      1338     1    16     2    18
 -3.9484101176013231E-01 a      1339     1    16     2    19
 -4.2253799269396958E-01 a      1340     1    16     2    20
 -2.2802653880051293E-01 a      1341     1    17     2     1
 -1.4128447547600465E-01 a      1342     1    17     2     2
  3.1116301622102488E-01 a      1343     1    17     2     3
 -1.3452265601890301E-01 a      1344     1    17     2     4
 -6.2566231325208976E-01 a      1345     1    17     2     5
 -6.1824865259917672E-01 a      1346     1    17     2     6
 -5.4468676036308850E-01 a      1347     1    17     2     7
  2.6506294089791077E-02 a      1348     1    17     2     8
 -4.3378419618911512E-01 a      1349     1    17     2     9
 -4.3290641101271549E-01 a      1350     1    17     2    10
 -5.4932203400937052E-01 a      1351     1    17     2    11
 -4.3633238354674114E-01 a      1352     1    17     2    12
  1.7048017850182939E-01 a      1353     1    17     2    13
  4.8301764096533029E-01 a      1354     1    17     2    14
 -3.8070003051478707E-01 a      1355     1    17     2    15
  1.2356143155511697E-01 a      1356     1    17     2    16
 -1.5522455302897548E-01 a      1357     1    17     2    17
 -7.4912443287142028E-02 a      1358     1    17     2    18
 -1.5692145335050020E-01 a      1359     1    17     2    19
  5.6395758145378794E-01 a      1360     1    17     2    20
 -1.0037069393209129E-01 a      1361     1    18     2     1
 -2.9972983137116221E-01 a      1362     1    18     2     2
  3.5962775455542084E-01 a      1363     1    18     2     3
 -8.7741433556934034E-02 a      1364     1    18     2     4
  6.2282151739196789E-01 a      1365     1    18     2     5
  5.4359151012277818E-01 a      1366     1    18     2     6
 -4.8100868591490215E-01 a      1367     1    18     2     7
 -5.3015694680382719E-01 a      1368     1    18     2     8
  2.3298141702065653E-01 a      1369     1    18     2     9
 -4.7737985569330477E-01 a      1370     1    18     2    10
 -1.6103536786906753E-02 a      1371     1    18     2    11
  2.9344575159914171E-01 a      1372     1    18     2    12
 -2.4173352466500364E-01 a      1373     1    18     2    13
  6.6907303038706165E-02 a      1374     1    18     2    14
 -2.6709952770472556E-01 a      1375     1    18     2    15
 -1.0485217169003717E-01 a      1376     1    18     2    16
  6.0021915044562946E-01 a      1377     1    18     2    17
 -2.8829976673599111E-01 a      1378     1    18     2    18
 -4.0995053677950943E-01 a      1379     1    18     2    19
 -2.5269106397646390E-01 a      1380     1    18     2    20
 -2.9985258379935532E-02 a      1381     1    19     2     1
 -4.2103461093674560E-01 a      1382     1    19     2     2
  3.3171719542614164E-01 a      1383     1    19     2     3
 -4.3548179735384601E-01 a      1384     1    19     2     4
 -6.6248355600249753E-01 a      1385     1    19     2     5
 -3.2729905821873678E-01 a      1386     1    19     2     6
 -4.0115595302992607E-01 a      1387     1    19     2     7
  2.4508425956501512E-01 a      1388     1    19     2     8
 -1.8093612227740655E-01 a      1389     1    19     2     9
 -1.2881502777524903E-01 a      1390     1    19     2    10
  1.0052033415747470E+00 a      1391     1    19     2    11
  1.5342780715682855E-01 a      1392     1    19     2    12
  6.8881380005270465E-01 a      1393     1    19     2    13
 -3.4004544844085882E-01 a      1394     1    19     2    14
  4.3179952681613909E-01 a      1395     1    19     2    15
  9.0052072934000596E-02 a      1396     1    19     2    16
  3.5370106903306370E-01 a      1397     1    19     2    17
  2.9146850481274406E-01 a      1398     1    19     2    18
  4.4959482443673282E-01 a      1399     1    19     2    19
  4.7657263284693890E-01 a      1400     1    19     2    20
  3.1183993132505422E-01 a      1401     1    20     2     1
 -3.9794185276217842E-01 a      1402     1    20     2     2
 -1.0880567300842699E-01 a      1403     1    20     2     3
  1.6866669218293864E-01 a      1404     1    20     2     4
  5.0104913252377947E-01 a      1405     1    20     2     5
 -2.8547886790919702E-01 a      1406     1    20     2     6
 -3.2560938696178110E-01 a      1407     1    20     2     7
 -6.2365172179898709E-01 a      1408     1    20     2     8
  3.8104747839703135E-01 a      1409     1    20     2     9
 -1.3362424654859706E-01 a      1410     1    20     2    10
 -8.1390207539379655E-01 a      1411     1    20     2    11
 -6.1149354944100143E-01 a      1412     1    20     2    12
 -6.8594516068673994E-01 a      1413     1    20     2    13
  5.6784961548905732E-01 a      1414     1    20     2    14
 -4.0151641603642757E-01 a      1415     1    20     2    15
  5.7277050984332045E-01 a      1416     1    20     2    16
  9.0408463005054529E-01 a      1417     1    20     2    17
 -4.6209159250110383E-02 a      1418     1    20     2    18
 -8.0312726656316757E-01 a      1419     1    20     2    19
  4.8855434100519307E-01 a      1420     1    20     2    20
  1.0112083277661927E+00 b      1421     2     1
 -5.7904476967244156E-01 b      1422     2     2
  1.3322197561617211E+00 b      1423     2     3
 -4.8756482311866495E-01 b      1424     2     4
 -1.0440431944810749E+00 b      1425     2     5
 -1.0489434280864964E+00 b      1426     2     6
  2.5076534373199694E-01 b      1427     2     7
  7.6777072358000487E-01 b      1428     2     8
 -9.0124315714702807E-01 b      1429     2     9
 -8.3422831380866269E-01 b      1430     2    10
  1.2981792427830974E+00 b      1431     2    11
 -1.0038801677325067E+00 b      1432     2    12
  6.6216550092472537E-01 b      1433     2    13
 -1.3049961159256955E+00 b      1434     2    14
  1.1189446035207966E+00 b      1435     2    15
  5.1142729266821529E-01 b      1436     2    16
 -1.3552924385923060E+00 b      1437     2    17
 -1.3604009270925259E+00 b      1438     2    18
  5.1154011351383089E-01 b      1439     2    19
 -8.4810356944407050E-01 b      1440     2    20
  8.0919587269943485E-02 a      1441     2     1     3     1
  1.4501279875286396E-01 a      1442     2     2     3     1
  3.1338151199352499E-01 a      1443     2     3     3     1
  3.7470479657483835E-01 a      1444     2     4     3     1
  1.9102617188102342E-01 a      1445     2     5     3     1
  1.7642326030584179E-01 a      1446     2     6     3     1
  3.2981677907720536E-01 a      1447     2     7     3     1
 -8.6596504489505977E-01 a      1448     2     8     3     1
  1.3160311205545348E+00 a      1449     2     9     3     1
  1.2851607099991300E+00 a      1450     2    10     3     1
  1.1046084779781025E+00 a      1451     2    11     3     1
  3.9325762467136080E-02 a      1452     2    12     3     1
 -5.5897826939498012E-02 a      1453     2    13     3     1
 -5.5750685988999493E-01 a      1454     2    14     3     1
 -6.2562708558522931E-02 a      1455     2    15     3     1
  6.2036090077391699E-02 a      1456     2    16     3     1
 -3.8770433733926712E-01 a      1457     2    17     3     1
  1.1168811647922068E+00 a      1458     2    18     3     1
  1.0932300339240495E+00 a      1459     2    19     3     1
  5.2406033127785567E-01 a      1460     2    20     3     1
 -8.9968337564260292E-01 b      1461     3     1
