################################################################################
# Neural network connection values (weights and biases).
################################################################################
# Col  Name       Description
################################################################################
# 1    connection Neural network connection value.
# 2    t          Connection type (a = weight, b = bias).
# 3    index      Index enumerating weights.
# 4    l_s        Starting point layer (end point layer for biases).
# 5    n_s        Starting point neuron in starting layer (end point neuron for biases).
# 6    l_e        End point layer.
# 7    n_e        End point neuron in end layer.
################################################################################
#                      1 2         3     4     5     6     7
#             connection t     index   l_s   n_s   l_e   n_e
############################################################
  4.2750529012653449E-01 a         1     0     1     1     1
 -1.8847117861637122E-01 a         2     0     1     1     2
  2.9765866101355642E-01 a         3     0     1     1     3
 -1.1638550355882835E-01 a         4     0     1     1     4
 -2.7115228028149879E-01 a         5     0     1     1     5
  2.1118290070303355E-01 a         6     0     1     1     6
 -4.2722563309058831E-01 a         7     0     1     1     7
  3.7453383043851229E-01 a         8     0     1     1     8
 -4.5497348802232701E-01 a         9     0     1     1     9
 -3.5065549902139992E-01 a        10     0     1     1    10
  3.6900104595585514E-01 a        11     0     1     1    11
 -2.9445371077759841E-01 a        12     0     1     1    12
 -4.0641615540355142E-01 a        13     0     1     1    13
  1.5297388653221536E-02 a        14     0     1     1    14
  3.7228392350500267E-01 a        15     0     1     1    15
  1.3401774490350227E-01 a        16     0     1     1    16
 -3.3767543696758984E-01 a        17     0     1     1    17
  2.2251344762944963E-01 a        18     0     1     1    18
  5.4015862246128123E-02 a        19     0     1     1    19
 -5.7639888079063373E-01 a        20     0     1     1    20
 -1.5309446296126759E-02 a        21     0     2     1     1
 -2.9749200495913366E-02 a        22     0     2     1     2
 -1.2341055206500801E-01 a        23     0     2     1     3
  3.5400377451554416E-01 a        24     0     2     1     4
  2.7009228012909214E-01 a        25     0     2     1     5
 -1.9262263396303975E-01 a        26     0     2     1     6
  1.0088000666613320E-01 a        27     0     2     1     7
 -3.7807021937951685E-01 a        28     0     2     1     8
 -4.3614510771827236E-01 a        29     0     2     1     9
  3.8331416343545444E-01 a        30     0     2     1    10
  1.4368512579128181E-01 a        31     0     2     1    11
  3.3034665473444243E-03 a        32     0     2     1    12
  4.2594606976738558E-01 a        33     0     2     1    13
 -2.2718450987576516E-01 a        34     0     2     1    14
  3.0275168300426875E-01 a        35     0     2     1    15
 -1.2507866227486975E-01 a        36     0     2     1    16
  1.6848901876791539E-01 a        37     0     2     1    17
 -2.9573675669000293E-01 a        38     0     2     1    18
 -3.2047134926401333E-01 a        39     0     2     1    19
 -5.4937328059306963E-02 a        40     0     2     1    20
 -1.2487943234660438E-01 a        41     0     3     1     1
 -3.3373309077152385E-01 a        42     0     3     1     2
  1.7299834498261177E-01 a        43     0     3     1     3
  2.7595333020886063E-02 a        44     0     3     1     4
  2.4860728425249237E-01 a        45     0     3     1     5
  9.5217137616592951E-02 a        46     0     3     1     6
  2.9216523964345892E-01 a        47     0     3     1     7
 -7.6469748435013307E-02 a        48     0     3     1     8
  3.7452239201712845E-01 a        49     0     3     1     9
  3.5758874082079373E-01 a        50     0     3     1    10
 -2.0585010219145541E-01 a        51     0     3     1    11
  4.2576394358216946E-02 a        52     0     3     1    12
 -1.6056908481004833E-01 a        53     0     3     1    13
 -4.1577181553864528E-01 a        54     0     3     1    14
  2.7464143346886589E-02 a        55     0     3     1    15
 -2.9892530909497655E-01 a        56     0     3     1    16
 -3.8406022634064668E-01 a        57     0     3     1    17
 -3.4745765630852871E-01 a        58     0     3     1    18
  3.3514977391750483E-01 a        59     0     3     1    19
  1.7720068428608055E-01 a        60     0     3     1    20
 -1.9878962848188667E-01 a        61     0     4     1     1
  2.3330269434612888E-01 a        62     0     4     1     2
 -2.9266306339425729E-01 a        63     0     4     1     3
 -4.1647437818357874E-01 a        64     0     4     1     4
  4.1372179420625838E-01 a        65     0     4     1     5
 -8.5298553700361171E-02 a        66     0     4     1     6
 -5.9381413100129801E-02 a        67     0     4     1     7
 -1.0823166319158822E-01 a        68     0     4     1     8
 -1.6588776284549338E-02 a        69     0     4     1     9
  6.2266802110866180E-02 a        70     0     4     1    10
 -1.8159978865337897E-01 a        71     0     4     1    11
 -2.1330238963208153E-01 a        72     0     4     1    12
  2.4338488447835172E-01 a        73     0     4     1    13
 -1.9119913854592382E-01 a        74     0     4     1    14
 -2.6676010089474117E-01 a        75     0     4     1    15
 -8.9857762748307521E-02 a        76     0     4     1    16
 -3.2819253185955399E-01 a        77     0     4     1    17
  1.5289284422674088E-01 a        78     0     4     1    18
 -1.8006366146716868E-01 a        79     0     4     1    19
  1.5396165839015846E-01 a        80     0     4     1    20
 -1.2667931508827526E-01 a        81     0     5     1     1
 -1.7562500584568728E-02 a        82     0     5     1     2
  2.0633746834431591E-01 a        83     0     5     1     3
  2.4678212487732516E-02 a        84     0     5     1     4
  1.4361995334943620E-01 a        85     0     5     1     5
  7.3173587920684503E-03 a        86     0     5     1     6
 -1.9932077177841848E-01 a        87     0     5     1     7
 -1.6076355905704795E-01 a        88     0     5     1     8
 -7.3872583041379891E-02 a        89     0     5     1     9
  3.7068027833279776E-01 a        90     0     5     1    10
  1.0262013505234698E-01 a        91     0     5     1    11
 -2.0068693093598861E-01 a        92     0     5     1    12
 -2.3845720056146397E-02 a        93     0     5     1    13
 -2.2912058253059606E-01 a        94     0     5     1    14
  2.3091959434505732E-02 a        95     0     5     1    15
  1.4582734611681492E-01 a        96     0     5     1    16
  3.3091813255024038E-01 a        97     0     5     1    17
  4.2268233361182050E-01 a        98     0     5     1    18
  1.0694744007493782E-01 a        99     0     5     1    19
 -3.1168766501988476E-01 a       100     0     5     1    20
  1.2614539410009890E-01 a       101     0     6     1     1
  3.8013387983026647E-01 a       102     0     6     1     2
 -1.3543231366102393E-01 a       103     0     6     1     3
  5.0920518303401774E-01 a       104     0     6     1     4
 -1.9137782477395099E-01 a       105     0     6     1     5
  3.7945031706584725E-01 a       106     0     6     1     6
 -1.1033898612791630E-01 a       107     0     6     1     7
  4.1881630533240372E-01 a       108     0     6     1     8
 -1.1669790871125424E-01 a       109     0     6     1     9
 -3.9909240591624667E-01 a       110     0     6     1    10
 -3.7353017288885010E-01 a       111     0     6     1    11
  4.5980001405208450E-02 a       112     0     6     1    12
 -3.7399554160088427E-01 a       113     0     6     1    13
  2.8372179750754412E-01 a       114     0     6     1    14
  9.7956401939934226E-02 a       115     0     6     1    15
  1.0509084155156266E-01 a       116     0     6     1    16
  7.4340706239108448E-02 a       117     0     6     1    17
  3.0397583113920706E-01 a       118     0     6     1    18
 -3.1915378502145159E-01 a       119     0     6     1    19
  3.6011407469414503E-01 a       120     0     6     1    20
  2.3273620907406048E-01 a       121     0     7     1     1
  1.3660146797732450E-01 a       122     0     7     1     2
 -4.0119658583814355E-03 a       123     0     7     1     3
 -2.0931939505933597E-01 a       124     0     7     1     4
  2.1075262460701377E-01 a       125     0     7     1     5
  3.7212411293673753E-01 a       126     0     7     1     6
  1.6793694293028985E-01 a       127     0     7     1     7
 -2.9342587902214029E-01 a       128     0     7     1     8
  7.3093236317044410E-02 a       129     0     7     1     9
  2.5258877024050763E-01 a       130     0     7     1    10
  7.4131735667723547E-02 a       131     0     7     1    11
 -1.9732054672820060E-01 a       132     0     7     1    12
 -2.2521286269755486E-01 a       133     0     7     1    13
 -3.6411190019997519E-01 a       134     0     7     1    14
  2.8973936988156967E-01 a       135     0     7     1    15
  1.9708044845202949E-01 a       136     0     7     1    16
  6.3078997552461991E-02 a       137     0     7     1    17
 -2.1062912749841907E-02 a       138     0     7     1    18
 -2.2081208844915545E-01 a       139     0     7     1    19
 -8.3553428563838406E-02 a       140     0     7     1    20
  1.7426885221006158E-01 a       141     0     8     1     1
 -8.0146251321330603E-02 a       142     0     8     1     2
  1.7095475005321512E-01 a       143     0     8     1     3
 -3.0253887587639933E-01 a       144     0     8     1     4
 -1.5792834353842744E-01 a       145     0     8     1     5
  3.9254617908532519E-01 a       146     0     8     1     6
  2.8752458370498607E-01 a       147     0     8     1     7
  2.8414113014822606E-01 a       148     0     8     1     8
 -3.5991605661575909E-01 a       149     0     8     1     9
  4.1957986610116688E-01 a       150     0     8     1    10
 -4.2927631266079375E-01 a       151     0     8     1    11
 -2.3218973070840052E-01 a       152     0     8     1    12
 -1.4657998513938733E-01 a       153     0     8     1    13
  6.9356467803650845E-02 a       154     0     8     1    14
 -1.5143727671409768E-01 a       155     0     8     1    15
 -2.6399872138323910E-01 a       156     0     8     1    16
 -3.3452529596006242E-01 a       157     0     8     1    17
 -2.1887977956426241E-01 a       158     0     8     1    18
  9.5374445436107610E-02 a       159     0     8     1    19
  6.1022174317953294E-02 a       160     0     8     1    20
  3.6044759569829173E-02 a       161     0     9     1     1
 -2.1544892948254607E-01 a       162     0     9     1     2
 -2.6817723688461365E-01 a       163     0     9     1     3
 -9.4553026260121145E-02 a       164     0     9     1     4
  1.1973694529883751E-01 a       165     0     9     1     5
  1.5521485037152974E-01 a       166     0     9     1     6
 -9.1833393292735946E-02 a       167     0     9     1     7
 -3.9301089483540502E-01 a       168     0     9     1     8
 -2.1143204625245079E-01 a       169     0     9     1     9
  1.4265057139886342E-01 a       170     0     9     1    10
 -3.9933099946362439E-02 a       171     0     9     1    11
  1.3732480809000022E-02 a       172     0     9     1    12
  3.4439900526061257E-01 a       173     0     9     1    13
 -3.1353428332889671E-01 a       174     0     9     1    14
 -1.4952578539005412E-01 a       175     0     9     1    15
  1.3901192984315622E-01 a       176     0     9     1    16
 -6.2218042485804544E-02 a       177     0     9     1    17
  1.0147326363780212E-01 a       178     0     9     1    18
  2.4610648582091238E-01 a       179     0     9     1    19
  1.3313496316344750E-01 a       180     0     9     1    20
 -4.1425960869768608E-01 a       181     0    10     1     1
 -1.4927523522304723E-01 a       182     0    10     1     2
  2.7674463172578190E-01 a       183     0    10     1     3
  3.4681555268806663E-01 a       184     0    10     1     4
  4.6157369736011790E-02 a       185     0    10     1     5
 -1.8809769095845622E-01 a       186     0    10     1     6
 -2.5650984050382164E-01 a       187     0    10     1     7
  2.8278279493926156E-01 a       188     0    10     1     8
  1.4116348514179161E-01 a       189     0    10     1     9
 -1.9213977751631629E-02 a       190     0    10     1    10
 -2.1425293655173969E-01 a       191     0    10     1    11
  1.3413631247201718E-01 a       192     0    10     1    12
 -1.6513019511393420E-01 a       193     0    10     1    13
 -2.2010749286063733E-01 a       194     0    10     1    14
 -3.3665126387950495E-01 a       195     0    10     1    15
  4.6675247835155020E-01 a       196     0    10     1    16
 -4.4331608890543195E-01 a       197     0    10     1    17
 -3.5919266328194803E-02 a       198     0    10     1    18
  2.2394564739937101E-01 a       199     0    10     1    19
  1.9429664358765747E-01 a       200     0    10     1    20
  7.8588649568674951E-02 a       201     0    11     1     1
 -1.9758478661038492E-01 a       202     0    11     1     2
  2.9574102047682287E-02 a       203     0    11     1     3
 -3.2778288705380326E-02 a       204     0    11     1     4
 -1.3137003829317156E-01 a       205     0    11     1     5
 -4.2157231585804408E-02 a       206     0    11     1     6
 -4.0272635475270858E-02 a       207     0    11     1     7
  3.3316081855883856E-01 a       208     0    11     1     8
  3.5152297628014295E-01 a       209     0    11     1     9
  1.0434376039348181E-01 a       210     0    11     1    10
  4.1262258548399666E-01 a       211     0    11     1    11
 -3.0998676334404740E-01 a       212     0    11     1    12
  9.6144661752709405E-03 a       213     0    11     1    13
  1.0343443924955731E-02 a       214     0    11     1    14
 -1.1761197283710997E-02 a       215     0    11     1    15
  1.2226063651475563E-01 a       216     0    11     1    16
 -1.3285145738553467E-01 a       217     0    11     1    17
 -2.9414206028617573E-01 a       218     0    11     1    18
 -1.4046630305025670E-01 a       219     0    11     1    19
 -3.4195463927665215E-01 a       220     0    11     1    20
 -3.8514801632008433E-02 a       221     0    12     1     1
  8.2145412159255318E-02 a       222     0    12     1     2
  3.2664882949741086E-01 a       223     0    12     1     3
  1.3296880955755669E-01 a       224     0    12     1     4
 -5.3759461764061926E-02 a       225     0    12     1     5
  1.3327521379389989E-01 a       226     0    12     1     6
  6.0139312689497043E-02 a       227     0    12     1     7
 -2.6190539118096556E-01 a       228     0    12     1     8
  4.2007077391141168E-03 a       229     0    12     1     9
  1.2074611983675568E-01 a       230     0    12     1    10
 -4.5092266221020527E-01 a       231     0    12     1    11
 -6.9874386999077526E-02 a       232     0    12     1    12
 -3.5917679172084488E-01 a       233     0    12     1    13
  1.6361820327999568E-01 a       234     0    12     1    14
  2.1651118579092068E-01 a       235     0    12     1    15
 -1.4699904212027551E-01 a       236     0    12     1    16
  3.5892529261027456E-02 a       237     0    12     1    17
  1.1989993663172130E-01 a       238     0    12     1    18
 -6.4697286460537240E-02 a       239     0    12     1    19
  2.6173842061610164E-01 a       240     0    12     1    20
  1.4008042385572522E-01 a       241     0    13     1     1
  1.2159678799644111E-01 a       242     0    13     1     2
 -2.3895819634346277E-01 a       243     0    13     1     3
  2.7813772625444658E-02 a       244     0    13     1     4
  2.0884918963653018E-01 a       245     0    13     1     5
  7.1138601658685782E-02 a       246     0    13     1     6
  2.2342931235017302E-01 a       247     0    13     1     7
 -6.6208390184964702E-02 a       248     0    13     1     8
 -1.1039075740969745E-01 a       249     0    13     1     9
  2.6776024693426226E-01 a       250     0    13     1    10
  1.4644405120733320E-01 a       251     0    13     1    11
  1.0637553007313087E-01 a       252     0    13     1    12
  6.8727394695956484E-02 a       253     0    13     1    13
  1.2385297749123260E-01 a       254     0    13     1    14
 -1.4189527061874330E-01 a       255     0    13     1    15
  7.3493900089209252E-02 a       256     0    13     1    16
  2.7856301587854976E-01 a       257     0    13     1    17
  1.0656169418459698E-01 a       258     0    13     1    18
  1.2290795882476951E-01 a       259     0    13     1    19
 -2.0849884741641797E-01 a       260     0    13     1    20
  1.7109167093534722E-01 a       261     0    14     1     1
  3.8077319616503003E-01 a       262     0    14     1     2
  1.4906584794212885E-01 a       263     0    14     1     3
  1.2880860206921538E-01 a       264     0    14     1     4
 -1.1571608788696199E-01 a       265     0    14     1     5
 -5.6798390491015843E-02 a       266     0    14     1     6
 -2.6907824165907474E-01 a       267     0    14     1     7
  8.2451444349064453E-03 a       268     0    14     1     8
  2.7438502227257899E-01 a       269     0    14     1     9
 -1.8308401622971221E-01 a       270     0    14     1    10
 -4.5846364513244586E-01 a       271     0    14     1    11
  1.9247945820341017E-01 a       272     0    14     1    12
  2.2386566185839332E-01 a       273     0    14     1    13
  8.1547550598186330E-02 a       274     0    14     1    14
 -1.9183448080126705E-01 a       275     0    14     1    15
 -2.3138801396510525E-01 a       276     0    14     1    16
  2.9961469318224959E-01 a       277     0    14     1    17
  1.8366143655085926E-01 a       278     0    14     1    18
 -3.4628826416370950E-01 a       279     0    14     1    19
  2.4760511341486105E-01 a       280     0    14     1    20
 -3.3433803087155178E-01 a       281     0    15     1     1
 -2.4011944959054191E-01 a       282     0    15     1     2
 -8.3292726340089301E-02 a       283     0    15     1     3
 -2.9039633095466105E-01 a       284     0    15     1     4
  1.4673813658519336E-01 a       285     0    15     1     5
  9.7411376159190682E-02 a       286     0    15     1     6
  1.6993519656319026E-01 a       287     0    15     1     7
  1.4842813506225848E-02 a       288     0    15     1     8
 -2.3777362836909643E-01 a       289     0    15     1     9
  2.9079603103813551E-01 a       290     0    15     1    10
  3.5124885352679602E-01 a       291     0    15     1    11
  6.7899211714302063E-02 a       292     0    15     1    12
  1.8782116776722971E-01 a       293     0    15     1    13
 -1.3697197891495389E-02 a       294     0    15     1    14
  6.4289633470753019E-02 a       295     0    15     1    15
  2.5447312125372873E-01 a       296     0    15     1    16
  2.3385561315440010E-02 a       297     0    15     1    17
 -3.2502313666629423E-01 a       298     0    15     1    18
 -1.0604150978126772E-01 a       299     0    15     1    19
  4.3074501980976739E-04 a       300     0    15     1    20
 -3.4482169917561473E-01 a       301     0    16     1     1
 -2.5503433814442722E-01 a       302     0    16     1     2
  8.5059786310163199E-02 a       303     0    16     1     3
 -1.9224766561366644E-01 a       304     0    16     1     4
  1.9516776637120167E-01 a       305     0    16     1     5
 -2.5258371729990170E-01 a       306     0    16     1     6
  2.9028867496671051E-01 a       307     0    16     1     7
 -2.8548763128892873E-01 a       308     0    16     1     8
  2.3733938677338834E-01 a       309     0    16     1     9
 -1.9114961093912600E-01 a       310     0    16     1    10
  2.1044595404677369E-01 a       311     0    16     1    11
  1.6836028421800792E-01 a       312     0    16     1    12
 -1.9179827388248100E-01 a       313     0    16     1    13
  1.3136131667363299E-01 a       314     0    16     1    14
  3.0168966817103360E-01 a       315     0    16     1    15
 -4.3448790611356419E-01 a       316     0    16     1    16
 -1.7081390741441937E-01 a       317     0    16     1    17
  1.1319594518401828E-01 a       318     0    16     1    18
  1.8020519097879847E-01 a       319     0    16     1    19
  9.4266051370661491E-02 a       320     0    16     1    20
  8.3752401668511653E-02 a       321     0    17     1     1
  3.0264639142232030E-01 a       322     0    17     1     2
 -2.1296084325640763E-01 a       323     0    17     1     3
 -3.1281842384435661E-02 a       324     0    17     1     4
  2.0342843345340775E-01 a       325     0    17     1     5
 -1.7663305175577651E-01 a       326     0    17     1     6
  1.8622463363578087E-02 a       327     0    17     1     7
 -1.2878781190603242E-01 a       328     0    17     1     8
  3.2729531727703892E-01 a       329     0    17     1     9
 -2.9474587258318435E-01 a       330     0    17     1    10
 -1.4426580330106095E-01 a       331     0    17     1    11
 -1.6403020850392933E-01 a       332     0    17     1    12
 -1.2291739291983798E-01 a       333     0    17     1    13
 -3.2464948843901165E-01 a       334     0    17     1    14
 -4.4392555046738558E-02 a       335     0    17     1    15
 -2.0066672667919533E-01 a       336     0    17     1    16
 -1.9780106050244606E-01 a       337     0    17     1    17
 -3.0453446549249330E-01 a       338     0    17     1    18
  6.1902692135273635E-02 a       339     0    17     1    19
  1.8063350973528330E-01 a       340     0    17     1    20
  2.4874692561294148E-01 a       341     0    18     1     1
  3.2224451412081889E-01 a       342     0    18     1     2
 -1.6728953938455998E-01 a       343     0    18     1     3
  1.0674606839855411E-01 a       344     0    18     1     4
 -6.5544364482148102E-03 a       345     0    18     1     5
 -2.9658797727642061E-01 a       346     0    18     1     6
 -4.3914536199439087E-02 a       347     0    18     1     7
 -6.0339118066334956E-03 a       348     0    18     1     8
 -1.9286644673506534E-01 a       349     0    18     1     9
 -5.3434025993489863E-02 a       350     0    18     1    10
  2.5097213226792919E-01 a       351     0    18     1    11
 -1.1411945607401237E-01 a       352     0    18     1    12
  5.0547453116524581E-02 a       353     0    18     1    13
  9.9341695817428230E-02 a       354     0    18     1    14
 -2.0741347555712566E-01 a       355     0    18     1    15
  2.0603084627503504E-01 a       356     0    18     1    16
  2.5511073281284796E-01 a       357     0    18     1    17
  2.6097882593395644E-01 a       358     0    18     1    18
 -3.0722270339765795E-01 a       359     0    18     1    19
  2.0257492255700499E-01 a       360     0    18     1    20
  1.4702694955301687E-01 a       361     0    19     1     1
 -3.9067688706623090E-02 a       362     0    19     1     2
 -1.9904823580707491E-02 a       363     0    19     1     3
  5.3049975531272345E-02 a       364     0    19     1     4
  1.1247767043840641E-01 a       365     0    19     1     5
 -9.1650989032774390E-03 a       366     0    19     1     6
 -1.2572212744129660E-01 a       367     0    19     1     7
 -9.4782937283612978E-02 a       368     0    19     1     8
  4.1999914553793261E-01 a       369     0    19     1     9
 -6.0336162676618314E-03 a       370     0    19     1    10
 -6.0875207111510066E-02 a       371     0    19     1    11
 -7.0059094333174185E-02 a       372     0    19     1    12
 -3.6687937557154097E-02 a       373     0    19     1    13
  3.0147094101922352E-02 a       374     0    19     1    14
  1.0941128736979422E-01 a       375     0    19     1    15
 -3.6684559250573756E-01 a       376     0    19     1    16
 -3.5618173462809971E-01 a       377     0    19     1    17
 -3.8050344352986548E-01 a       378     0    19     1    18
 -1.8948993419016538E-01 a       379     0    19     1    19
  4.0922190424843623E-02 a       380     0    19     1    20
  9.7819834400953834E-02 a       381     0    20     1     1
 -2.0140624679668484E-01 a       382     0    20     1     2
  4.8428457764277782E-01 a       383     0    20     1     3
  3.3323354497734009E-01 a       384     0    20     1     4
  7.5661901340371471E-02 a       385     0    20     1     5
 -1.7323896993044757E-01 a       386     0    20     1     6
 -1.0683462360072492E-01 a       387     0    20     1     7
 -1.0042626963392484E-01 a       388     0    20     1     8
 -5.9432982257823189E-02 a       389     0    20     1     9
  2.5155165374697563E-01 a       390     0    20     1    10
 -4.2375407433019169E-01 a       391     0    20     1    11
  2.5855398710019051E-01 a       392     0    20     1    12
  1.1434580053220775E-01 a       393     0    20     1    13
 -1.2884819370013703E-01 a       394     0    20     1    14
  1.1892079057346287E-01 a       395     0    20     1    15
  1.1460462929389489E-01 a       396     0    20     1    16
  1.5568699786494217E-01 a       397     0    20     1    17
  5.1098865001123504E-02 a       398     0    20     1    18
 -7.2808916732717194E-02 a       399     0    20     1    19
 -2.3633244064533959E-01 a       400     0    20     1    20
 -4.2009635345972168E-01 a       401     0    21     1     1
 -5.4940166287273717E-01 a       402     0    21     1     2
  2.7818391474506621E-01 a       403     0    21     1     3
  2.5254991542351130E-01 a       404     0    21     1     4
  1.2804916849314352E-01 a       405     0    21     1     5
 -8.2748701515959242E-02 a       406     0    21     1     6
  4.8410909319336282E-01 a       407     0    21     1     7
 -1.8304360856581026E-01 a       408     0    21     1     8
 -1.6770816556190302E-01 a       409     0    21     1     9
  1.2854202837663217E-01 a       410     0    21     1    10
 -6.5214303016728190E-02 a       411     0    21     1    11
  5.4483946809605088E-01 a       412     0    21     1    12
  1.0733754358252244E-01 a       413     0    21     1    13
  4.1419610813144653E-01 a       414     0    21     1    14
 -1.8125080327692125E-02 a       415     0    21     1    15
 -4.7529658988165524E-02 a       416     0    21     1    16
  1.6111632175567467E-01 a       417     0    21     1    17
 -3.7418065343507012E-01 a       418     0    21     1    18
  4.1532710723277788E-01 a       419     0    21     1    19
 -3.2073837184647330E-01 a       420     0    21     1    20
 -1.8158144074975960E-01 a       421     0    22     1     1
  2.5282800196373689E-01 a       422     0    22     1     2
 -1.2151593066375466E-01 a       423     0    22     1     3
 -4.6185417353286745E-01 a       424     0    22     1     4
  3.8048312387754574E-01 a       425     0    22     1     5
 -1.0639060305785356E-01 a       426     0    22     1     6
 -3.0336796633257784E-01 a       427     0    22     1     7
 -1.7257065781845810E-01 a       428     0    22     1     8
  3.5245301012037746E-02 a       429     0    22     1     9
 -1.8422933232586974E-01 a       430     0    22     1    10
  5.0626929825565098E-03 a       431     0    22     1    11
 -3.2265916897384589E-01 a       432     0    22     1    12
 -1.0423148341328847E-01 a       433     0    22     1    13
 -3.1478570371915704E-01 a       434     0    22     1    14
  1.7423269998591032E-01 a       435     0    22     1    15
  2.9071664825611876E-01 a       436     0    22     1    16
 -8.0288369269434889E-02 a       437     0    22     1    17
  4.6868184233748300E-01 a       438     0    22     1    18
  1.2982613713049310E-01 a       439     0    22     1    19
  1.4643478972061480E-01 a       440     0    22     1    20
  4.1861550316754437E-01 a       441     0    23     1     1
  1.6695614554444613E-01 a       442     0    23     1     2
  2.2165204721736154E-01 a       443     0    23     1     3
 -2.8664986156410610E-01 a       444     0    23     1     4
 -3.0336213930696926E-01 a       445     0    23     1     5
  5.0572664980412385E-01 a       446     0    23     1     6
 -3.7285130401107835E-01 a       447     0    23     1     7
  8.6331696879913877E-02 a       448     0    23     1     8
  4.5198916257468047E-01 a       449     0    23     1     9
 -2.4982316104034949E-01 a       450     0    23     1    10
 -1.5381967405118324E-01 a       451     0    23     1    11
  3.2081049057342749E-02 a       452     0    23     1    12
 -1.0741147481148482E-01 a       453     0    23     1    13
 -2.1086565449620209E-01 a       454     0    23     1    14
  1.8446990971454885E-01 a       455     0    23     1    15
  1.4684636691890027E-01 a       456     0    23     1    16
  2.0792147766769592E-01 a       457     0    23     1    17
  7.7906450110612285E-02 a       458     0    23     1    18
  1.9077660017751991E-01 a       459     0    23     1    19
 -1.2277682835553809E-01 a       460     0    23     1    20
  4.0333197904592422E-01 a       461     0    24     1     1
 -2.3970051556549085E-01 a       462     0    24     1     2
 -4.0395472530242182E-01 a       463     0    24     1     3
 -3.8427857902639896E-02 a       464     0    24     1     4
  1.5087725485383380E-01 a       465     0    24     1     5
  1.9747473691182996E-01 a       466     0    24     1     6
 -3.0951239972765271E-01 a       467     0    24     1     7
 -1.6674056563134334E-02 a       468     0    24     1     8
  2.7189468631522756E-02 a       469     0    24     1     9
  2.8408013554538678E-02 a       470     0    24     1    10
 -9.2678998183092068E-02 a       471     0    24     1    11
 -9.6638137581772143E-02 a       472     0    24     1    12
  3.3786320369914402E-01 a       473     0    24     1    13
 -1.3848739672211246E-02 a       474     0    24     1    14
  2.8552821280108653E-01 a       475     0    24     1    15
 -1.3317799851979029E-01 a       476     0    24     1    16
 -3.1607488148871199E-01 a       477     0    24     1    17
 -2.9035867565413853E-01 a       478     0    24     1    18
 -4.0094571327713363E-01 a       479     0    24     1    19
  1.7815219835242913E-01 a       480     0    24     1    20
 -2.1065378980339730E-01 a       481     0    25     1     1
  2.9964028435258788E-01 a       482     0    25     1     2
 -1.2036016983829560E-01 a       483     0    25     1     3
  2.7531664384481469E-01 a       484     0    25     1     4
 -3.9738800857723050E-01 a       485     0    25     1     5
 -3.3585637253017170E-01 a       486     0    25     1     6
  4.5806123999503713E-02 a       487     0    25     1     7
 -1.2546518558705222E-01 a       488     0    25     1     8
  3.4307046916327721E-01 a       489     0    25     1     9
 -1.2189963218471289E-01 a       490     0    25     1    10
 -4.1208729523726784E-02 a       491     0    25     1    11
  2.1931412089409694E-01 a       492     0    25     1    12
 -7.4731630457012407E-02 a       493     0    25     1    13
 -1.2992099908822191E-01 a       494     0    25     1    14
  2.0712004919656030E-01 a       495     0    25     1    15
  3.5346170353524081E-02 a       496     0    25     1    16
  3.7791077605890294E-01 a       497     0    25     1    17
 -3.0636531534712752E-01 a       498     0    25     1    18
 -3.2433410448631955E-01 a       499     0    25     1    19
  1.2521289013508441E-01 a       500     0    25     1    20
  3.4646709872160802E-01 a       501     0    26     1     1
 -2.2994851890568616E-02 a       502     0    26     1     2
  9.3166209608224219E-04 a       503     0    26     1     3
 -1.5893346249188256E-01 a       504     0    26     1     4
  4.9186145493537725E-01 a       505     0    26     1     5
 -1.0725920529198260E-01 a       506     0    26     1     6
  1.7826277836645216E-01 a       507     0    26     1     7
  3.0252945250883989E-01 a       508     0    26     1     8
 -2.8980471548780803E-02 a       509     0    26     1     9
 -2.9514042947168356E-01 a       510     0    26     1    10
  2.2610043674328764E-01 a       511     0    26     1    11
  3.6872958107049364E-01 a       512     0    26     1    12
 -2.9476363233571140E-01 a       513     0    26     1    13
 -3.4068253373337248E-01 a       514     0    26     1    14
  4.1948801462091795E-01 a       515     0    26     1    15
  8.5874696985996351E-03 a       516     0    26     1    16
  2.9416144425068491E-01 a       517     0    26     1    17
 -4.7322198529277389E-02 a       518     0    26     1    18
 -2.7329691983979115E-01 a       519     0    26     1    19
  1.0668751389601829E-01 a       520     0    26     1    20
 -4.1081170410808432E-01 a       521     0    27     1     1
 -5.1236733200888264E-02 a       522     0    27     1     2
  2.1928050182049341E-01 a       523     0    27     1     3
  2.8763670256042517E-01 a       524     0    27     1     4
  2.5407170610039104E-01 a       525     0    27     1     5
 -4.9020100118523663E-01 a       526     0    27     1     6
  1.4608874960102378E-04 a       527     0    27     1     7
 -1.2504625849620907E-01 a       528     0    27     1     8
  2.1403449317063933E-01 a       529     0    27     1     9
  2.9436072766415589E-01 a       530     0    27     1    10
  4.2433292014589188E-02 a       531     0    27     1    11
  2.1939254030893846E-01 a       532     0    27     1    12
 -1.8811922959674823E-01 a       533     0    27     1    13
 -2.6098931917614776E-01 a       534     0    27     1    14
  1.4198570425248394E-01 a       535     0    27     1    15
  3.7902402711648997E-01 a       536     0    27     1    16
  2.7314760026986185E-01 a       537     0    27     1    17
  1.1582335381856282E-01 a       538     0    27     1    18
  3.3486855738322725E-02 a       539     0    27     1    19
 -7.2349561685986039E-02 a       540     0    27     1    20
 -1.1969406079627969E-01 a       541     0    28     1     1
 -3.1446274632216159E-01 a       542     0    28     1     2
 -2.1666097922837194E-01 a       543     0    28     1     3
 -1.2175794352400279E-01 a       544     0    28     1     4
 -4.1234369452483394E-01 a       545     0    28     1     5
 -4.1838837244167748E-01 a       546     0    28     1     6
 -3.0701361035517521E-01 a       547     0    28     1     7
 -1.8774304385083163E-01 a       548     0    28     1     8
  4.1497732798324960E-01 a       549     0    28     1     9
 -5.3301087464761594E-02 a       550     0    28     1    10
  9.3403680260026448E-02 a       551     0    28     1    11
  2.0019226768953255E-01 a       552     0    28     1    12
 -3.3176057302689937E-02 a       553     0    28     1    13
  4.7988304968768042E-01 a       554     0    28     1    14
 -1.1135821990319665E-01 a       555     0    28     1    15
  3.2994779416453762E-01 a       556     0    28     1    16
  1.2861295226864267E-01 a       557     0    28     1    17
 -2.2919855403568093E-01 a       558     0    28     1    18
 -1.3950427925450640E-01 a       559     0    28     1    19
 -1.8499883904397571E-01 a       560     0    28     1    20
  8.8332361722451833E-02 a       561     0    29     1     1
  2.3158462595903925E-01 a       562     0    29     1     2
  3.0704244114297946E-01 a       563     0    29     1     3
  1.9753517212501873E-01 a       564     0    29     1     4
  2.5893448268447405E-01 a       565     0    29     1     5
  3.0078597457405826E-01 a       566     0    29     1     6
  4.1497274989832439E-02 a       567     0    29     1     7
  3.0448292101522317E-01 a       568     0    29     1     8
 -1.2443373805170160E-01 a       569     0    29     1     9
 -2.5299733154239268E-01 a       570     0    29     1    10
 -3.0501209399658370E-02 a       571     0    29     1    11
  7.5436175801207331E-02 a       572     0    29     1    12
 -3.4551246186252360E-01 a       573     0    29     1    13
  1.0133811936366238E-02 a       574     0    29     1    14
  2.8687331730527676E-01 a       575     0    29     1    15
 -5.0414400763677381E-01 a       576     0    29     1    16
 -4.9151805352171604E-03 a       577     0    29     1    17
  4.0193819701447847E-01 a       578     0    29     1    18
 -1.0081431361442406E-01 a       579     0    29     1    19
 -1.4079828280935938E-01 a       580     0    29     1    20
  1.5966654758287194E-01 a       581     0    30     1     1
  3.0491321308539793E-01 a       582     0    30     1     2
  2.9822083015711470E-01 a       583     0    30     1     3
  3.9105488952662770E-01 a       584     0    30     1     4
 -2.4120608055058326E-01 a       585     0    30     1     5
 -2.2361519663124205E-01 a       586     0    30     1     6
  5.6897905366627324E-02 a       587     0    30     1     7
 -3.9066784604083415E-01 a       588     0    30     1     8
 -1.5835328800608944E-01 a       589     0    30     1     9
  3.7192941679915509E-01 a       590     0    30     1    10
  6.9746531522331373E-02 a       591     0    30     1    11
 -3.2775326572139474E-01 a       592     0    30     1    12
  3.3863896713033842E-01 a       593     0    30     1    13
 -4.5206962460501147E-02 a       594     0    30     1    14
 -1.3284221676091837E-01 a       595     0    30     1    15
 -1.6916947249113026E-01 a       596     0    30     1    16
  4.2239286410438492E-01 a       597     0    30     1    17
 -4.5365845815640077E-01 a       598     0    30     1    18
  1.5675005297082839E-01 a       599     0    30     1    19
 -2.5726446546548382E-01 a       600     0    30     1    20
 -3.0290253145862842E-02 a       601     0    31     1     1
 -4.8528212185997704E-02 a       602     0    31     1     2
  7.4303199706487771E-02 a       603     0    31     1     3
  1.0582856635108231E-01 a       604     0    31     1     4
  2.9108363735572357E-01 a       605     0    31     1     5
  8.5840037919664575E-03 a       606     0    31     1     6
 -3.9411542778032084E-02 a       607     0    31     1     7
 -1.3515882251121764E-01 a       608     0    31     1     8
  3.2409358592461301E-02 a       609     0    31     1     9
  1.3163912433534514E-01 a       610     0    31     1    10
 -3.3737513674356547E-02 a       611     0    31     1    11
  2.7265900829153250E-01 a       612     0    31     1    12
  3.5064573117652986E-01 a       613     0    31     1    13
  2.6159587551480002E-02 a       614     0    31     1    14
 -4.3637389343932176E-01 a       615     0    31     1    15
  3.1902722750422374E-01 a       616     0    31     1    16
 -5.1200373550673840E-02 a       617     0    31     1    17
 -1.1748537037094918E-01 a       618     0    31     1    18
 -2.8811113008533357E-01 a       619     0    31     1    19
  4.6648124367124399E-01 a       620     0    31     1    20
  7.7793692836628819E-02 a       621     0    32     1     1
  2.5656614790847732E-01 a       622     0    32     1     2
 -1.4730818795369688E-01 a       623     0    32     1     3
 -5.6669858456618906E-02 a       624     0    32     1     4
  2.1617773177196392E-01 a       625     0    32     1     5
 -1.3001918033345669E-01 a       626     0    32     1     6
  2.8895981827722411E-01 a       627     0    32     1     7
  1.7918802294386790E-01 a       628     0    32     1     8
 -3.7753900488808523E-01 a       629     0    32     1     9
  1.4885954533089493E-01 a       630     0    32     1    10
 -7.2094879397386763E-02 a       631     0    32     1    11
 -2.1201787402209679E-01 a       632     0    32     1    12
  8.5097796668853851E-02 a       633     0    32     1    13
  2.9108209153952552E-01 a       634     0    32     1    14
 -1.1667495586980507E-01 a       635     0    32     1    15
 -9.5455082192244883E-02 a       636     0    32     1    16
 -3.5512960542395405E-01 a       637     0    32     1    17
 -2.2161448351494184E-01 a       638     0    32     1    18
 -1.1465871664429732E-01 a       639     0    32     1    19
 -2.3503491308582339E-01 a       640     0    32     1    20
  1.5060338810580827E+00 b       641     1     1
  4.2729791489812580E-01 b       642     1     2
  2.4917807353740148E-01 b       643     1     3
  4.7946281808293989E-01 b       644     1     4
 -7.0907951947037273E-01 b       645     1     5
 -1.0834528733049733E+00 b       646     1     6
 -9.2623148689115087E-02 b       647     1     7
 -8.0133590751416417E-01 b       648     1     8
  1.4427715935770511E+00 b       649     1     9
 -6.4414053942033855E-01 b       650     1    10
 -9.2749074945613141E-01 b       651     1    11
 -8.2787833979496772E-01 b       652     1    12
  8.5567059677498836E-01 b       653     1    13
  1.2867802019950345E+00 b       654     1    14
 -9.8189449674101581E-01 b       655     1    15
 -1.4607553649017617E+00 b       656     1    16
 -1.3062182183551090E+00 b       657     1    17
  1.5009090294738330E+00 b       658     1    18
  3.8963048656108351E-01 b       659     1    19
 -7.1253402407216493E-01 b       660     1    20
 -3.6017506134791444E-01 a       661     1     1     2     1
  6.7906075641417529E-01 a       662     1     1     2     2
  3.5848227610356176E-01 a       663     1     1     2     3
 -5.0130036100543118E-01 a       664     1     1     2     4
 -1.2362224849349121E-01 a       665     1     1     2     5
 -4.3759449086845281E-01 a       666     1     1     2     6
  3.4229623215818156E-01 a       667     1     1     2     7
 -3.7723035735899696E-01 a       668     1     1     2     8
 -2.9866050673351890E-01 a       669     1     1     2     9
  3.0543253885863780E-01 a       670     1     1     2    10
 -3.2720738182608305E-01 a       671     1     1     2    11
 -4.6927011764067078E-01 a       672     1     1     2    12
 -4.8365302193035514E-01 a       673     1     1     2    13
  1.4845840026762161E-01 a       674     1     1     2    14
 -3.2328088493682849E-01 a       675     1     1     2    15
 -4.9649099545424136E-01 a       676     1     1     2    16
 -2.0832189167259244E-01 a       677     1     1     2    17
  2.0592451579597104E-01 a       678     1     1     2    18
  3.9312548188527158E-01 a       679     1     1     2    19
 -7.7402106482852825E-02 a       680     1     1     2    20
 -5.0512842692938897E-01 a       681     1     2     2     1
 -1.9574582820133465E-01 a       682     1     2     2     2
  6.1640442125538673E-02 a       683     1     2     2     3
 -7.2650992206310550E-01 a       684     1     2     2     4
  4.0988021720868895E-01 a       685     1     2     2     5
  1.3768364144208903E-01 a       686     1     2     2     6
  3.3712630485207412E-01 a       687     1     2     2     7
 -5.0083759992300614E-01 a       688     1     2     2     8
  2.3772764932496565E-01 a       689     1     2     2     9
  5.5313073891580367E-01 a       690     1     2     2    10
 -4.8889351411842591E-01 a       691     1     2     2    11
  1.1529835569351159E-02 a       692     1     2     2    12
  4.6832494521828710E-01 a       693     1     2     2    13
 -4.1435022072344402E-01 a       694     1     2     2    14
  2.2388250404099391E-01 a       695     1     2     2    15
  4.9508340678396834E-01 a       696     1     2     2    16
 -1.2407024978107986E-01 a       697     1     2     2    17
  3.8549677644072183E-01 a       698     1     2     2    18
 -2.2510798627635958E-01 a       699     1     2     2    19
 -3.3268220461429671E-01 a       700     1     2     2    20
  3.3675897757048284E-01 a       701     1     3     2     1
 -4.8030492715824469E-01 a       702     1     3     2     2
 -2.7114431786206772E-01 a       703     1     3     2     3
  1.2556032625024716E-01 a       704     1     3     2     4
 -1.3439634986765861E-01 a       705     1     3     2     5
 -5.0402478844272836E-01 a       706     1     3     2     6
 -2.7184160175412575E-01 a       707     1     3     2     7
 -7.1346503006610343E-02 a       708     1     3     2     8
 -3.0576639432477648E-01 a       709     1     3     2     9
 -3.4792810581131917E-01 a       710     1     3     2    10
 -1.8332849110320801E-01 a       711     1     3     2    11
 -6.5558306373745379E-02 a       712     1     3     2    12
  2.1661207456669711E-02 a       713     1     3     2    13
 -1.8504373430928051E-01 a       714     1     3     2    14
  5.2158937817256468E-01 a       715     1     3     2    15
  4.3709344903088265E-01 a       716     1     3     2    16
  4.4532348685403572E-01 a       717     1     3     2    17
  4.8002386834104449E-01 a       718     1     3     2    18
 -5.1724490105909982E-01 a       719     1     3     2    19
 -2.5371288924608115E-01 a       720     1     3     2    20
 -5.3429187133346301E-01 a       721     1     4     2     1
 -3.1446565582740971E-01 a       722     1     4     2     2
  4.8901084995222294E-01 a       723     1     4     2     3
  1.4284691042427183E-01 a       724     1     4     2     4
 -9.0742164104254119E-02 a       725     1     4     2     5
  4.9499055578099471E-01 a       726     1     4     2     6
  2.8759788854456447E-01 a       727     1     4     2     7
  1.7373737852504806E-01 a       728     1     4     2     8
 -4.8969461827502936E-01 a       729     1     4     2     9
  3.9484151009194834E-01 a       730     1     4     2    10
  4.9644570518283904E-01 a       731     1     4     2    11
  7.1489849900631453E-02 a       732     1     4     2    12
 -2.6435851182292092E-01 a       733     1     4     2    13
  3.5445887482496025E-01 a       734     1     4     2    14
 -4.6869378514242155E-01 a       735     1     4     2    15
 -2.5447065518234452E-01 a       736     1     4     2    16
 -2.9216000647979939E-01 a       737     1     4     2    17
 -4.4428639868585024E-01 a       738     1     4     2    18
  4.4553350624232430E-01 a       739     1     4     2    19
 -1.1209895424225294E-01 a       740     1     4     2    20
 -2.9442956088559430E-01 a       741     1     5     2     1
 -7.3620607705861596E-02 a       742     1     5     2     2
  6.0348749490144205E-01 a       743     1     5     2     3
 -6.5269854139012917E-01 a       744     1     5     2     4
  1.9433504087401945E-01 a       745     1     5     2     5
 -7.8116946334141651E-02 a       746     1     5     2     6
  4.7101565918286276E-01 a       747     1     5     2     7
 -1.8168015968704815E-01 a       748     1     5     2     8
 -7.1866690498132824E-01 a       749     1     5     2     9
 -3.7122443556908030E-01 a       750     1     5     2    10
 -3.2536161996153001E-02 a       751     1     5     2    11
 -1.4555931163829797E-01 a       752     1     5     2    12
 -2.6040054984065264E-01 a       753     1     5     2    13
  5.1049071046928496E-01 a       754     1     5     2    14
 -2.7279045565064580E-01 a       755     1     5     2    15
  3.4748028028735606E-01 a       756     1     5     2    16
  6.8503858413373131E-01 a       757     1     5     2    17
  1.7266427482761848E-01 a       758     1     5     2    18
  1.9649804370498555E-01 a       759     1     5     2    19
 -7.7074224362770408E-02 a       760     1     5     2    20
 -2.6070563495382676E-01 a       761     1     6     2     1
 -3.7395977693029014E-01 a       762     1     6     2     2
  4.9736747324010849E-01 a       763     1     6     2     3
  5.0177048114372147E-03 a       764     1     6     2     4
 -3.5904785366043396E-01 a       765     1     6     2     5
  1.8417147567715156E-01 a       766     1     6     2     6
  1.2223915121783441E-02 a       767     1     6     2     7
  4.1161288703980714E-01 a       768     1     6     2     8
 -9.8632136334228404E-02 a       769     1     6     2     9
  6.5705357910230644E-01 a       770     1     6     2    10
 -4.7505684984150492E-01 a       771     1     6     2    11
  5.5244657426112731E-01 a       772     1     6     2    12
 -4.9182175687570029E-01 a       773     1     6     2    13
  4.5409915982161508E-01 a       774     1     6     2    14
 -1.0713061505380619E-01 a       775     1     6     2    15
  3.6501279340910231E-01 a       776     1     6     2    16
 -1.3731983991910976E-01 a       777     1     6     2    17
 -5.8294889096068692E-01 a       778     1     6     2    18
 -2.7044962252091453E-01 a       779     1     6     2    19
  4.4115809792752719E-01 a       780     1     6     2    20
  1.0093848065279043E-01 a       781     1     7     2     1
 -3.5066727042138257E-01 a       782     1     7     2     2
  9.6695696076029569E-02 a       783     1     7     2     3
 -6.7829390295763980E-01 a       784     1     7     2     4
 -3.6122216882466190E-01 a       785     1     7     2     5
  2.7921205010061528E-01 a       786     1     7     2     6
 -1.8021098906606481E-01 a       787     1     7     2     7
  2.1952180042687147E-01 a       788     1     7     2     8
 -5.6124146386859131E-01 a       789     1     7     2     9
  4.0051797132699246E-01 a       790     1     7     2    10
  2.8191574546122422E-01 a       791     1     7     2    11
 -2.3432472094706100E-01 a       792     1     7     2    12
 -3.3052270011763818E-01 a       793     1     7     2    13
  2.1910735809175275E-01 a       794     1     7     2    14
 -1.0318353328302747E-01 a       795     1     7     2    15
  1.2031917540121859E-01 a       796     1     7     2    16
  1.7860208197371819E-01 a       797     1     7     2    17
  2.6540686205599084E-01 a       798     1     7     2    18
 -3.9343040081166021E-02 a       799     1     7     2    19
 -2.4117516820507337E-01 a       800     1     7     2    20
  2.9207605646344664E-01 a       801     1     8     2     1
  2.1443295300430582E-01 a       802     1     8     2     2
  4.6288781423907510E-01 a       803     1     8     2     3
 -1.0701796197667127E-01 a       804     1     8     2     4
  2.9196286136501309E-01 a       805     1     8     2     5
  5.1173667496966802E-01 a       806     1     8     2     6
 -8.6343465499068961E-02 a       807     1     8     2     7
 -3.8901613950753317E-01 a       808     1     8     2     8
 -4.3865417030779236E-01 a       809     1     8     2     9
  2.8551744112535893E-01 a       810     1     8     2    10
 -1.7869431692873067E-01 a       811     1     8     2    11
  1.2164000710076396E-01 a       812     1     8     2    12
 -5.0869975718658512E-02 a       813     1     8     2    13
  7.4718850232612877E-02 a       814     1     8     2    14
  6.5652739697111773E-01 a       815     1     8     2    15
 -4.1078032913840840E-01 a       816     1     8     2    16
 -2.3536597461900713E-01 a       817     1     8     2    17
 -2.1568053104970279E-02 a       818     1     8     2    18
  5.2226544300183197E-02 a       819     1     8     2    19
 -3.2024502425167373E-01 a       820     1     8     2    20
  2.6298664605400540E-01 a       821     1     9     2     1
 -1.3522444845324383E-01 a       822     1     9     2     2
 -1.3512632582167189E-01 a       823     1     9     2     3
  2.8846333428850396E-01 a       824     1     9     2     4
  7.1099859541124133E-02 a       825     1     9     2     5
  3.1156264473287865E-01 a       826     1     9     2     6
 -1.8175412330710439E-01 a       827     1     9     2     7
 -9.3604319445184478E-02 a       828     1     9     2     8
  2.3044738974434764E-01 a       829     1     9     2     9
  2.9148531691361562E-01 a       830     1     9     2    10
 -3.1509196376462600E-01 a       831     1     9     2    11
  1.4708937486417537E-01 a       832     1     9     2    12
  2.1683437824953841E-01 a       833     1     9     2    13
  9.8747562857525256E-02 a       834     1     9     2    14
 -7.6075536526135815E-02 a       835     1     9     2    15
 -4.7714755984387935E-01 a       836     1     9     2    16
 -5.8983860532911103E-01 a       837     1     9     2    17
  1.8444917476988840E-01 a       838     1     9     2    18
 -1.4223828335777580E-01 a       839     1     9     2    19
 -5.6961904832395056E-02 a       840     1     9     2    20
 -3.0645907195205080E-01 a       841     1    10     2     1
  4.6783898665356294E-01 a       842     1    10     2     2
 -2.1297685874544803E-01 a       843     1    10     2     3
 -4.8889827197653479E-01 a       844     1    10     2     4
 -3.8580670317678556E-01 a       845     1    10     2     5
  4.2649256668156366E-01 a       846     1    10     2     6
  3.5515707762239596E-01 a       847     1    10     2     7
 -6.3368002164317050E-01 a       848     1    10     2     8
  1.4855303419823113E-01 a       849     1    10     2     9
  5.0860809620140468E-01 a       850     1    10     2    10
 -4.8796630245737604E-01 a       851     1    10     2    11
  5.5389630229897546E-01 a       852     1    10     2    12
 -3.6670939724653445E-01 a       853     1    10     2    13
 -1.8640224327916166E-01 a       854     1    10     2    14
  4.8692096849563432E-01 a       855     1    10     2    15
  3.0887978365936786E-01 a       856     1    10     2    16
  4.6135666449874779E-01 a       857     1    10     2    17
 -3.9559322318787765E-01 a       858     1    10     2    18
  2.9423851837281650E-01 a       859     1    10     2    19
  4.5456820851156399E-01 a       860     1    10     2    20
 -6.7482352487078689E-01 a       861     1    11     2     1
  7.2652030802155362E-02 a       862     1    11     2     2
 -3.2208682770290414E-01 a       863     1    11     2     3
  3.9244998160052981E-02 a       864     1    11     2     4
 -3.7094392261006942E-01 a       865     1    11     2     5
 -1.4714304963536290E-01 a       866     1    11     2     6
  2.4837721381615502E-01 a       867     1    11     2     7
  4.4976265070427329E-01 a       868     1    11     2     8
  7.2899784161202200E-02 a       869     1    11     2     9
  6.2330901889471317E-02 a       870     1    11     2    10
  3.0715520649140066E-01 a       871     1    11     2    11
 -3.4154113860500207E-01 a       872     1    11     2    12
 -1.6341915025441631E-01 a       873     1    11     2    13
 -3.1658068886104945E-01 a       874     1    11     2    14
 -5.2078639189709397E-01 a       875     1    11     2    15
 -8.2631322700695398E-02 a       876     1    11     2    16
  6.2178398493451770E-01 a       877     1    11     2    17
  1.0760115282194134E-01 a       878     1    11     2    18
  8.1979485038015526E-02 a       879     1    11     2    19
 -3.2408267981160149E-01 a       880     1    11     2    20
 -3.5608777032229910E-01 a       881     1    12     2     1
  2.0593549650436871E-01 a       882     1    12     2     2
  1.2336557997398800E-01 a       883     1    12     2     3
  2.9888495101973922E-01 a       884     1    12     2     4
  1.1586327144163158E-01 a       885     1    12     2     5
 -6.0673704564481001E-01 a       886     1    12     2     6
 -3.9456852097767370E-01 a       887     1    12     2     7
  4.9277295779936819E-01 a       888     1    12     2     8
 -2.4162346940874511E-02 a       889     1    12     2     9
 -4.4012451285210835E-01 a       890     1    12     2    10
  9.0616470016201309E-02 a       891     1    12     2    11
  3.3360399376661098E-01 a       892     1    12     2    12
  4.0049109530758731E-01 a       893     1    12     2    13
 -3.1035624973476894E-01 a       894     1    12     2    14
 -3.6710878570743405E-01 a       895     1    12     2    15
  4.8962894251883060E-01 a       896     1    12     2    16
 -2.6636500477459119E-01 a       897     1    12     2    17
  6.0718388931839729E-01 a       898     1    12     2    18
  3.5871492531995863E-01 a       899     1    12     2    19
 -1.6263419025802722E-01 a       900     1    12     2    20
  2.8264140794813591E-01 a       901     1    13     2     1
 -4.0062240214673878E-01 a       902     1    13     2     2
  4.7229914128196121E-01 a       903     1    13     2     3
  5.8637743223081351E-01 a       904     1    13     2     4
  7.7752624848021079E-01 a       905     1    13     2     5
  5.0625144756591856E-01 a       906     1    13     2     6
 -8.6796357582193839E-02 a       907     1    13     2     7
 -4.3406816345488619E-01 a       908     1    13     2     8
 -1.9741411395839811E-01 a       909     1    13     2     9
 -1.8444703561177739E-02 a       910     1    13     2    10
 -2.2469650140423486E-01 a       911     1    13     2    11
  3.6074974148213373E-01 a       912     1    13     2    12
  5.0424152374329534E-01 a       913     1    13     2    13
  2.1201042033670581E-01 a       914     1    13     2    14
 -5.5236638750246612E-02 a       915     1    13     2    15
 -1.6571828964613100E-01 a       916     1    13     2    16
 -5.8788320938355643E-01 a       917     1    13     2    17
  4.3044588124030636E-01 a       918     1    13     2    18
  2.0933861206194387E-01 a       919     1    13     2    19
 -4.7426900210580542E-01 a       920     1    13     2    20
 -5.4991022967937697E-01 a       921     1    14     2     1
  2.9385637702178169E-01 a       922     1    14     2     2
  2.9894986439307836E-01 a       923     1    14     2     3
 -2.7091543088848855E-02 a       924     1    14     2     4
  5.2228731030655416E-03 a       925     1    14     2     5
 -2.4228006725578338E-01 a       926     1    14     2     6
  6.5149799761672567E-01 a       927     1    14     2     7
  4.6569898137921056E-01 a       928     1    14     2     8
  3.7303297542129821E-01 a       929     1    14     2     9
 -7.5040157766227258E-02 a       930     1    14     2    10
 -4.2977045414624887E-01 a       931     1    14     2    11
 -1.9741409169124677E-01 a       932     1    14     2    12
 -2.7921985986458425E-01 a       933     1    14     2    13
  6.2629019854453394E-01 a       934     1    14     2    14
  2.3174668587428754E-01 a       935     1    14     2    15
 -3.7712087449987941E-01 a       936     1    14     2    16
 -2.5299270258258399E-01 a       937     1    14     2    17
  5.0767965590458208E-01 a       938     1    14     2    18
  2.3818917399840098E-01 a       939     1    14     2    19
  3.6337969235243428E-01 a       940     1    14     2    20
  3.1536240249814879E-01 a       941     1    15     2     1
 -6.3325518665026015E-01 a       942     1    15     2     2
  2.4649017279550059E-01 a       943     1    15     2     3
  1.7298439935162455E-01 a       944     1    15     2     4
  3.9454967204447167E-01 a       945     1    15     2     5
  2.5706189462516649E-01 a       946     1    15     2     6
 -3.6038384640397081E-01 a       947     1    15     2     7
  2.7625819512631067E-01 a       948     1    15     2     8
 -2.9499231448378371E-01 a       949     1    15     2     9
  1.2289449919258878E-01 a       950     1    15     2    10
 -2.4769279246819920E-01 a       951     1    15     2    11
  3.2736395577889055E-01 a       952     1    15     2    12
  3.0810481146013419E-01 a       953     1    15     2    13
  2.4138510754177650E-01 a       954     1    15     2    14
  2.3510940570099917E-01 a       955     1    15     2    15
 -1.7255954791477215E-01 a       956     1    15     2    16
  6.3978122227502010E-01 a       957     1    15     2    17
  3.8090060629007322E-01 a       958     1    15     2    18
 -3.7299976402035612E-02 a       959     1    15     2    19
 -5.8764058931763752E-01 a       960     1    15     2    20
 -2.3421206338425654E-01 a       961     1    16     2     1
 -3.6951425781386310E-01 a       962     1    16     2     2
 -1.8410388168584768E-01 a       963     1    16     2     3
  4.7700977726710692E-01 a       964     1    16     2     4
  1.0293031184201201E-01 a       965     1    16     2     5
  9.6488500448281250E-02 a       966     1    16     2     6
  2.3049328895545806E-01 a       967     1    16     2     7
  5.6132232895831768E-01 a       968     1    16     2     8
  3.2995826123984051E-01 a       969     1    16     2     9
  7.5063951836919840E-01 a       970     1    16     2    10
  4.9297641534854597E-01 a       971     1    16     2    11
 -4.9428714017158232E-01 a       972     1    16     2    12
  2.6592281014919700E-01 a       973     1    16     2    13
  7.7261668147126439E-01 a       974     1    16     2    14
  4.2059018801555526E-01 a       975     1    16     2    15
 -3.5078190385243749E-02 a       976     1    16     2    16
 -1.8621744791406999E-01 a       977     1    16     2    17
 -9.6165708891094701E-02 a       978     1    16     2    18
  3.8168517817590175E-01 a       979     1    16     2    19
  2.9532818578486281E-01 a       980     1    16     2    20
  2.3072913337992743E-01 a       981     1    17     2     1
 -2.9924016660096170E-01 a       982     1    17     2     2
  5.9705706402537673E-01 a       983     1    17     2     3
 -1.2909937631849938E-02 a       984     1    17     2     4
  4.6190061794943982E-01 a       985     1    17     2     5
  2.0903431282720297E-01 a       986     1    17     2     6
 -2.4873568259608092E-01 a       987     1    17     2     7
 -1.6401693486826335E-01 a       988     1    17     2     8
 -3.8946091356186380E-01 a       989     1    17     2     9
 -3.5707412915511702E-02 a       990     1    17     2    10
  5.3717282723359316E-01 a       991     1    17     2    11
 -1.2613853530180388E-01 a       992     1    17     2    12
  3.5062534601581830E-01 a       993     1    17     2    13
  1.2109050679439670E-01 a       994     1    17     2    14
  1.7025388574005673E-01 a       995     1    17     2    15
  3.4021081523203189E-01 a       996     1    17     2    16
  2.1005358199430552E-01 a       997     1    17     2    17
  2.4944809680546412E-01 a       998     1    17     2    18
 -5.9647909242903108E-01 a       999     1    17     2    19
 -2.6249761623234691E-01 a      1000     1    17     2    20
 -4.7683306001091547E-01 a      1001     1    18     2     1
  4.3738115419259906E-02 a      1002     1    18     2     2
 -2.3075834753850044E-01 a      1003     1    18     2     3
  3.7703321632904446E-01 a      1004     1    18     2     4
  2.9389161452987922E-01 a      1005     1    18     2     5
 -6.9281446675418537E-02 a      1006     1    18     2     6
  4.3136388016087140E-01 a      1007     1    18     2     7
 -2.0137860985207093E-01 a      1008     1    18     2     8
 -5.8481689264133851E-01 a      1009     1    18     2     9
 -5.3727675405856667E-01 a      1010     1    18     2    10
  4.4041916002827503E-01 a      1011     1    18     2    11
 -5.4006056846714323E-01 a      1012     1    18     2    12
  4.1165102228462086E-01 a      1013     1    18     2    13
 -4.0156103877660132E-01 a      1014     1    18     2    14
  4.6506562681097047E-01 a      1015     1    18     2    15
 -3.3227868845060882E-01 a      1016     1    18     2    16
  2.8296350556363919E-01 a      1017     1    18     2    17
  1.5990800712808831E-01 a      1018     1    18     2    18
  2.3230453034923368E-01 a      1019     1    18     2    19
 -4.2497474763926774E-01 a      1020     1    18     2    20
  6.1602870422012193E-02 a      1021     1    19     2     1
  3.8006272825083748E-01 a      1022     1    19     2     2
  3.7468419743582010E-01 a      1023     1    19     2     3
  5.7321375165500987E-01 a      1024     1    19     2     4
  7.5501116161240045E-01 a      1025     1    19     2     5
 -6.6829633201492866E-01 a      1026     1    19     2     6
  1.9580968635477000E-01 a      1027     1    19     2     7
  5.0503962017606108E-01 a      1028     1    19     2     8
  3.3290091126572258E-01 a      1029     1    19     2     9
  5.1794782656627192E-01 a      1030     1    19     2    10
 -4.0002730694981176E-01 a      1031     1    19     2    11
 -6.4206984274893109E-01 a      1032     1    19     2    12
  3.8796001001905595E-01 a      1033     1    19     2    13
  1.8896301964685056E-01 a      1034     1    19     2    14
  7.8917438111150415E-02 a      1035     1    19     2    15
  4.9528382529399140E-01 a      1036     1    19     2    16
  4.0130097245790570E-03 a      1037     1    19     2    17
 -2.8826806974424385E-01 a      1038     1    19     2    18
 -1.0781487465265614E-01 a      1039     1    19     2    19
 -4.6363148192150339E-01 a      1040     1    19     2    20
 -3.4301521557119979E-01 a      1041     1    20     2     1
  4.6109172785696573E-01 a      1042     1    20     2     2
  1.0254275454955329E-01 a      1043     1    20     2     3
  4.8867639070756669E-01 a      1044     1    20     2     4
 -2.7732317330188594E-01 a      1045     1    20     2     5
  3.8060572034508805E-01 a      1046     1    20     2     6
  2.4849385377832306E-01 a      1047     1    20     2     7
  1.8602319936150100E-01 a      1048     1    20     2     8
 -2.3349817904565642E-01 a      1049     1    20     2     9
 -2.0731061376766433E-01 a      1050     1    20     2    10
  4.8445030273088241E-01 a      1051     1    20     2    11
  2.7060419788223233E-01 a      1052     1    20     2    12
 -3.8896797792561544E-01 a      1053     1    20     2    13
  1.5821454082139941E-01 a      1054     1    20     2    14
 -5.7396823634403693E-01 a      1055     1    20     2    15
  5.1080315476604998E-01 a      1056     1    20     2    16
  3.3670022847278908E-01 a      1057     1    20     2    17
 -4.9861133584832251E-01 a      1058     1    20     2    18
  5.2252045163792082E-01 a      1059     1    20     2    19
 -3.2554754657482515E-01 a      1060     1    20     2    20
 -1.9920305490771462E-01 b      1061     2     1
  1.3372153174777568E+00 b      1062     2     2
  4.4549769228014857E-01 b      1063     2     3
 -9.5901295407530673E-02 b      1064     2     4
 -1.0777565539698890E+00 b      1065     2     5
  1.3113231230212671E-01 b      1066     2     6
 -4.0606273134640797E-01 b      1067     2     7
  7.0193786855911577E-01 b      1068     2     8
  1.5376684980774900E+00 b      1069     2     9
 -1.0036975207819281E+00 b      1070     2    10
 -6.2410663051674775E-01 b      1071     2    11
  9.6130600898315965E-01 b      1072     2    12
 -7.7837994507993269E-01 b      1073     2    13
 -8.2821022822118107E-01 b      1074     2    14
 -1.5314487496463300E+00 b      1075     2    15
 -4.8870937355779387E-01 b      1076     2    16
  1.5618146049387280E+00 b      1077     2    17
  1.5424744043533516E+00 b      1078     2    18
 -5.8051893761356932E-01 b      1079     2    19
  1.5432148168121069E+00 b      1080     2    20
  4.7684858746641184E-01 a      1081     2     1     3     1
 -5.4353147230417587E-01 a      1082     2     2     3     1
  6.2935987243092884E-01 a      1083     2     3     3     1
  7.2323937785048241E-03 a      1084     2     4     3     1
 -1.0516496552387189E+00 a      1085     2     5     3     1
 -7.6770276376895125E-02 a      1086     2     6     3     1
  6.8247380939979629E-01 a      1087     2     7     3     1
  1.1155541805250258E-01 a      1088     2     8     3     1
  7.1757900238269900E-01 a      1089     2     9     3     1
  1.5987621527161375E-01 a      1090     2    10     3     1
 -1.2616521786255246E+00 a      1091     2    11     3     1
 -8.1843980258449883E-02 a      1092     2    12     3     1
  8.5524184697874117E-01 a      1093     2    13     3     1
 -1.0064440710340781E+00 a      1094     2    14     3     1
 -4.8973998637201720E-02 a      1095     2    15     3     1
 -2.1060095240743402E-03 a      1096     2    16     3     1
  3.8574661144274013E-02 a      1097     2    17     3     1
  2.2114517348887550E-01 a      1098     2    18     3     1
  2.9690704133550921E-01 a      1099     2    19     3     1
 -2.7502795250152134E-01 a      1100     2    20     3     1
  2.2893643709853928E-01 b      1101     3     1
