################################################################################
# Neural network connection values (weights and biases).
################################################################################
# Col  Name       Description
################################################################################
# 1    connection Neural network connection value.
# 2    t          Connection type (a = weight, b = bias).
# 3    index      Index enumerating weights.
# 4    l_s        Starting point layer (end point layer for biases).
# 5    n_s        Starting point neuron in starting layer (end point neuron for biases).
# 6    l_e        End point layer.
# 7    n_e        End point neuron in end layer.
################################################################################
#                      1 2         3     4     5     6     7
#             connection t     index   l_s   n_s   l_e   n_e
############################################################
 -2.0257345827722176E-01 a         1     0     1     1     1
 -6.7226235049862970E-02 a         2     0     1     1     2
  2.1191634262157846E-01 a         3     0     1     1     3
 -4.6088739110864346E-01 a         4     0     1     1     4
 -9.9273425538749085E-02 a         5     0     1     1     5
  1.4627775037930205E-02 a         6     0     1     1     6
 -5.9277650803651723E-02 a         7     0     1     1     7
 -4.6019360184743445E-02 a         8     0     1     1     8
  1.3209317623044065E-01 a         9     0     1     1     9
 -2.1800291793987206E-01 a        10     0     1     1    10
  8.5455389496479781E-02 a        11     0     1     1    11
 -6.5736518701831159E-01 a        12     0     1     1    12
  5.7477793540945489E-02 a        13     0     1     1    13
 -2.0369608403611067E-01 a        14     0     1     1    14
  1.4875308855027281E-01 a        15     0     1     1    15
  2.5498743877513091E-01 a        16     0     1     1    16
 -1.0869879440460513E+00 a        17     0     1     1    17
  6.5217596817966780E-02 a        18     0     1     1    18
  7.4009496463513000E-02 a        19     0     1     1    19
 -2.9557124479381251E-02 a        20     0     1     1    20
  3.3166606960703074E-02 a        21     0     2     1     1
  9.8141686792446323E-02 a        22     0     2     1     2
  1.9568666377221675E-01 a        23     0     2     1     3
  2.6357196341211003E-01 a        24     0     2     1     4
  1.9384144110236857E-02 a        25     0     2     1     5
 -1.7053783551118176E-01 a        26     0     2     1     6
  6.8518900865229715E-02 a        27     0     2     1     7
  1.1006983301389532E-01 a        28     0     2     1     8
 -2.8188743545147993E-01 a        29     0     2     1     9
  1.3032058995702785E-02 a        30     0     2     1    10
  1.9140693789671384E-01 a        31     0     2     1    11
  2.0497414110380149E-01 a        32     0     2     1    12
  2.9891359835744397E-01 a        33     0     2     1    13
  1.3485615392531597E-01 a        34     0     2     1    14
 -1.7271322148554566E-01 a        35     0     2     1    15
 -9.6290781266072478E-04 a        36     0     2     1    16
  6.5264623657602583E-03 a        37     0     2     1    17
 -3.6255322558303710E-01 a        38     0     2     1    18
 -4.4159202939948605E-01 a        39     0     2     1    19
  4.7921976469164806E-01 a        40     0     2     1    20
  1.2182534982149332E-01 a        41     0     3     1     1
  1.0347448006651137E-01 a        42     0     3     1     2
  6.2532207871501544E-03 a        43     0     3     1     3
 -2.1115068821969926E-01 a        44     0     3     1     4
 -2.5977054091557567E-01 a        45     0     3     1     5
 -1.3245800777813610E-01 a        46     0     3     1     6
  3.3795172004915069E-01 a        47     0     3     1     7
  5.1937122355821957E-02 a        48     0     3     1     8
  1.7530260638173828E-01 a        49     0     3     1     9
 -9.1239670369818116E-02 a        50     0     3     1    10
  6.2015819603264983E-03 a        51     0     3     1    11
 -2.0199781976028416E-01 a        52     0     3     1    12
 -7.9454513008796482E-02 a        53     0     3     1    13
  3.0770853133705350E-01 a        54     0     3     1    14
 -3.7372585564414723E-02 a        55     0     3     1    15
  1.3684412128337858E-01 a        56     0     3     1    16
  2.6863546063847789E-03 a        57     0     3     1    17
 -1.5235586145591554E-01 a        58     0     3     1    18
  2.4125849752845660E-01 a        59     0     3     1    19
 -5.3362658809615285E-02 a        60     0     3     1    20
  2.2588772736214005E-01 a        61     0     4     1     1
  1.0714720264362984E-01 a        62     0     4     1     2
 -4.2174029262716539E-01 a        63     0     4     1     3
  3.1787085091549661E-01 a        64     0     4     1     4
 -4.5475741851912266E-01 a        65     0     4     1     5
  7.0818435551164398E-03 a        66     0     4     1     6
  6.2569899698509113E-01 a        67     0     4     1     7
  1.4196768238381141E-01 a        68     0     4     1     8
  4.9556670083309734E-01 a        69     0     4     1     9
  3.0874187223793403E-01 a        70     0     4     1    10
 -2.8010862496832423E-01 a        71     0     4     1    11
  8.7473284913387384E-01 a        72     0     4     1    12
  3.9273327290664806E-01 a        73     0     4     1    13
 -1.5340060342037259E-01 a        74     0     4     1    14
  4.7942097378251386E-01 a        75     0     4     1    15
 -6.1534154976442323E-02 a        76     0     4     1    16
 -2.9144362274145474E-01 a        77     0     4     1    17
 -3.5741711261048759E-01 a        78     0     4     1    18
  1.9841221365061767E-01 a        79     0     4     1    19
  2.5852178379137125E-01 a        80     0     4     1    20
  2.0032664927216007E-02 a        81     0     5     1     1
  4.9603107800010643E-01 a        82     0     5     1     2
  1.3959387790095257E-01 a        83     0     5     1     3
 -1.0495216022134436E-01 a        84     0     5     1     4
 -1.1105939511985628E-02 a        85     0     5     1     5
  5.5428159752843476E-01 a        86     0     5     1     6
 -1.7405039486141963E-01 a        87     0     5     1     7
  2.6876523995017741E-02 a        88     0     5     1     8
  2.4923315820812841E-01 a        89     0     5     1     9
  5.7693208978426935E-01 a        90     0     5     1    10
  1.4884983749399949E-01 a        91     0     5     1    11
  3.4323491305129422E-01 a        92     0     5     1    12
 -3.2274365307806308E-01 a        93     0     5     1    13
 -5.6499398542599021E-02 a        94     0     5     1    14
  5.2900431886878076E-02 a        95     0     5     1    15
 -1.7753460121919146E-01 a        96     0     5     1    16
  7.0992267784629817E-02 a        97     0     5     1    17
  1.3460689231489256E-01 a        98     0     5     1    18
  2.6986325507106196E-01 a        99     0     5     1    19
  1.5736140577108490E-01 a       100     0     5     1    20
  1.4617307141113473E-01 a       101     0     6     1     1
  4.0889569071262573E-02 a       102     0     6     1     2
  2.2130727986234319E-01 a       103     0     6     1     3
  1.7716334834711681E-01 a       104     0     6     1     4
  4.3508434930503562E-02 a       105     0     6     1     5
 -2.0419016378717075E-01 a       106     0     6     1     6
 -1.9625630407829560E-02 a       107     0     6     1     7
  2.1731239500628449E-01 a       108     0     6     1     8
  1.5707408000796119E-01 a       109     0     6     1     9
 -4.4911367007719236E-02 a       110     0     6     1    10
  1.0695283712294038E-01 a       111     0     6     1    11
  1.7668053054785368E-01 a       112     0     6     1    12
 -2.5796694600792558E-01 a       113     0     6     1    13
 -2.0257647584111133E-01 a       114     0     6     1    14
  1.2072571661911419E-01 a       115     0     6     1    15
  8.3440374148685895E-03 a       116     0     6     1    16
 -2.7531630253836956E-02 a       117     0     6     1    17
 -1.0779192030190457E-01 a       118     0     6     1    18
 -2.2419532000339196E-01 a       119     0     6     1    19
  1.8037937841129420E-02 a       120     0     6     1    20
 -2.0535366961318469E-01 a       121     0     7     1     1
  1.4649897260875083E-01 a       122     0     7     1     2
  2.5641650563275764E-01 a       123     0     7     1     3
 -3.5297897799783673E-01 a       124     0     7     1     4
  1.6630942881130484E-01 a       125     0     7     1     5
  1.1254526373386022E-01 a       126     0     7     1     6
 -2.5774929381764095E-01 a       127     0     7     1     7
  1.8243480205956048E-03 a       128     0     7     1     8
 -2.0225325318182319E-01 a       129     0     7     1     9
 -3.2901800581625779E-01 a       130     0     7     1    10
  4.7955375489056856E-01 a       131     0     7     1    11
 -8.0293741314705780E-01 a       132     0     7     1    12
 -1.2314395059330886E-01 a       133     0     7     1    13
  1.4702129330356781E-01 a       134     0     7     1    14
 -3.6653699894940639E-01 a       135     0     7     1    15
  2.6362957406440052E-01 a       136     0     7     1    16
  1.2518720949354398E+00 a       137     0     7     1    17
  3.1714323602618727E-01 a       138     0     7     1    18
 -2.0690742452346528E-01 a       139     0     7     1    19
 -3.4255007617228822E-01 a       140     0     7     1    20
  4.3163188322413504E-02 a       141     0     8     1     1
 -2.1442007216644388E-04 a       142     0     8     1     2
 -4.8236490015484960E-02 a       143     0     8     1     3
  6.2367369027857361E-02 a       144     0     8     1     4
 -8.7152769790694237E-03 a       145     0     8     1     5
 -1.2347742726895074E-01 a       146     0     8     1     6
 -1.0879596682626703E-01 a       147     0     8     1     7
 -3.9096766820755705E-02 a       148     0     8     1     8
 -1.0366178535109186E-01 a       149     0     8     1     9
 -1.7502938866131312E-01 a       150     0     8     1    10
  1.7864488325869843E-01 a       151     0     8     1    11
  3.7868954652322713E-02 a       152     0     8     1    12
  4.0071285097914536E-02 a       153     0     8     1    13
 -2.2770071280098267E-01 a       154     0     8     1    14
 -3.8020874879152805E-01 a       155     0     8     1    15
 -1.1594649026960469E-01 a       156     0     8     1    16
 -9.1109419458764537E-02 a       157     0     8     1    17
 -1.4852663455205486E-01 a       158     0     8     1    18
 -3.5057374345099084E-02 a       159     0     8     1    19
  1.3924770862429525E-01 a       160     0     8     1    20
  1.4162184326343658E-01 a       161     0     9     1     1
  1.2983819937067695E-01 a       162     0     9     1     2
  6.9852948386148472E-02 a       163     0     9     1     3
 -9.0731544525603572E-03 a       164     0     9     1     4
  1.4318621058110942E-01 a       165     0     9     1     5
 -3.0089267234935885E-01 a       166     0     9     1     6
  1.6142512740335330E-01 a       167     0     9     1     7
  1.0063451287672495E-01 a       168     0     9     1     8
  2.6394341342532812E-01 a       169     0     9     1     9
 -1.4789155829498188E-01 a       170     0     9     1    10
 -1.7175707351525055E-01 a       171     0     9     1    11
  4.3937013231360150E-02 a       172     0     9     1    12
 -2.8621419152870364E-02 a       173     0     9     1    13
  1.1474220989859472E-01 a       174     0     9     1    14
  4.0728164359145302E-01 a       175     0     9     1    15
 -2.6382660749472556E-02 a       176     0     9     1    16
  1.4677244422751029E-01 a       177     0     9     1    17
 -1.4288257935507728E-01 a       178     0     9     1    18
  1.0684769426451814E-01 a       179     0     9     1    19
 -1.6416861174170366E-01 a       180     0     9     1    20
 -1.3343356346051818E-01 a       181     0    10     1     1
  4.5547271139942849E-02 a       182     0    10     1     2
 -1.7778847999577602E-01 a       183     0    10     1     3
  2.6682936273951480E-01 a       184     0    10     1     4
 -3.6336180121716563E-02 a       185     0    10     1     5
 -1.0294852089696645E-01 a       186     0    10     1     6
  3.1082939021949541E-01 a       187     0    10     1     7
 -1.4728479245298975E-01 a       188     0    10     1     8
  1.3754924747675315E-01 a       189     0    10     1     9
  2.3735194022812919E-01 a       190     0    10     1    10
 -3.8296884928154512E-01 a       191     0    10     1    11
  1.1630553085515088E-01 a       192     0    10     1    12
  2.3765838167335851E-01 a       193     0    10     1    13
 -1.4490545476739491E-01 a       194     0    10     1    14
  1.8934036709329194E-01 a       195     0    10     1    15
  8.0178488968636441E-02 a       196     0    10     1    16
 -1.1292120505980690E+00 a       197     0    10     1    17
 -1.9673713496739173E-01 a       198     0    10     1    18
  1.0259201207633548E-01 a       199     0    10     1    19
  4.9633308308770406E-02 a       200     0    10     1    20
  1.9685864772599057E-01 a       201     0    11     1     1
  6.8437585383089694E-02 a       202     0    11     1     2
  2.6646119084866365E-01 a       203     0    11     1     3
 -7.1895304759595893E-02 a       204     0    11     1     4
  4.4104549408939576E-03 a       205     0    11     1     5
 -2.0291484451683037E-01 a       206     0    11     1     6
 -1.6818518091468046E-01 a       207     0    11     1     7
  1.0606705172700884E-01 a       208     0    11     1     8
  1.7635719881706025E-01 a       209     0    11     1     9
  1.3148773021768612E-01 a       210     0    11     1    10
 -9.4414340040389927E-02 a       211     0    11     1    11
  2.9081228099028067E-01 a       212     0    11     1    12
 -2.4542663277080562E-01 a       213     0    11     1    13
  1.8137703858301230E-01 a       214     0    11     1    14
  2.6319545643086639E-01 a       215     0    11     1    15
 -3.3248135540582024E-01 a       216     0    11     1    16
  6.0582202229549464E-02 a       217     0    11     1    17
  1.0951884304425390E-02 a       218     0    11     1    18
 -2.1356460331624766E-01 a       219     0    11     1    19
 -1.5189591061510488E-02 a       220     0    11     1    20
 -1.1685513160553161E-02 a       221     0    12     1     1
 -3.4575603945807588E-02 a       222     0    12     1     2
 -2.8831345804919725E-03 a       223     0    12     1     3
 -6.9308452665008485E-02 a       224     0    12     1     4
 -2.7610470175676594E-01 a       225     0    12     1     5
  1.5934115216543673E-01 a       226     0    12     1     6
 -4.0120870108534379E-02 a       227     0    12     1     7
 -1.1434699496586966E-01 a       228     0    12     1     8
  1.1235978422095602E-01 a       229     0    12     1     9
 -8.9542841977080859E-03 a       230     0    12     1    10
  2.1125998262461521E-01 a       231     0    12     1    11
  3.3524576574336003E-02 a       232     0    12     1    12
 -1.2003826734084565E-01 a       233     0    12     1    13
  3.5914496320517582E-02 a       234     0    12     1    14
  1.7898226600719186E-01 a       235     0    12     1    15
 -2.4645575762017372E-02 a       236     0    12     1    16
 -4.1323547096219007E-03 a       237     0    12     1    17
 -4.4194007423460364E-02 a       238     0    12     1    18
  2.0111190455270458E-01 a       239     0    12     1    19
  1.0889089624993883E-01 a       240     0    12     1    20
  3.4812444512199517E-02 a       241     0    13     1     1
  6.4879964585178888E-03 a       242     0    13     1     2
 -1.2704099719229042E-01 a       243     0    13     1     3
 -3.1582069386419165E-01 a       244     0    13     1     4
 -1.1304078778706529E-01 a       245     0    13     1     5
  3.8561663856271113E-02 a       246     0    13     1     6
  4.3985419261104910E-03 a       247     0    13     1     7
 -2.2532504704532816E-02 a       248     0    13     1     8
 -6.8943105146791334E-02 a       249     0    13     1     9
 -1.5939504527272758E-01 a       250     0    13     1    10
  1.6130489476522050E-01 a       251     0    13     1    11
 -2.3879727560647912E-01 a       252     0    13     1    12
  1.5525938670020523E-01 a       253     0    13     1    13
  1.7832789510953426E-01 a       254     0    13     1    14
 -5.5571623512094062E-02 a       255     0    13     1    15
  8.5287080825388870E-02 a       256     0    13     1    16
  3.4009420761088022E-01 a       257     0    13     1    17
  2.2944634292693589E-01 a       258     0    13     1    18
  8.4264827070935078E-02 a       259     0    13     1    19
 -2.4067782461166424E-02 a       260     0    13     1    20
  1.4386090886699752E-03 a       261     0    14     1     1
  7.6137667763391287E-02 a       262     0    14     1     2
 -1.2136131371930819E-01 a       263     0    14     1     3
 -2.1709386195925492E-02 a       264     0    14     1     4
  4.3563681536729168E-02 a       265     0    14     1     5
  2.0585449981302020E-01 a       266     0    14     1     6
 -1.3941544850446466E-01 a       267     0    14     1     7
  4.0988367610726481E-02 a       268     0    14     1     8
 -9.1201496283993128E-02 a       269     0    14     1     9
 -4.1796701828654213E-02 a       270     0    14     1    10
  1.3886737443620037E-01 a       271     0    14     1    11
  1.8234303455266976E-01 a       272     0    14     1    12
  3.3575590728790014E-03 a       273     0    14     1    13
 -1.2326388653133484E-01 a       274     0    14     1    14
  1.5591337127207686E-01 a       275     0    14     1    15
 -1.2800329652104228E-01 a       276     0    14     1    16
 -1.8700645180599143E-01 a       277     0    14     1    17
 -1.0014178705850751E-01 a       278     0    14     1    18
  2.0156773489411881E-01 a       279     0    14     1    19
  2.5060603066621667E-01 a       280     0    14     1    20
  9.0682480467872265E-02 a       281     0    15     1     1
  4.7940721641155114E-02 a       282     0    15     1     2
  1.2206349354545246E-02 a       283     0    15     1     3
 -7.8391634990412611E-03 a       284     0    15     1     4
  1.0146635487558482E-01 a       285     0    15     1     5
 -1.6027950789074485E-01 a       286     0    15     1     6
  8.5742093761889446E-02 a       287     0    15     1     7
  1.9525087379662784E-01 a       288     0    15     1     8
  1.7411676954686494E-02 a       289     0    15     1     9
 -3.3731962260225484E-02 a       290     0    15     1    10
 -6.9975142867185314E-02 a       291     0    15     1    11
  1.2392183970587764E-01 a       292     0    15     1    12
  8.6116746783253317E-02 a       293     0    15     1    13
  6.9730560511746531E-02 a       294     0    15     1    14
 -1.2078003787745177E-01 a       295     0    15     1    15
 -2.0678044176550517E-02 a       296     0    15     1    16
 -7.4037743315271715E-02 a       297     0    15     1    17
 -1.6371491173078383E-02 a       298     0    15     1    18
 -3.9518887665150527E-02 a       299     0    15     1    19
 -3.4064983416978736E-02 a       300     0    15     1    20
 -1.2621599480842297E-01 a       301     0    16     1     1
  1.4011858880240199E-01 a       302     0    16     1     2
  9.0541905971304626E-02 a       303     0    16     1     3
  3.1596749819284514E-01 a       304     0    16     1     4
  1.5300800829495523E-01 a       305     0    16     1     5
  1.1526519202595575E-01 a       306     0    16     1     6
  4.2296451970134714E-02 a       307     0    16     1     7
 -3.8392906549460835E-02 a       308     0    16     1     8
  7.1970646627450369E-02 a       309     0    16     1     9
  1.6166401905154182E-01 a       310     0    16     1    10
 -9.8035192692163733E-03 a       311     0    16     1    11
  1.0500816455482541E-01 a       312     0    16     1    12
 -6.2300915803247960E-02 a       313     0    16     1    13
 -4.8241541340333982E-02 a       314     0    16     1    14
 -1.3071802028222468E-01 a       315     0    16     1    15
  7.1116358733720755E-02 a       316     0    16     1    16
 -3.0040235135141025E-02 a       317     0    16     1    17
 -1.2929881052175715E-01 a       318     0    16     1    18
 -3.1199075966905961E-02 a       319     0    16     1    19
 -1.3679569462874480E-01 a       320     0    16     1    20
  2.1593114584395473E-01 a       321     0    17     1     1
 -1.5614224457816522E-01 a       322     0    17     1     2
  2.1656874805955498E-01 a       323     0    17     1     3
 -5.1400447044404718E-02 a       324     0    17     1     4
 -4.9787171015071546E-02 a       325     0    17     1     5
 -1.7306129099430939E-01 a       326     0    17     1     6
  3.3564102498598425E-02 a       327     0    17     1     7
 -1.8870350240773701E-02 a       328     0    17     1     8
  2.7108985476154319E-02 a       329     0    17     1     9
 -5.0926529491993637E-03 a       330     0    17     1    10
 -4.3682251409158566E-02 a       331     0    17     1    11
  3.2527536004850061E-02 a       332     0    17     1    12
 -1.5591908169454075E-01 a       333     0    17     1    13
  6.2335091932130431E-02 a       334     0    17     1    14
 -1.2338852541054580E-01 a       335     0    17     1    15
 -3.3406248958851088E-02 a       336     0    17     1    16
  1.3768437707248277E-01 a       337     0    17     1    17
 -6.0274627053780998E-02 a       338     0    17     1    18
 -2.3824934429293054E-01 a       339     0    17     1    19
 -4.8333325537921544E-02 a       340     0    17     1    20
 -3.6061262197202071E-02 a       341     0    18     1     1
  1.3052875331853779E-02 a       342     0    18     1     2
  2.6035411114054812E-02 a       343     0    18     1     3
 -4.1159743276201442E-03 a       344     0    18     1     4
 -1.2534305373609636E-01 a       345     0    18     1     5
  1.3053307840080505E-01 a       346     0    18     1     6
 -1.3843755833190870E-02 a       347     0    18     1     7
 -4.2983262435508783E-02 a       348     0    18     1     8
 -3.0850468884763296E-02 a       349     0    18     1     9
  2.0477928800848241E-02 a       350     0    18     1    10
  9.1435600341761833E-02 a       351     0    18     1    11
 -5.8984671212587804E-02 a       352     0    18     1    12
 -8.3748472928175596E-02 a       353     0    18     1    13
 -5.0340170316808597E-02 a       354     0    18     1    14
  4.7367633148320570E-02 a       355     0    18     1    15
  5.1320655091318355E-02 a       356     0    18     1    16
  6.9959177452287039E-02 a       357     0    18     1    17
 -7.7109381969024003E-03 a       358     0    18     1    18
  1.8607767911383619E-02 a       359     0    18     1    19
  4.7827243877566476E-02 a       360     0    18     1    20
 -5.1113170619248770E-02 a       361     0    19     1     1
 -2.4708619007948046E-02 a       362     0    19     1     2
 -2.0049397191035201E-01 a       363     0    19     1     3
 -1.4121807052209168E-01 a       364     0    19     1     4
 -9.4996246759676647E-02 a       365     0    19     1     5
 -4.3326932823822044E-02 a       366     0    19     1     6
 -4.6700581982011456E-02 a       367     0    19     1     7
  6.4385886663137076E-02 a       368     0    19     1     8
  6.8092833662259976E-03 a       369     0    19     1     9
 -8.3371370766833292E-02 a       370     0    19     1    10
  3.1194989600953418E-02 a       371     0    19     1    11
 -1.6185281791710154E-01 a       372     0    19     1    12
  2.2160759354253348E-01 a       373     0    19     1    13
  2.6258387553479225E-02 a       374     0    19     1    14
  6.2134829767311181E-03 a       375     0    19     1    15
 -7.6744252433962365E-02 a       376     0    19     1    16
 -1.2335063467856933E-01 a       377     0    19     1    17
  1.7755560923850969E-01 a       378     0    19     1    18
  1.7900253837413110E-01 a       379     0    19     1    19
  8.2396313017597880E-02 a       380     0    19     1    20
  5.3375683608242276E-02 a       381     0    20     1     1
  8.5496425263648090E-02 a       382     0    20     1     2
  4.6693263741240186E-02 a       383     0    20     1     3
 -2.5631069094585009E-02 a       384     0    20     1     4
 -1.7396164202275174E-01 a       385     0    20     1     5
  4.3747142866481591E-02 a       386     0    20     1     6
  1.2877157329676087E-01 a       387     0    20     1     7
  8.9242404534905742E-02 a       388     0    20     1     8
 -9.5850456302021478E-03 a       389     0    20     1     9
 -7.4032612139337210E-03 a       390     0    20     1    10
  4.2774210086314671E-03 a       391     0    20     1    11
  9.8001255487667305E-02 a       392     0    20     1    12
 -5.6200590945588401E-02 a       393     0    20     1    13
 -1.3798659473256336E-01 a       394     0    20     1    14
  2.0394009022173984E-01 a       395     0    20     1    15
  1.0627409878972206E-01 a       396     0    20     1    16
 -1.0164335567408800E-01 a       397     0    20     1    17
 -1.2438293842270820E-01 a       398     0    20     1    18
 -3.3255219306872084E-03 a       399     0    20     1    19
  8.2855897196668124E-02 a       400     0    20     1    20
  1.2885966881940447E-01 a       401     0    21     1     1
 -1.6424752894860026E-01 a       402     0    21     1     2
  6.3994642580117153E-02 a       403     0    21     1     3
 -3.5188181322954645E-03 a       404     0    21     1     4
 -4.8986216176079178E-02 a       405     0    21     1     5
 -1.2864803448405743E-01 a       406     0    21     1     6
  1.5522958597909303E-01 a       407     0    21     1     7
  1.1366752390911275E-01 a       408     0    21     1     8
  4.6696215904390975E-03 a       409     0    21     1     9
 -2.8356694333159894E-02 a       410     0    21     1    10
 -8.4926605502708544E-02 a       411     0    21     1    11
 -1.1073428464607049E-02 a       412     0    21     1    12
  1.0619759665535746E-02 a       413     0    21     1    13
 -7.3905549139053228E-02 a       414     0    21     1    14
 -6.3710388826176953E-02 a       415     0    21     1    15
  8.1106820281116238E-02 a       416     0    21     1    16
 -5.4796693186991187E-02 a       417     0    21     1    17
 -9.7388619383263153E-02 a       418     0    21     1    18
 -1.0491545553080851E-01 a       419     0    21     1    19
  1.8733835041786287E-02 a       420     0    21     1    20
 -6.0690202174368171E-02 a       421     0    22     1     1
  1.8214650516164037E-02 a       422     0    22     1     2
  1.0738546997472403E-01 a       423     0    22     1     3
  2.1106487572820262E-01 a       424     0    22     1     4
  2.0465152634884756E-01 a       425     0    22     1     5
  7.5445976165014084E-02 a       426     0    22     1     6
 -6.0866654914405356E-02 a       427     0    22     1     7
 -8.9188416181147104E-02 a       428     0    22     1     8
 -7.2179995617063092E-02 a       429     0    22     1     9
  8.7332277109531536E-02 a       430     0    22     1    10
 -7.9811835262700252E-03 a       431     0    22     1    11
  1.7560586437122890E-02 a       432     0    22     1    12
 -1.3132413249279626E-01 a       433     0    22     1    13
  4.1049716519030097E-02 a       434     0    22     1    14
 -1.7964886449448811E-01 a       435     0    22     1    15
  3.0885004815939449E-02 a       436     0    22     1    16
  1.9132916799941130E-01 a       437     0    22     1    17
 -4.4375378129734369E-02 a       438     0    22     1    18
 -1.1680826424880966E-01 a       439     0    22     1    19
 -1.4921445643531200E-01 a       440     0    22     1    20
  1.9951289824493249E-01 a       441     0    23     1     1
 -1.9036009216461761E-01 a       442     0    23     1     2
  8.6473037573323877E-02 a       443     0    23     1     3
 -1.3768461089220260E-01 a       444     0    23     1     4
 -1.2566541207759402E-01 a       445     0    23     1     5
 -3.9837292330235106E-02 a       446     0    23     1     6
  1.5658593809789254E-01 a       447     0    23     1     7
 -6.4781666609385162E-03 a       448     0    23     1     8
  2.8609942420294441E-02 a       449     0    23     1     9
 -3.8180383423070806E-02 a       450     0    23     1    10
  7.5777004648270641E-04 a       451     0    23     1    11
  1.8797986317426560E-02 a       452     0    23     1    12
 -7.3789332974403640E-02 a       453     0    23     1    13
 -1.9356769734838644E-02 a       454     0    23     1    14
 -3.8724917427063694E-02 a       455     0    23     1    15
  9.6641444155348408E-02 a       456     0    23     1    16
  5.6882150697884805E-02 a       457     0    23     1    17
 -1.0548438590569142E-01 a       458     0    23     1    18
 -3.3407683260100435E-02 a       459     0    23     1    19
  1.0400093862739972E-01 a       460     0    23     1    20
  4.8978032458407261E-02 a       461     0    24     1     1
  1.4395056443149683E-03 a       462     0    24     1     2
 -2.7611669575336062E-02 a       463     0    24     1     3
 -5.3324482221597518E-02 a       464     0    24     1     4
 -6.0095999200651000E-02 a       465     0    24     1     5
  8.3979279109692676E-02 a       466     0    24     1     6
  6.4962186894991433E-02 a       467     0    24     1     7
 -5.6725022890925313E-02 a       468     0    24     1     8
 -3.8707213289796177E-02 a       469     0    24     1     9
  2.1762046567649528E-02 a       470     0    24     1    10
  1.2656543523112580E-02 a       471     0    24     1    11
 -5.1001329011415013E-02 a       472     0    24     1    12
 -2.1314170606468518E-02 a       473     0    24     1    13
  5.8330580449538073E-02 a       474     0    24     1    14
 -9.2948125082431568E-02 a       475     0    24     1    15
  7.5549914720872580E-02 a       476     0    24     1    16
  1.6386462935897315E-02 a       477     0    24     1    17
 -1.3036442126253383E-02 a       478     0    24     1    18
  8.0423196540319028E-02 a       479     0    24     1    19
  7.1026425820991834E-02 a       480     0    24     1    20
  4.0117319312256809E-02 a       481     0    25     1     1
  2.9215006689081377E-02 a       482     0    25     1     2
 -6.0883704896570308E-02 a       483     0    25     1     3
 -1.0657300325865739E-01 a       484     0    25     1     4
 -1.4159808929681134E-01 a       485     0    25     1     5
 -2.8434279312836031E-02 a       486     0    25     1     6
  8.3680877331614140E-02 a       487     0    25     1     7
  6.6911946122397703E-02 a       488     0    25     1     8
  4.1104912207505194E-02 a       489     0    25     1     9
 -3.3905434089771251E-02 a       490     0    25     1    10
  3.4167400970453849E-03 a       491     0    25     1    11
 -4.2430667338469029E-02 a       492     0    25     1    12
  8.5160109395695890E-02 a       493     0    25     1    13
 -2.4294307938807828E-02 a       494     0    25     1    14
  4.7726538246978013E-02 a       495     0    25     1    15
  2.7624811944565519E-02 a       496     0    25     1    16
 -1.1274356583200626E-01 a       497     0    25     1    17
  1.0524340591316184E-02 a       498     0    25     1    18
  7.6313459492838784E-02 a       499     0    25     1    19
  8.1476863114343240E-02 a       500     0    25     1    20
 -5.3186448605816568E-02 a       501     0    26     1     1
  1.4925267865428954E-01 a       502     0    26     1     2
 -6.5615375825017934E-03 a       503     0    26     1     3
  2.8470236386555055E-02 a       504     0    26     1     4
 -3.3406366121606856E-02 a       505     0    26     1     5
 -1.9581355247658735E-02 a       506     0    26     1     6
  6.1781443688829318E-04 a       507     0    26     1     7
  3.2463357830820168E-02 a       508     0    26     1     8
  4.1676101661338640E-03 a       509     0    26     1     9
  1.6351590434401535E-02 a       510     0    26     1    10
 -1.4190765434089477E-02 a       511     0    26     1    11
  1.5018868807085856E-02 a       512     0    26     1    12
  6.2971621810894232E-03 a       513     0    26     1    13
  7.5043390879654427E-03 a       514     0    26     1    14
  2.7816485603088109E-02 a       515     0    26     1    15
  3.5146668269994425E-04 a       516     0    26     1    16
 -5.5854355617879978E-02 a       517     0    26     1    17
  1.3251897180699104E-02 a       518     0    26     1    18
  3.2021783238591721E-03 a       519     0    26     1    19
 -3.6586844637516179E-02 a       520     0    26     1    20
 -2.7759021423506496E-02 a       521     0    27     1     1
  8.2483455765233554E-02 a       522     0    27     1     2
  1.3661704953219139E-02 a       523     0    27     1     3
  3.3686199614848902E-03 a       524     0    27     1     4
  1.0134859095591526E-02 a       525     0    27     1     5
 -5.2473960270855567E-02 a       526     0    27     1     6
 -8.5393875031447176E-03 a       527     0    27     1     7
  5.9200186292382259E-02 a       528     0    27     1     8
  1.6584669193898952E-02 a       529     0    27     1     9
 -1.8796757703168201E-02 a       530     0    27     1    10
  2.2572647936239241E-03 a       531     0    27     1    11
  5.8371287047016406E-02 a       532     0    27     1    12
  1.0215466610697275E-02 a       533     0    27     1    13
 -1.3674167866127919E-02 a       534     0    27     1    14
 -3.4787422729012020E-03 a       535     0    27     1    15
 -2.2232106105915580E-02 a       536     0    27     1    16
 -3.0591170318748043E-02 a       537     0    27     1    17
  1.3112605265205185E-02 a       538     0    27     1    18
 -3.0820686113247588E-02 a       539     0    27     1    19
 -2.5027052120508167E-02 a       540     0    27     1    20
 -1.6014749614054715E-02 a       541     0    28     1     1
 -3.2835771634978903E-02 a       542     0    28     1     2
  2.8265843904703831E-03 a       543     0    28     1     3
  5.9792231105434378E-02 a       544     0    28     1     4
  8.9237260696741774E-02 a       545     0    28     1     5
  2.2261958074320649E-02 a       546     0    28     1     6
 -2.7216053930325633E-02 a       547     0    28     1     7
 -4.9834928845593700E-02 a       548     0    28     1     8
 -7.1715754983935509E-02 a       549     0    28     1     9
  2.0588717351673575E-02 a       550     0    28     1    10
 -1.7434467415283726E-02 a       551     0    28     1    11
 -3.9985441226051625E-02 a       552     0    28     1    12
 -3.6026483840631111E-02 a       553     0    28     1    13
  7.4950525983874292E-02 a       554     0    28     1    14
 -9.8238347919516189E-02 a       555     0    28     1    15
  1.4050314221864807E-02 a       556     0    28     1    16
  4.2306749129335554E-02 a       557     0    28     1    17
  1.9946826666595224E-02 a       558     0    28     1    18
 -1.6627841083508829E-02 a       559     0    28     1    19
 -4.7894317982272547E-02 a       560     0    28     1    20
  1.1175238168602947E-01 a       561     0    29     1     1
 -5.1022300285480680E-02 a       562     0    29     1     2
  2.4447825798613598E-02 a       563     0    29     1     3
 -1.0403452405403471E-01 a       564     0    29     1     4
 -1.2622897166741415E-01 a       565     0    29     1     5
  1.2015604451680999E-02 a       566     0    29     1     6
  1.3941453835199749E-01 a       567     0    29     1     7
  2.3271335078561283E-02 a       568     0    29     1     8
  7.8671330282393995E-02 a       569     0    29     1     9
 -2.4269709519608967E-02 a       570     0    29     1    10
  2.0519209893757499E-02 a       571     0    29     1    11
  4.5443342809484262E-02 a       572     0    29     1    12
  1.4173860771043139E-03 a       573     0    29     1    13
 -8.8334461912472170E-02 a       574     0    29     1    14
  5.0576372354871293E-02 a       575     0    29     1    15
  8.4480528241643010E-02 a       576     0    29     1    16
 -1.6785420535463131E-02 a       577     0    29     1    17
 -9.1323877337590412E-02 a       578     0    29     1    18
  2.7749954257193281E-02 a       579     0    29     1    19
  1.0281500082071955E-01 a       580     0    29     1    20
  7.0679776961526872E-03 a       581     0    30     1     1
  4.3427060651666877E-02 a       582     0    30     1     2
  9.5471166250601421E-03 a       583     0    30     1     3
  1.6074759947037540E-02 a       584     0    30     1     4
 -3.1092045800507499E-02 a       585     0    30     1     5
  4.2555017003776681E-02 a       586     0    30     1     6
  7.6540483707947882E-03 a       587     0    30     1     7
 -1.9751191295900042E-02 a       588     0    30     1     8
  4.1872328272350427E-02 a       589     0    30     1     9
  1.0772161277968297E-02 a       590     0    30     1    10
  4.9073486303400651E-02 a       591     0    30     1    11
  1.3266646937794578E-02 a       592     0    30     1    12
 -7.9234153654395498E-03 a       593     0    30     1    13
 -5.9624237391851876E-03 a       594     0    30     1    14
 -9.6865498184257985E-03 a       595     0    30     1    15
  8.0129412726610283E-03 a       596     0    30     1    16
  2.5186880314706193E-02 a       597     0    30     1    17
 -1.9532150208656632E-02 a       598     0    30     1    18
  3.7132929501193276E-02 a       599     0    30     1    19
 -7.5659566237874553E-03 a       600     0    30     1    20
 -7.5474408771191062E-02 a       601     0    31     1     1
  3.0962559743425544E-02 a       602     0    31     1     2
  1.5502759362072449E-01 a       603     0    31     1     3
  2.9296542265859155E-01 a       604     0    31     1     4
  2.6210152537610076E-01 a       605     0    31     1     5
  1.8835518995340950E-01 a       606     0    31     1     6
 -4.1611347998852188E-01 a       607     0    31     1     7
  1.3943831364163103E-01 a       608     0    31     1     8
 -1.5647057769949144E-01 a       609     0    31     1     9
 -1.0235331558816695E-01 a       610     0    31     1    10
  4.5940663986647597E-02 a       611     0    31     1    11
  1.8851081555301935E-01 a       612     0    31     1    12
 -7.9208525619983261E-02 a       613     0    31     1    13
 -2.7819899790493068E-03 a       614     0    31     1    14
 -2.7292014160857025E-01 a       615     0    31     1    15
 -2.8719362750416833E-01 a       616     0    31     1    16
  2.8041953534242753E-01 a       617     0    31     1    17
  1.3857234922411832E-01 a       618     0    31     1    18
 -1.2491876931731642E-02 a       619     0    31     1    19
 -5.4084837455050640E-02 a       620     0    31     1    20
  4.7995797430635728E-02 a       621     0    32     1     1
  3.8451128416261743E-01 a       622     0    32     1     2
 -2.8665669477107924E-02 a       623     0    32     1     3
 -2.4666076528361425E-01 a       624     0    32     1     4
 -2.5129699875676981E-01 a       625     0    32     1     5
 -1.8110561108025522E-01 a       626     0    32     1     6
 -1.0488429759742851E-01 a       627     0    32     1     7
 -5.6134504698412821E-03 a       628     0    32     1     8
  2.3275750839378778E-01 a       629     0    32     1     9
  3.3290141753909708E-01 a       630     0    32     1    10
  6.2238678984316384E-02 a       631     0    32     1    11
  2.0098122429591900E-01 a       632     0    32     1    12
 -3.0472180725117304E-01 a       633     0    32     1    13
 -1.7859761701289104E-01 a       634     0    32     1    14
  7.2738654318537793E-02 a       635     0    32     1    15
 -2.6467667286749780E-01 a       636     0    32     1    16
  2.6613459484231167E-01 a       637     0    32     1    17
 -2.6939804466702177E-01 a       638     0    32     1    18
  1.0258551539511018E-01 a       639     0    32     1    19
  3.5464624211444096E-01 a       640     0    32     1    20
 -1.2999464129792759E-01 a       641     0    33     1     1
 -2.1935393334826528E-01 a       642     0    33     1     2
 -1.2626865241952720E-01 a       643     0    33     1     3
 -1.3591528573148080E-02 a       644     0    33     1     4
 -3.8839213899454342E-02 a       645     0    33     1     5
 -2.3156921610367581E-01 a       646     0    33     1     6
 -1.4668184184687089E-01 a       647     0    33     1     7
  1.6847417399681894E-01 a       648     0    33     1     8
 -1.6662375951138297E-01 a       649     0    33     1     9
  8.8051676475825513E-02 a       650     0    33     1    10
 -8.4297521305522774E-02 a       651     0    33     1    11
 -1.4812883703708088E-01 a       652     0    33     1    12
  1.3354771136481189E-02 a       653     0    33     1    13
 -5.7418393750781394E-02 a       654     0    33     1    14
 -2.9728720802486158E-01 a       655     0    33     1    15
 -2.0246481561013260E-01 a       656     0    33     1    16
 -1.6444642340701499E-01 a       657     0    33     1    17
  1.2769338249997683E-01 a       658     0    33     1    18
  4.9236518539237557E-03 a       659     0    33     1    19
  2.0022825113892714E-01 a       660     0    33     1    20
 -3.2848240341182017E-01 a       661     0    34     1     1
 -3.2552056831539078E-01 a       662     0    34     1     2
 -2.1176964919751853E-01 a       663     0    34     1     3
  6.6390250698578956E-02 a       664     0    34     1     4
  2.4177266016200911E-02 a       665     0    34     1     5
  1.7612323174030331E-01 a       666     0    34     1     6
  3.6460422499697831E-01 a       667     0    34     1     7
  2.9201740728305037E-01 a       668     0    34     1     8
 -5.1933458453253777E-03 a       669     0    34     1     9
 -3.5147297480179773E-01 a       670     0    34     1    10
 -1.1794849972277237E-01 a       671     0    34     1    11
 -3.0451333010604248E-01 a       672     0    34     1    12
  4.4734566462123182E-01 a       673     0    34     1    13
 -1.1053795036104946E-01 a       674     0    34     1    14
  8.7225379302372924E-02 a       675     0    34     1    15
  5.3418769346125194E-01 a       676     0    34     1    16
  2.8200322665906410E-02 a       677     0    34     1    17
  1.6778787882255425E-01 a       678     0    34     1    18
  1.7646665947282578E-01 a       679     0    34     1    19
 -2.0287782529707871E-01 a       680     0    34     1    20
 -2.2703618895034691E-01 a       681     0    35     1     1
  1.1769988254773632E-01 a       682     0    35     1     2
  7.3023965972641269E-02 a       683     0    35     1     3
  1.2855250257212322E-01 a       684     0    35     1     4
 -2.3739511125114152E-01 a       685     0    35     1     5
  3.7902945582093045E-01 a       686     0    35     1     6
  6.1022516725551181E-02 a       687     0    35     1     7
 -2.7059971509856862E-01 a       688     0    35     1     8
 -3.1278665796851574E-01 a       689     0    35     1     9
  1.9940185400534793E-01 a       690     0    35     1    10
  2.2690693305332471E-01 a       691     0    35     1    11
 -1.9743623557355786E-01 a       692     0    35     1    12
  3.1295010161284542E-01 a       693     0    35     1    13
 -3.3243904856816237E-01 a       694     0    35     1    14
 -3.1436353309204396E-01 a       695     0    35     1    15
  2.5564468755765446E-01 a       696     0    35     1    16
 -2.5990256374982989E-02 a       697     0    35     1    17
 -8.1338671333992633E-03 a       698     0    35     1    18
  3.6673120484606531E-01 a       699     0    35     1    19
 -2.3657859210426646E-01 a       700     0    35     1    20
  1.2916123155123299E-01 a       701     0    36     1     1
 -6.4101014253894030E-03 a       702     0    36     1     2
  1.2493502497993941E-01 a       703     0    36     1     3
 -6.5114047119359905E-02 a       704     0    36     1     4
 -2.7999925542661741E-01 a       705     0    36     1     5
  4.4719140150807080E-02 a       706     0    36     1     6
  3.1779781372072108E-01 a       707     0    36     1     7
 -1.0518141281931422E-01 a       708     0    36     1     8
 -6.0499572204404488E-02 a       709     0    36     1     9
  2.5410881944725711E-01 a       710     0    36     1    10
  7.6736339418753699E-02 a       711     0    36     1    11
 -1.4278149936839252E-01 a       712     0    36     1    12
  2.4519062393812210E-01 a       713     0    36     1    13
 -1.4510605214440259E-01 a       714     0    36     1    14
  7.4844053817858733E-02 a       715     0    36     1    15
  2.3725424439609863E-01 a       716     0    36     1    16
 -1.2111006621757699E-01 a       717     0    36     1    17
 -9.4523601415636954E-02 a       718     0    36     1    18
 -2.5128208365537774E-01 a       719     0    36     1    19
 -1.9523509524130261E-01 a       720     0    36     1    20
  9.9789029621502309E-02 a       721     0    37     1     1
  2.3705050704132931E-02 a       722     0    37     1     2
 -1.8417216074010023E-01 a       723     0    37     1     3
  3.7290520616033229E-01 a       724     0    37     1     4
  3.3517251803366305E-01 a       725     0    37     1     5
 -4.2152425105220376E-01 a       726     0    37     1     6
  2.7084666842924110E-01 a       727     0    37     1     7
  3.7235513186449132E-01 a       728     0    37     1     8
  6.8424599712696488E-01 a       729     0    37     1     9
 -6.5685550459589714E-01 a       730     0    37     1    10
 -4.5621645715319681E-01 a       731     0    37     1    11
 -6.2249420912951096E-02 a       732     0    37     1    12
 -2.8561254441592177E-01 a       733     0    37     1    13
  2.8643389898035578E-02 a       734     0    37     1    14
  9.7327596925872575E-02 a       735     0    37     1    15
  1.6749945888503465E-01 a       736     0    37     1    16
 -8.7428986289768262E-01 a       737     0    37     1    17
 -2.0877445522343871E-01 a       738     0    37     1    18
  3.3471215982296776E-01 a       739     0    37     1    19
  9.7900293605969538E-02 a       740     0    37     1    20
  7.9407445016585351E-02 a       741     0    38     1     1
  1.4444262023433632E-01 a       742     0    38     1     2
 -4.0041898877752190E-02 a       743     0    38     1     3
  1.3479563394542338E-01 a       744     0    38     1     4
  1.0997945570716999E-01 a       745     0    38     1     5
  2.8939528134475484E-01 a       746     0    38     1     6
 -6.9324471420337694E-02 a       747     0    38     1     7
 -1.1302100532640683E-01 a       748     0    38     1     8
 -3.5148642674297619E-03 a       749     0    38     1     9
 -1.0602550041171466E-01 a       750     0    38     1    10
 -5.4603331418348409E-02 a       751     0    38     1    11
 -6.8081831354944305E-02 a       752     0    38     1    12
 -1.7914836891561317E-01 a       753     0    38     1    13
  2.9570878566614073E-01 a       754     0    38     1    14
 -6.3138206360919838E-02 a       755     0    38     1    15
  8.0849178349626002E-02 a       756     0    38     1    16
  9.8858524495452738E-02 a       757     0    38     1    17
  8.5402254807040737E-02 a       758     0    38     1    18
 -3.4042450283711934E-01 a       759     0    38     1    19
 -1.5062633052063981E-01 a       760     0    38     1    20
  4.2877894786277418E-02 a       761     0    39     1     1
 -4.4109429327874469E-02 a       762     0    39     1     2
 -7.7624711111185574E-02 a       763     0    39     1     3
 -2.5481312755691515E-01 a       764     0    39     1     4
 -1.6452503125697021E-01 a       765     0    39     1     5
  3.0242524502118551E-01 a       766     0    39     1     6
 -4.7310614582297510E-02 a       767     0    39     1     7
 -2.2210022229402085E-01 a       768     0    39     1     8
 -1.3582478502572817E-01 a       769     0    39     1     9
  2.4351780762734176E-01 a       770     0    39     1    10
  2.6493654399264643E-01 a       771     0    39     1    11
  1.0454657774699549E-01 a       772     0    39     1    12
  1.2420319536865294E-01 a       773     0    39     1    13
  1.9548681045803068E-01 a       774     0    39     1    14
  7.1525425452827907E-03 a       775     0    39     1    15
 -5.4348232696303289E-02 a       776     0    39     1    16
  2.1862654700578565E-01 a       777     0    39     1    17
  6.2376667724589475E-02 a       778     0    39     1    18
 -5.2600255542855558E-02 a       779     0    39     1    19
  7.1074603621150659E-02 a       780     0    39     1    20
 -1.7896593962404863E-02 a       781     0    40     1     1
  3.4697973306640928E-01 a       782     0    40     1     2
 -2.0503866603290281E-02 a       783     0    40     1     3
  9.4021041602570538E-03 a       784     0    40     1     4
  2.3726636052448294E-01 a       785     0    40     1     5
 -7.1731672294820997E-02 a       786     0    40     1     6
 -8.2713484516036509E-02 a       787     0    40     1     7
  5.5618776269169660E-03 a       788     0    40     1     8
  3.0890748659224077E-01 a       789     0    40     1     9
 -6.8915786866619186E-02 a       790     0    40     1    10
  1.0117369856617818E-01 a       791     0    40     1    11
  6.3798396456126852E-02 a       792     0    40     1    12
  8.0114848916609423E-03 a       793     0    40     1    13
  4.5582413307307616E-03 a       794     0    40     1    14
  1.3916540201139058E-01 a       795     0    40     1    15
 -1.0771991905413765E-01 a       796     0    40     1    16
  3.4899943165507770E-02 a       797     0    40     1    17
 -5.9136706145808106E-02 a       798     0    40     1    18
  4.8798725784913448E-02 a       799     0    40     1    19
 -2.1338596207435397E-02 a       800     0    40     1    20
  1.3872623700294962E-01 a       801     0    41     1     1
 -9.7252800747238272E-02 a       802     0    41     1     2
  3.2361787646122853E-02 a       803     0    41     1     3
  8.9026325560928026E-03 a       804     0    41     1     4
 -4.0986755608937463E-02 a       805     0    41     1     5
  4.4385335325801953E-02 a       806     0    41     1     6
  6.9498906421420065E-02 a       807     0    41     1     7
 -5.5394089698058306E-02 a       808     0    41     1     8
 -1.5982499735176339E-01 a       809     0    41     1     9
 -1.5028845369364656E-02 a       810     0    41     1    10
  3.3140196682296841E-02 a       811     0    41     1    11
 -2.2318015336776898E-02 a       812     0    41     1    12
 -6.8851440935682379E-02 a       813     0    41     1    13
  9.1632674187548765E-02 a       814     0    41     1    14
 -1.3159627770612717E-01 a       815     0    41     1    15
  9.9506535131937829E-02 a       816     0    41     1    16
 -1.3337852675718942E-01 a       817     0    41     1    17
 -7.0851100475554660E-03 a       818     0    41     1    18
 -5.5900741138047653E-02 a       819     0    41     1    19
  2.4517805930830331E-04 a       820     0    41     1    20
  2.7435043281420660E-02 a       821     0    42     1     1
 -1.0047433112269566E-01 a       822     0    42     1     2
  7.3150164787635488E-02 a       823     0    42     1     3
  6.3910546044886260E-02 a       824     0    42     1     4
  9.7416666179716713E-02 a       825     0    42     1     5
  6.6482998898009541E-03 a       826     0    42     1     6
  3.3211822300747561E-02 a       827     0    42     1     7
  2.7311901956435087E-02 a       828     0    42     1     8
  9.0304427652440011E-02 a       829     0    42     1     9
 -5.7100259882726040E-03 a       830     0    42     1    10
  4.8237146666133435E-04 a       831     0    42     1    11
  5.8078130671245787E-02 a       832     0    42     1    12
 -6.3677502864892321E-02 a       833     0    42     1    13
 -7.0782029510374600E-02 a       834     0    42     1    14
  1.5351842714803288E-01 a       835     0    42     1    15
  2.4666441568127053E-02 a       836     0    42     1    16
  3.2178285094480237E-02 a       837     0    42     1    17
 -1.1338080398352697E-01 a       838     0    42     1    18
 -3.6466227861236364E-02 a       839     0    42     1    19
 -3.2358856412376721E-02 a       840     0    42     1    20
  2.2325746574016123E-01 a       841     0    43     1     1
 -2.3190494456640448E-03 a       842     0    43     1     2
  5.3361065256884936E-02 a       843     0    43     1     3
 -1.3017492152617999E-01 a       844     0    43     1     4
 -1.0806390182014079E-01 a       845     0    43     1     5
 -1.1781670297636450E-01 a       846     0    43     1     6
  2.3464733890193842E-01 a       847     0    43     1     7
 -7.3517129230332462E-02 a       848     0    43     1     8
 -1.2819911518554652E-01 a       849     0    43     1     9
 -6.8023340166657620E-02 a       850     0    43     1    10
 -1.0012784264724482E-01 a       851     0    43     1    11
 -2.0165118907462434E-01 a       852     0    43     1    12
 -1.6316802723460877E-01 a       853     0    43     1    13
  4.1493036320186344E-01 a       854     0    43     1    14
  2.6748318510325057E-02 a       855     0    43     1    15
  2.2567010305061341E-01 a       856     0    43     1    16
 -1.4506734058109566E-01 a       857     0    43     1    17
 -1.1726525202977556E-01 a       858     0    43     1    18
  1.1660106253292508E-01 a       859     0    43     1    19
  2.3409187603159989E-02 a       860     0    43     1    20
  2.6479037264343297E-01 a       861     0    44     1     1
 -3.5031295614304597E-01 a       862     0    44     1     2
 -1.1318724536598973E-01 a       863     0    44     1     3
 -1.9085725871584672E-01 a       864     0    44     1     4
 -3.5903009875268532E-01 a       865     0    44     1     5
  5.3487608831218066E-02 a       866     0    44     1     6
  1.0719153208167444E-01 a       867     0    44     1     7
  1.6426345832388514E-02 a       868     0    44     1     8
 -1.1018691238158312E-01 a       869     0    44     1     9
 -1.5136878988360195E-01 a       870     0    44     1    10
  2.8347898150648344E-02 a       871     0    44     1    11
  3.0934695323287548E-02 a       872     0    44     1    12
 -8.9727771348527052E-02 a       873     0    44     1    13
  4.6469459992465695E-01 a       874     0    44     1    14
  6.6207040888140389E-02 a       875     0    44     1    15
  2.5102865604493024E-02 a       876     0    44     1    16
 -5.5396350442014575E-02 a       877     0    44     1    17
  4.2462817286529349E-02 a       878     0    44     1    18
  7.9406532554089207E-02 a       879     0    44     1    19
  2.4623681843654083E-01 a       880     0    44     1    20
  2.8986267235107759E-02 a       881     0    45     1     1
  6.1024328809529071E-02 a       882     0    45     1     2
 -2.1035152597851856E-01 a       883     0    45     1     3
  9.5312191619893613E-02 a       884     0    45     1     4
  2.0644520859794244E-01 a       885     0    45     1     5
  1.8053214484641616E-02 a       886     0    45     1     6
 -3.2552572857769546E-01 a       887     0    45     1     7
 -1.7986047243650038E-01 a       888     0    45     1     8
  2.7727411824398018E-01 a       889     0    45     1     9
 -1.5123994525493881E-01 a       890     0    45     1    10
  2.0814343513422848E-02 a       891     0    45     1    11
  1.2557439869207246E-01 a       892     0    45     1    12
  1.2639039610132247E-01 a       893     0    45     1    13
 -8.1020799848844690E-03 a       894     0    45     1    14
 -2.5835320021802854E-01 a       895     0    45     1    15
 -3.4693915880977572E-01 a       896     0    45     1    16
 -3.4080073830233669E-02 a       897     0    45     1    17
  2.1527666960758238E-01 a       898     0    45     1    18
 -2.4305376507181267E-01 a       899     0    45     1    19
  8.4749809812740065E-03 a       900     0    45     1    20
 -5.7323612782263646E-02 a       901     0    46     1     1
 -2.4319409706266261E-02 a       902     0    46     1     2
 -2.3802217543558352E-02 a       903     0    46     1     3
 -1.1056854364797343E-01 a       904     0    46     1     4
  5.2158234318386509E-02 a       905     0    46     1     5
 -4.0443142843780786E-03 a       906     0    46     1     6
 -1.5313776359438691E-01 a       907     0    46     1     7
  1.0386766907442757E-01 a       908     0    46     1     8
 -6.6845278289769366E-03 a       909     0    46     1     9
 -9.3371916456112800E-02 a       910     0    46     1    10
 -4.0856678989125352E-02 a       911     0    46     1    11
  8.2845393113835708E-02 a       912     0    46     1    12
 -1.5888854377595554E-01 a       913     0    46     1    13
  5.1111272124873611E-02 a       914     0    46     1    14
 -3.3986865066652952E-02 a       915     0    46     1    15
 -1.3423092816182894E-01 a       916     0    46     1    16
  1.1447258496369171E-01 a       917     0    46     1    17
 -4.9318292912749521E-02 a       918     0    46     1    18
 -7.4926266226865865E-02 a       919     0    46     1    19
  1.4474467114060244E-01 a       920     0    46     1    20
  5.3956332454206304E-03 a       921     0    47     1     1
 -4.5566885551606118E-01 a       922     0    47     1     2
  1.6847941839831521E-01 a       923     0    47     1     3
 -6.4321859409067067E-02 a       924     0    47     1     4
 -2.5455106342948330E-01 a       925     0    47     1     5
 -1.1491344530598188E-01 a       926     0    47     1     6
  1.7209910318740007E-01 a       927     0    47     1     7
 -4.1065736552997134E-01 a       928     0    47     1     8
 -6.5573866408629222E-01 a       929     0    47     1     9
  3.1187978062633742E-01 a       930     0    47     1    10
  7.2140414636079741E-03 a       931     0    47     1    11
 -2.6853036971410615E-01 a       932     0    47     1    12
  8.7093878588041393E-02 a       933     0    47     1    13
 -6.3900053470171747E-02 a       934     0    47     1    14
 -3.5122826419736758E-01 a       935     0    47     1    15
  3.2353118707924827E-01 a       936     0    47     1    16
  6.8033148405274591E-01 a       937     0    47     1    17
  4.5646241364135598E-01 a       938     0    47     1    18
  4.7105427625472422E-02 a       939     0    47     1    19
 -1.4141085162929140E-01 a       940     0    47     1    20
 -1.2450036642878520E-01 a       941     0    48     1     1
 -2.1239432850992634E-01 a       942     0    48     1     2
 -1.2843320727385948E-01 a       943     0    48     1     3
 -1.6384401025955184E-01 a       944     0    48     1     4
  3.6727655349088534E-02 a       945     0    48     1     5
 -9.9905789345022256E-02 a       946     0    48     1     6
 -6.8573902304333398E-02 a       947     0    48     1     7
 -1.1391141815819737E-01 a       948     0    48     1     8
 -2.7657408472233469E-01 a       949     0    48     1     9
  1.0562357056374287E-01 a       950     0    48     1    10
 -2.0879140240223110E-01 a       951     0    48     1    11
  1.2489726379090985E-01 a       952     0    48     1    12
  4.5166095995121482E-02 a       953     0    48     1    13
  5.0599797890060028E-02 a       954     0    48     1    14
 -5.6660875154481101E-02 a       955     0    48     1    15
 -4.5381224972216104E-02 a       956     0    48     1    16
  3.0011583965468824E-02 a       957     0    48     1    17
  1.8104612579770263E-01 a       958     0    48     1    18
  2.4485452649308589E-01 a       959     0    48     1    19
  1.5945752842171135E-01 a       960     0    48     1    20
  2.2882325568100966E-03 a       961     0    49     1     1
  2.8951512435370291E-01 a       962     0    49     1     2
 -3.6879156479442315E-02 a       963     0    49     1     3
  4.0578669287978521E-02 a       964     0    49     1     4
  1.3697935517477644E-01 a       965     0    49     1     5
 -3.0274977840126095E-02 a       966     0    49     1     6
 -3.7673109828326255E-03 a       967     0    49     1     7
  5.4999115366624121E-02 a       968     0    49     1     8
  1.5878122150963772E-01 a       969     0    49     1     9
 -9.6025452107416004E-02 a       970     0    49     1    10
 -6.9359540602875511E-02 a       971     0    49     1    11
  8.6065482621968821E-05 a       972     0    49     1    12
 -4.3451878929866794E-02 a       973     0    49     1    13
  1.6761709138468018E-02 a       974     0    49     1    14
 -1.2760958014733341E-02 a       975     0    49     1    15
 -1.1829046440396273E-02 a       976     0    49     1    16
 -2.2053538986086396E-01 a       977     0    49     1    17
 -1.2175529681526276E-01 a       978     0    49     1    18
  2.7639095133316232E-02 a       979     0    49     1    19
 -8.3280346117251026E-03 a       980     0    49     1    20
 -1.7214533843978008E-01 a       981     0    50     1     1
  5.7133523170231182E-02 a       982     0    50     1     2
 -5.6521080439125862E-02 a       983     0    50     1     3
  1.0265581310242619E-01 a       984     0    50     1     4
  2.3365227856381173E-02 a       985     0    50     1     5
  6.4150491298052975E-02 a       986     0    50     1     6
 -2.0774238496124275E-01 a       987     0    50     1     7
  1.7718409589436390E-02 a       988     0    50     1     8
  9.7938372545495492E-02 a       989     0    50     1     9
  4.5933882344377813E-02 a       990     0    50     1    10
  8.7555515643086890E-02 a       991     0    50     1    11
 -1.0864114782945458E-02 a       992     0    50     1    12
  1.7047213975071213E-01 a       993     0    50     1    13
 -1.6704330470844314E-01 a       994     0    50     1    14
  1.3230664750201115E-01 a       995     0    50     1    15
 -2.1462919221440496E-01 a       996     0    50     1    16
 -5.3926669321365771E-02 a       997     0    50     1    17
  5.5174696921572057E-02 a       998     0    50     1    18
  2.4038409564942971E-02 a       999     0    50     1    19
 -6.2086853060360034E-02 a      1000     0    50     1    20
 -8.8287803427737552E-02 b      1001     1     1
  1.2609313298111524E+00 b      1002     1     2
 -2.6571142028658257E-01 b      1003     1     3
  3.5638662852840386E-01 b      1004     1     4
 -4.0569108338105148E-01 b      1005     1     5
 -9.6807444968360501E-01 b      1006     1     6
 -7.3367598124112399E-01 b      1007     1     7
  5.6989408424606380E-01 b      1008     1     8
  9.8094532609899932E-01 b      1009     1     9
 -5.8045317367686766E-01 b      1010     1    10
 -7.9692009981331524E-01 b      1011     1    11
 -7.1558373172959977E-01 b      1012     1    12
  2.2512024626704527E-01 b      1013     1    13
  6.9808966458076338E-01 b      1014     1    14
 -1.2388348144767978E+00 b      1015     1    15
 -5.7781476403722420E-01 b      1016     1    16
 -1.5627401467367426E+00 b      1017     1    17
  1.6104609481239734E-01 b      1018     1    18
 -2.2984160664261460E-01 b      1019     1    19
  3.3957558073466798E-01 b      1020     1    20
  3.9190157616125249E-01 a      1021     1     1     2     1
  6.1425433386040817E-01 a      1022     1     1     2     2
 -2.1049191710226073E-01 a      1023     1     1     2     3
 -2.7221244297746744E-01 a      1024     1     1     2     4
 -1.5360327632937154E-01 a      1025     1     1     2     5
  2.4425281431937082E-01 a      1026     1     1     2     6
 -6.8518159405014684E-02 a      1027     1     1     2     7
  2.3691860175202070E-01 a      1028     1     1     2     8
 -5.2523152952653807E-01 a      1029     1     1     2     9
  5.2693786702607792E-01 a      1030     1     1     2    10
  2.0004882865921439E-01 a      1031     1     1     2    11
 -4.0809396147188726E-01 a      1032     1     1     2    12
  5.7566061010408354E-01 a      1033     1     1     2    13
 -7.2247927735138062E-01 a      1034     1     1     2    14
 -3.8132609358044300E-01 a      1035     1     1     2    15
  3.8755504973398824E-01 a      1036     1     1     2    16
  7.5490797068180987E-02 a      1037     1     1     2    17
 -2.9793630975940483E-01 a      1038     1     1     2    18
  1.6995621575316748E-02 a      1039     1     1     2    19
 -1.2171369082413654E+00 a      1040     1     1     2    20
 -4.7433605597850217E-02 a      1041     1     2     2     1
  3.2568087241459563E-02 a      1042     1     2     2     2
 -4.5408572160800553E-01 a      1043     1     2     2     3
  3.9611572337044165E-01 a      1044     1     2     2     4
  5.5886479339933914E-01 a      1045     1     2     2     5
  2.4075418955863589E-01 a      1046     1     2     2     6
  7.6998700290486943E-02 a      1047     1     2     2     7
 -1.2930205126946517E-01 a      1048     1     2     2     8
 -6.3823084567334032E-01 a      1049     1     2     2     9
  7.9162162536722206E-03 a      1050     1     2     2    10
  5.4178886951289618E-01 a      1051     1     2     2    11
  4.1974464645065346E-01 a      1052     1     2     2    12
 -5.4470967952859078E-02 a      1053     1     2     2    13
  2.7008826824643773E-02 a      1054     1     2     2    14
 -4.1002505024750729E-01 a      1055     1     2     2    15
  1.6542759334249174E-01 a      1056     1     2     2    16
 -2.7327637453287545E-01 a      1057     1     2     2    17
  4.4828168371214122E-01 a      1058     1     2     2    18
  2.5450620309306220E-02 a      1059     1     2     2    19
  2.6762834090272997E-01 a      1060     1     2     2    20
  2.5651366164350844E-02 a      1061     1     3     2     1
  6.4983914035969703E-01 a      1062     1     3     2     2
  6.5895914695808772E-02 a      1063     1     3     2     3
  5.9628292134191929E-01 a      1064     1     3     2     4
  1.5848056456957527E-01 a      1065     1     3     2     5
 -1.0635116531772044E-01 a      1066     1     3     2     6
  3.8651972199414415E-02 a      1067     1     3     2     7
 -3.9585153845505272E-01 a      1068     1     3     2     8
  3.1128181439116903E-01 a      1069     1     3     2     9
 -5.3736087450252920E-02 a      1070     1     3     2    10
 -1.3830331073406846E-01 a      1071     1     3     2    11
  2.8287823444075749E-01 a      1072     1     3     2    12
  2.5696301696899698E-01 a      1073     1     3     2    13
  3.0060392161779304E-01 a      1074     1     3     2    14
 -2.9439122218954972E-01 a      1075     1     3     2    15
 -4.8208536600094010E-01 a      1076     1     3     2    16
  4.7726047757935369E-01 a      1077     1     3     2    17
  6.7232278463661566E-01 a      1078     1     3     2    18
  7.3031642616149606E-01 a      1079     1     3     2    19
  7.5385282458802028E-01 a      1080     1     3     2    20
 -2.2458541850075844E-01 a      1081     1     4     2     1
 -4.8136728704545428E-01 a      1082     1     4     2     2
 -2.1745556026554744E-01 a      1083     1     4     2     3
  1.0807732591110972E+00 a      1084     1     4     2     4
 -3.3836911878813597E-01 a      1085     1     4     2     5
 -3.9376328697029422E-02 a      1086     1     4     2     6
  1.3771561629867612E-01 a      1087     1     4     2     7
  4.6745540757510989E-01 a      1088     1     4     2     8
  5.1926101806801372E-01 a      1089     1     4     2     9
 -7.6478618016515310E-01 a      1090     1     4     2    10
 -3.4065869174538854E-01 a      1091     1     4     2    11
  3.3877563767430258E-01 a      1092     1     4     2    12
 -6.3787296830352357E-03 a      1093     1     4     2    13
 -2.1590627546827854E-01 a      1094     1     4     2    14
 -6.5784664600996001E-01 a      1095     1     4     2    15
 -1.6712362281688456E-01 a      1096     1     4     2    16
  3.1674793889592261E-02 a      1097     1     4     2    17
 -1.5686683887035280E-01 a      1098     1     4     2    18
 -3.6365562224323683E-01 a      1099     1     4     2    19
 -4.2730048528824094E-01 a      1100     1     4     2    20
  7.5943682339334528E-01 a      1101     1     5     2     1
  1.4815234423536350E-01 a      1102     1     5     2     2
  2.9505601107522966E-01 a      1103     1     5     2     3
  3.6287241221624883E-01 a      1104     1     5     2     4
  3.0673883568394950E-01 a      1105     1     5     2     5
 -1.3723441413420881E-01 a      1106     1     5     2     6
 -4.1215208308619306E-01 a      1107     1     5     2     7
 -3.8449072080515334E-01 a      1108     1     5     2     8
 -3.3148590922545423E-01 a      1109     1     5     2     9
  7.8721234459844820E-03 a      1110     1     5     2    10
 -2.4777102825105433E-03 a      1111     1     5     2    11
 -7.3871283886833172E-01 a      1112     1     5     2    12
  6.3074694355266370E-01 a      1113     1     5     2    13
  2.2620885517685683E-02 a      1114     1     5     2    14
  6.6859439032858059E-01 a      1115     1     5     2    15
 -1.6415793305897146E-02 a      1116     1     5     2    16
 -2.5981474996740728E-01 a      1117     1     5     2    17
  2.3789878948633516E-02 a      1118     1     5     2    18
  5.0390857879315809E-01 a      1119     1     5     2    19
  4.1991776971100438E-02 a      1120     1     5     2    20
 -5.3439658556546943E-01 a      1121     1     6     2     1
  4.0933713349610421E-02 a      1122     1     6     2     2
  2.8959410440359939E-01 a      1123     1     6     2     3
  5.9433379038692146E-03 a      1124     1     6     2     4
 -6.3187730979669965E-01 a      1125     1     6     2     5
 -3.7145022634922259E-01 a      1126     1     6     2     6
 -5.9010324750415211E-01 a      1127     1     6     2     7
 -4.1211498746265735E-01 a      1128     1     6     2     8
  6.0635217586366497E-01 a      1129     1     6     2     9
  2.0926503846747022E-01 a      1130     1     6     2    10
  2.0666691835250331E-01 a      1131     1     6     2    11
  3.8902819381268555E-01 a      1132     1     6     2    12
  2.7788733748924344E-01 a      1133     1     6     2    13
 -4.3211186388762596E-01 a      1134     1     6     2    14
 -7.9973561709365715E-01 a      1135     1     6     2    15
  2.3457360812243486E-01 a      1136     1     6     2    16
 -5.2543837905425772E-01 a      1137     1     6     2    17
  1.7893707405398110E-01 a      1138     1     6     2    18
 -4.1550322492824876E-01 a      1139     1     6     2    19
 -1.7834976856988013E-01 a      1140     1     6     2    20
  3.8002422942230774E-02 a      1141     1     7     2     1
  4.4346021890009629E-01 a      1142     1     7     2     2
 -4.5391140652117662E-01 a      1143     1     7     2     3
  2.2144285053833637E-01 a      1144     1     7     2     4
 -4.4727298989678049E-01 a      1145     1     7     2     5
  4.2632235099090410E-01 a      1146     1     7     2     6
  2.5115541580798012E-01 a      1147     1     7     2     7
 -2.7576528268912326E-01 a      1148     1     7     2     8
 -3.1781842109031266E-01 a      1149     1     7     2     9
  5.0004159799634310E-02 a      1150     1     7     2    10
  4.8400676958803135E-01 a      1151     1     7     2    11
  6.1816354050546929E-01 a      1152     1     7     2    12
  2.8737350016663027E-01 a      1153     1     7     2    13
  5.0954492356896808E-01 a      1154     1     7     2    14
  2.9767849136183164E-02 a      1155     1     7     2    15
 -1.0526227461853913E-01 a      1156     1     7     2    16
  2.1822995483332439E-01 a      1157     1     7     2    17
  5.5746234453774013E-01 a      1158     1     7     2    18
 -5.4587657456324501E-01 a      1159     1     7     2    19
  1.5449298346797971E-01 a      1160     1     7     2    20
 -5.1027149347678080E-01 a      1161     1     8     2     1
 -3.3677161849521485E-02 a      1162     1     8     2     2
 -4.3504424861970516E-02 a      1163     1     8     2     3
 -3.5205772590395185E-01 a      1164     1     8     2     4
 -3.1487009999533816E-01 a      1165     1     8     2     5
 -5.2956624201879521E-01 a      1166     1     8     2     6
 -2.0119037832623499E-01 a      1167     1     8     2     7
  3.6725183497980080E-01 a      1168     1     8     2     8
 -2.9536416476142485E-01 a      1169     1     8     2     9
  3.1899096931303089E-01 a      1170     1     8     2    10
  5.5452554985880265E-01 a      1171     1     8     2    11
 -6.1391932527108450E-01 a      1172     1     8     2    12
 -8.3215468875199372E-02 a      1173     1     8     2    13
 -3.5717352096303234E-01 a      1174     1     8     2    14
 -3.4347920236437346E-01 a      1175     1     8     2    15
  4.8975730111443250E-01 a      1176     1     8     2    16
  2.8909516762644155E-01 a      1177     1     8     2    17
 -8.5013383638059103E-02 a      1178     1     8     2    18
  6.9591091803053884E-01 a      1179     1     8     2    19
 -3.1077418355169983E-01 a      1180     1     8     2    20
 -1.4335356334712049E-01 a      1181     1     9     2     1
 -1.2079107707425384E-02 a      1182     1     9     2     2
 -1.0437903085710480E-01 a      1183     1     9     2     3
  4.0317522618532675E-01 a      1184     1     9     2     4
 -3.5306975728476703E-01 a      1185     1     9     2     5
 -5.8418302100923536E-01 a      1186     1     9     2     6
 -4.0425760115010118E-01 a      1187     1     9     2     7
  5.7092620185797671E-01 a      1188     1     9     2     8
  4.1358069379999146E-01 a      1189     1     9     2     9
  7.5115650214398449E-02 a      1190     1     9     2    10
 -1.4171515782477279E-01 a      1191     1     9     2    11
 -8.2685819598020377E-02 a      1192     1     9     2    12
 -5.1945819634935421E-02 a      1193     1     9     2    13
 -6.0918282509974642E-01 a      1194     1     9     2    14
  2.1420956141156040E-02 a      1195     1     9     2    15
  2.1963537305834840E-01 a      1196     1     9     2    16
  5.7031174222670933E-01 a      1197     1     9     2    17
  1.7724835059383259E-01 a      1198     1     9     2    18
 -4.1313776169887478E-01 a      1199     1     9     2    19
 -1.3397458576229333E-02 a      1200     1     9     2    20
 -5.6145259506619760E-01 a      1201     1    10     2     1
  6.4199297911143993E-01 a      1202     1    10     2     2
 -3.5345478009121478E-01 a      1203     1    10     2     3
  6.3057586887819694E-01 a      1204     1    10     2     4
 -3.2730876106486440E-01 a      1205     1    10     2     5
 -2.1892269085208449E-01 a      1206     1    10     2     6
 -5.6491341442951717E-02 a      1207     1    10     2     7
  6.1605264008523586E-01 a      1208     1    10     2     8
 -3.2727453436028751E-02 a      1209     1    10     2     9
 -3.6632842639212077E-01 a      1210     1    10     2    10
 -6.8035569323499789E-01 a      1211     1    10     2    11
  3.7686272067175947E-01 a      1212     1    10     2    12
 -4.4846301148271250E-01 a      1213     1    10     2    13
 -3.0651385528385899E-01 a      1214     1    10     2    14
  5.6534222285684277E-01 a      1215     1    10     2    15
  6.7285012393608146E-01 a      1216     1    10     2    16
  3.8881738924236425E-01 a      1217     1    10     2    17
 -1.5513690890843618E-01 a      1218     1    10     2    18
  1.3607148660994550E-01 a      1219     1    10     2    19
  6.9188168701356814E-02 a      1220     1    10     2    20
  4.5513389164957024E-01 a      1221     1    11     2     1
  5.8415629270161695E-01 a      1222     1    11     2     2
  7.3505272801979371E-01 a      1223     1    11     2     3
 -3.3928523589981585E-01 a      1224     1    11     2     4
  3.0625437227990843E-01 a      1225     1    11     2     5
  4.2065480984832726E-01 a      1226     1    11     2     6
  4.2030658472249643E-01 a      1227     1    11     2     7
  5.1753760579006436E-01 a      1228     1    11     2     8
 -2.8032996011785277E-01 a      1229     1    11     2     9
  6.2428953352077488E-01 a      1230     1    11     2    10
  5.9725417006250192E-01 a      1231     1    11     2    11
 -2.2246933523465817E-01 a      1232     1    11     2    12
 -7.0062343941233812E-02 a      1233     1    11     2    13
 -1.5780606557763633E-02 a      1234     1    11     2    14
  2.2248775703043094E-01 a      1235     1    11     2    15
  5.8401803427738941E-01 a      1236     1    11     2    16
 -5.3585640214297470E-01 a      1237     1    11     2    17
 -2.2399117473088467E-02 a      1238     1    11     2    18
 -1.8583904466533946E-01 a      1239     1    11     2    19
  3.5815719859789741E-01 a      1240     1    11     2    20
  2.6937986154408511E-01 a      1241     1    12     2     1
 -1.0971544844310782E-01 a      1242     1    12     2     2
 -6.1295998166269232E-02 a      1243     1    12     2     3
 -1.1710297954965095E-01 a      1244     1    12     2     4
  1.1476434939009166E-01 a      1245     1    12     2     5
 -3.0953688978147470E-01 a      1246     1    12     2     6
 -2.5359350638899658E-02 a      1247     1    12     2     7
  1.7407614340097513E-01 a      1248     1    12     2     8
 -1.9298927545868114E-01 a      1249     1    12     2     9
 -5.1070838007693287E-01 a      1250     1    12     2    10
 -3.9277708087064306E-01 a      1251     1    12     2    11
 -4.4928929068358242E-01 a      1252     1    12     2    12
  5.9310589622439192E-01 a      1253     1    12     2    13
  3.2865586136366842E-01 a      1254     1    12     2    14
  9.4800087472648231E-02 a      1255     1    12     2    15
 -6.4026972098137636E-01 a      1256     1    12     2    16
  2.5559333424110386E-01 a      1257     1    12     2    17
 -3.8573520443605375E-01 a      1258     1    12     2    18
 -2.2769399322930600E-01 a      1259     1    12     2    19
  4.3659496187677907E-02 a      1260     1    12     2    20
 -2.2379671708791926E-01 a      1261     1    13     2     1
  2.8326569847522753E-01 a      1262     1    13     2     2
  4.6715764539376758E-01 a      1263     1    13     2     3
  2.6811474917099837E-01 a      1264     1    13     2     4
 -3.5187578953221876E-01 a      1265     1    13     2     5
  1.5911249863804849E-02 a      1266     1    13     2     6
  4.0882725816933563E-01 a      1267     1    13     2     7
  6.8968058612289662E-01 a      1268     1    13     2     8
  1.9542474291733539E-01 a      1269     1    13     2     9
 -2.4099165524246191E-01 a      1270     1    13     2    10
  9.3082521767460535E-01 a      1271     1    13     2    11
 -7.0151192806188600E-01 a      1272     1    13     2    12
  8.1007312268537968E-01 a      1273     1    13     2    13
  6.3610626508044188E-01 a      1274     1    13     2    14
 -4.1858295488377989E-01 a      1275     1    13     2    15
 -5.0474535085499905E-01 a      1276     1    13     2    16
  4.8798747921518809E-01 a      1277     1    13     2    17
 -5.1321264720712789E-01 a      1278     1    13     2    18
 -1.0099542254712333E-01 a      1279     1    13     2    19
 -9.3884570464449424E-01 a      1280     1    13     2    20
  5.7433288717806219E-01 a      1281     1    14     2     1
 -3.0032775374421983E-01 a      1282     1    14     2     2
  3.4633343688117396E-01 a      1283     1    14     2     3
 -2.7485119325275648E-01 a      1284     1    14     2     4
 -4.4682008749113794E-01 a      1285     1    14     2     5
 -3.0903399458347020E-01 a      1286     1    14     2     6
  3.9921541467962163E-01 a      1287     1    14     2     7
  6.1319497086942998E-01 a      1288     1    14     2     8
  1.6178389687285791E-01 a      1289     1    14     2     9
 -4.7486668285081268E-01 a      1290     1    14     2    10
  4.4370848421986819E-01 a      1291     1    14     2    11
 -1.1321385884304125E-01 a      1292     1    14     2    12
 -3.1004257721259570E-01 a      1293     1    14     2    13
  1.3986926450968168E-01 a      1294     1    14     2    14
  5.1435923442895481E-01 a      1295     1    14     2    15
  5.7324867224788023E-02 a      1296     1    14     2    16
  1.7512414745013363E-01 a      1297     1    14     2    17
  6.0068858762094307E-02 a      1298     1    14     2    18
 -2.3183569009576491E-01 a      1299     1    14     2    19
  8.3942849538703096E-02 a      1300     1    14     2    20
  4.6154952765599927E-01 a      1301     1    15     2     1
  4.5369147550332273E-01 a      1302     1    15     2     2
  1.6965076257084311E-01 a      1303     1    15     2     3
  4.8180082908932481E-01 a      1304     1    15     2     4
 -1.0718341044266921E-02 a      1305     1    15     2     5
  3.4394032452133733E-01 a      1306     1    15     2     6
  3.4135914859142497E-01 a      1307     1    15     2     7
  1.0983094371941880E-01 a      1308     1    15     2     8
 -4.7032439234267659E-01 a      1309     1    15     2     9
 -1.4110688230333149E-01 a      1310     1    15     2    10
 -1.6640305047653448E-02 a      1311     1    15     2    11
 -6.4000929676410434E-01 a      1312     1    15     2    12
 -4.1007846111696966E-01 a      1313     1    15     2    13
 -2.5719852933700271E-01 a      1314     1    15     2    14
 -4.2032688919265992E-01 a      1315     1    15     2    15
  5.5228276452418323E-01 a      1316     1    15     2    16
 -2.7585236722655121E-01 a      1317     1    15     2    17
  3.0093324481099959E-01 a      1318     1    15     2    18
 -3.3206744548519446E-01 a      1319     1    15     2    19
 -1.3803975823648526E-01 a      1320     1    15     2    20
 -3.3360934896649000E-02 a      1321     1    16     2     1
 -4.5051240151723232E-01 a      1322     1    16     2     2
  5.9437747680403707E-01 a      1323     1    16     2     3
 -5.4815181212443942E-01 a      1324     1    16     2     4
  6.0860251952115896E-01 a      1325     1    16     2     5
 -6.0787147479244841E-01 a      1326     1    16     2     6
 -3.3748510524542796E-01 a      1327     1    16     2     7
 -1.2147001681953261E-01 a      1328     1    16     2     8
 -6.3320007569625536E-01 a      1329     1    16     2     9
 -5.9653788770291150E-01 a      1330     1    16     2    10
 -2.9943952530929729E-01 a      1331     1    16     2    11
  3.1770629263716926E-01 a      1332     1    16     2    12
  5.0734785424372730E-01 a      1333     1    16     2    13
 -2.2715538472620786E-01 a      1334     1    16     2    14
  1.7713118301292707E-01 a      1335     1    16     2    15
 -3.6634138214768569E-01 a      1336     1    16     2    16
  3.3360629140980375E-01 a      1337     1    16     2    17
 -6.3576370525680015E-01 a      1338     1    16     2    18
  1.4355931639391267E-01 a      1339     1    16     2    19
  7.3955885937796417E-01 a      1340     1    16     2    20
 -4.7621211934529457E-02 a      1341     1    17     2     1
  1.7862767066305235E-01 a      1342     1    17     2     2
 -7.9830688580892739E-01 a      1343     1    17     2     3
 -1.8464643593376798E-02 a      1344     1    17     2     4
  7.0709215793480662E-01 a      1345     1    17     2     5
  6.6247962297901075E-01 a      1346     1    17     2     6
  5.6287580648278623E-01 a      1347     1    17     2     7
 -2.0065153511989139E-01 a      1348     1    17     2     8
 -4.7373315204413280E-01 a      1349     1    17     2     9
 -3.3272924949873184E-01 a      1350     1    17     2    10
  4.2114574835305278E-02 a      1351     1    17     2    11
 -3.7970735482434548E-01 a      1352     1    17     2    12
 -1.7412392927993875E-02 a      1353     1    17     2    13
 -8.3148338679703138E-01 a      1354     1    17     2    14
 -4.7883956654161214E-01 a      1355     1    17     2    15
  5.7073699855484405E-01 a      1356     1    17     2    16
  5.3972871364832253E-02 a      1357     1    17     2    17
 -8.3127590127910111E-01 a      1358     1    17     2    18
 -1.1515320463040587E-03 a      1359     1    17     2    19
 -5.3362080944198209E-01 a      1360     1    17     2    20
  4.1121048700476243E-01 a      1361     1    18     2     1
  7.0604641435213433E-01 a      1362     1    18     2     2
  3.6134948651714002E-02 a      1363     1    18     2     3
  9.3266980201333749E-01 a      1364     1    18     2     4
  6.3101427729894799E-01 a      1365     1    18     2     5
 -1.4878196413203795E-01 a      1366     1    18     2     6
 -1.0371330417115356E-01 a      1367     1    18     2     7
 -1.1317369913347669E-01 a      1368     1    18     2     8
 -1.8706709957807019E-01 a      1369     1    18     2     9
  3.1455642942131640E-01 a      1370     1    18     2    10
 -3.7009034109026157E-01 a      1371     1    18     2    11
  2.2062661277934537E-01 a      1372     1    18     2    12
  4.2681278743251888E-01 a      1373     1    18     2    13
 -1.0060511364909022E+00 a      1374     1    18     2    14
  2.8608606690337313E-01 a      1375     1    18     2    15
  3.7142172435233933E-01 a      1376     1    18     2    16
  3.0098453970104372E-01 a      1377     1    18     2    17
  2.0610058444285131E-01 a      1378     1    18     2    18
 -4.0438559767812748E-01 a      1379     1    18     2    19
 -3.9440407606084499E-01 a      1380     1    18     2    20
  2.3134734577522087E-01 a      1381     1    19     2     1
  8.9887410843192128E-02 a      1382     1    19     2     2
 -1.6818014077880605E-01 a      1383     1    19     2     3
 -8.2663991956826999E-02 a      1384     1    19     2     4
 -5.1689501093684520E-01 a      1385     1    19     2     5
 -2.1203047622344909E-01 a      1386     1    19     2     6
  4.3564977561746134E-02 a      1387     1    19     2     7
  2.3203082945139222E-01 a      1388     1    19     2     8
  2.6742668023149913E-01 a      1389     1    19     2     9
  1.6223561362528102E-01 a      1390     1    19     2    10
 -5.8862175314965570E-01 a      1391     1    19     2    11
 -3.9669129256090396E-02 a      1392     1    19     2    12
 -1.4261492723589701E-02 a      1393     1    19     2    13
 -2.5060332496873966E-01 a      1394     1    19     2    14
 -5.1076753538507402E-01 a      1395     1    19     2    15
 -1.2927832177869658E-01 a      1396     1    19     2    16
 -2.6993045001824482E-02 a      1397     1    19     2    17
 -1.6527055240179042E-01 a      1398     1    19     2    18
 -2.8961075509724898E-01 a      1399     1    19     2    19
 -1.4489092346536644E-01 a      1400     1    19     2    20
 -1.4389267833796196E-01 a      1401     1    20     2     1
 -2.8443696352446918E-01 a      1402     1    20     2     2
  9.5290568759952732E-02 a      1403     1    20     2     3
 -5.5223537784811838E-01 a      1404     1    20     2     4
  3.7964796276520613E-01 a      1405     1    20     2     5
  4.8765421491579636E-01 a      1406     1    20     2     6
 -2.9390068968827970E-01 a      1407     1    20     2     7
 -6.6506156439871689E-01 a      1408     1    20     2     8
 -8.6069721420337086E-02 a      1409     1    20     2     9
 -4.5876785440915296E-01 a      1410     1    20     2    10
 -6.6170008987596274E-01 a      1411     1    20     2    11
 -4.0740194015319064E-01 a      1412     1    20     2    12
 -4.5071828522461488E-01 a      1413     1    20     2    13
  3.2007979315919854E-01 a      1414     1    20     2    14
 -1.8268408731537225E-01 a      1415     1    20     2    15
  1.5747014613316823E-01 a      1416     1    20     2    16
  2.6852704355592172E-01 a      1417     1    20     2    17
  3.2775242433498225E-01 a      1418     1    20     2    18
 -1.9653426382514222E-01 a      1419     1    20     2    19
 -8.6632161211366310E-01 a      1420     1    20     2    20
 -1.3739912016452076E+00 b      1421     2     1
  2.1368745947385184E-01 b      1422     2     2
 -9.1236919782228476E-01 b      1423     2     3
 -3.3050398495418482E-01 b      1424     2     4
 -1.3526447429954593E+00 b      1425     2     5
  1.6240548018891290E-01 b      1426     2     6
  1.0181329705820792E+00 b      1427     2     7
 -6.5723679321989215E-01 b      1428     2     8
 -7.1869436161526923E-01 b      1429     2     9
  1.8363126730802242E+00 b      1430     2    10
 -9.6632149530814815E-01 b      1431     2    11
 -1.3027202039494001E+00 b      1432     2    12
  8.2970384324361179E-01 b      1433     2    13
 -8.1568156110791579E-01 b      1434     2    14
 -1.8759734939171402E-01 b      1435     2    15
  8.7015652030074542E-01 b      1436     2    16
  2.6953499108037171E-01 b      1437     2    17
 -1.6772834018202138E-02 b      1438     2    18
 -1.4559681022131423E+00 b      1439     2    19
  1.5311316853812289E+00 b      1440     2    20
 -7.3826593668114907E-02 a      1441     2     1     3     1
  1.3737569459969896E+00 a      1442     2     2     3     1
  4.4888833335730521E-01 a      1443     2     3     3     1
 -5.0248248086173352E-03 a      1444     2     4     3     1
  1.3235398416374708E+00 a      1445     2     5     3     1
  5.3386690675591486E-01 a      1446     2     6     3     1
 -9.0024591590075087E-01 a      1447     2     7     3     1
  4.7849195111682280E-01 a      1448     2     8     3     1
 -2.6941808707535841E-01 a      1449     2     9     3     1
 -6.6823169234450153E-01 a      1450     2    10     3     1
  1.4063229312751516E-01 a      1451     2    11     3     1
  5.7533741540229971E-02 a      1452     2    12     3     1
 -5.9725975266917875E-01 a      1453     2    13     3     1
 -1.1433291048356392E-01 a      1454     2    14     3     1
  7.2455830832732743E-02 a      1455     2    15     3     1
 -5.3935673086586611E-01 a      1456     2    16     3     1
 -4.5890093923789627E-01 a      1457     2    17     3     1
 -1.0286761161009426E+00 a      1458     2    18     3     1
  1.0689495616845168E-01 a      1459     2    19     3     1
  5.7738415486575059E-02 a      1460     2    20     3     1
 -2.0265380206870576E-01 b      1461     3     1
