################################################################################
# Neural network connection values (weights and biases).
################################################################################
# Col  Name       Description
################################################################################
# 1    connection Neural network connection value.
# 2    t          Connection type (a = weight, b = bias).
# 3    index      Index enumerating weights.
# 4    l_s        Starting point layer (end point layer for biases).
# 5    n_s        Starting point neuron in starting layer (end point neuron for biases).
# 6    l_e        End point layer.
# 7    n_e        End point neuron in end layer.
################################################################################
#                      1 2         3     4     5     6     7
#             connection t     index   l_s   n_s   l_e   n_e
############################################################
  2.5491086191536894E-01 a         1     0     1     1     1
 -1.3891941580050793E-01 a         2     0     1     1     2
  5.6447960692481772E-02 a         3     0     1     1     3
  1.4951857984817785E-01 a         4     0     1     1     4
 -8.0788660339994628E-02 a         5     0     1     1     5
  1.0345961808691491E-02 a         6     0     1     1     6
 -2.1248193571908541E-01 a         7     0     1     1     7
  7.0432892899921856E-02 a         8     0     1     1     8
 -3.2307965473493787E-02 a         9     0     1     1     9
  8.1862539714072133E-02 a        10     0     1     1    10
  7.6417110997953050E-02 a        11     0     1     1    11
 -2.9412583864669131E-02 a        12     0     1     1    12
 -7.3996687430139679E-02 a        13     0     1     1    13
  2.4343645293012573E-02 a        14     0     1     1    14
 -1.8944820968531731E-01 a        15     0     1     1    15
 -1.2985573183044460E-01 a        16     0     1     1    16
 -1.5268717181102592E-01 a        17     0     1     1    17
  1.1924620084286516E-01 a        18     0     1     1    18
 -1.3913294802863585E-01 a        19     0     1     1    19
  1.8591834924279196E-01 a        20     0     1     1    20
 -1.6477472183723565E-01 a        21     0     2     1     1
  2.4540702171616375E-02 a        22     0     2     1     2
  2.6378958925405954E-02 a        23     0     2     1     3
  2.9190921135094550E-01 a        24     0     2     1     4
  4.3078529435632104E-02 a        25     0     2     1     5
 -8.1218730342456844E-03 a        26     0     2     1     6
  4.4091045774562958E-02 a        27     0     2     1     7
 -2.6736074304913504E-01 a        28     0     2     1     8
  1.1872802154247419E-01 a        29     0     2     1     9
  5.0983502455204813E-03 a        30     0     2     1    10
  1.9674743596285627E-01 a        31     0     2     1    11
  2.6354760387133658E-01 a        32     0     2     1    12
 -3.2739155906285358E-02 a        33     0     2     1    13
  2.9109371367644821E-01 a        34     0     2     1    14
  1.7537274273073139E-01 a        35     0     2     1    15
 -1.5598336538409560E-01 a        36     0     2     1    16
  1.2662701147112779E-01 a        37     0     2     1    17
 -2.0645405627110217E-02 a        38     0     2     1    18
  1.0997985701284602E-01 a        39     0     2     1    19
  9.9962043910168108E-02 a        40     0     2     1    20
 -1.6098932201326480E-01 a        41     0     3     1     1
 -1.2711237244670490E-01 a        42     0     3     1     2
  7.0713413394966562E-02 a        43     0     3     1     3
  2.9319898742295160E-02 a        44     0     3     1     4
 -1.1380343287903426E-01 a        45     0     3     1     5
  4.1400926735915028E-02 a        46     0     3     1     6
  2.9610042791673524E-01 a        47     0     3     1     7
  1.2707474073952294E-02 a        48     0     3     1     8
  1.4635188737082963E-01 a        49     0     3     1     9
 -5.8774279205474469E-02 a        50     0     3     1    10
 -8.4408428453600515E-03 a        51     0     3     1    11
  5.9711109712667833E-02 a        52     0     3     1    12
  2.0010836175052549E-01 a        53     0     3     1    13
 -6.7673992013014030E-03 a        54     0     3     1    14
 -1.7223350510344937E-01 a        55     0     3     1    15
 -2.1976053236927048E-01 a        56     0     3     1    16
  1.8159030934499540E-01 a        57     0     3     1    17
  1.9547055314215911E-01 a        58     0     3     1    18
  7.7845103459460593E-02 a        59     0     3     1    19
 -1.0432312349949679E-01 a        60     0     3     1    20
 -4.5004432471879802E-01 a        61     0     4     1     1
  2.0653612862813803E-01 a        62     0     4     1     2
 -8.6043190111402865E-02 a        63     0     4     1     3
 -1.0414524169142297E-01 a        64     0     4     1     4
 -5.8640192492921434E-02 a        65     0     4     1     5
  1.9141688096446113E-01 a        66     0     4     1     6
  5.0201650166335854E-01 a        67     0     4     1     7
  1.5542126096356795E-01 a        68     0     4     1     8
  2.6639062776282052E-01 a        69     0     4     1     9
 -2.1865533027579664E-01 a        70     0     4     1    10
 -2.8981853229345833E-01 a        71     0     4     1    11
  1.3794318926471602E-01 a        72     0     4     1    12
  1.5771475613350816E-01 a        73     0     4     1    13
  1.5928445163570515E-01 a        74     0     4     1    14
  3.7871816554012845E-02 a        75     0     4     1    15
  8.3295056052317684E-02 a        76     0     4     1    16
  4.3170886840782952E-01 a        77     0     4     1    17
 -2.6738882224435362E-01 a        78     0     4     1    18
 -3.5001319008506303E-02 a        79     0     4     1    19
  2.8189874564871722E-02 a        80     0     4     1    20
 -1.5088149018119104E-01 a        81     0     5     1     1
  1.8063986421190661E-01 a        82     0     5     1     2
  3.2377595816425414E-01 a        83     0     5     1     3
 -2.5018270576216078E-01 a        84     0     5     1     4
  3.7908893232411138E-02 a        85     0     5     1     5
  7.1720686420366053E-02 a        86     0     5     1     6
  1.0603202695033272E-01 a        87     0     5     1     7
 -1.3544040067877663E-01 a        88     0     5     1     8
  2.3919476658564454E-01 a        89     0     5     1     9
  1.8886258286781019E-01 a        90     0     5     1    10
 -2.4421503934410937E-01 a        91     0     5     1    11
 -1.5360275882158972E-01 a        92     0     5     1    12
  2.2085295944482225E-01 a        93     0     5     1    13
 -4.4419960562483499E-02 a        94     0     5     1    14
 -2.6053642904649238E-01 a        95     0     5     1    15
  9.6006133201913438E-02 a        96     0     5     1    16
  8.6313671488268698E-02 a        97     0     5     1    17
  3.5277565897194697E-02 a        98     0     5     1    18
  3.8503966455530669E-01 a        99     0     5     1    19
  3.0686183016612648E-02 a       100     0     5     1    20
  3.0900929000291455E-01 a       101     0     6     1     1
 -1.8975400171531545E-01 a       102     0     6     1     2
 -2.4951439301016915E-02 a       103     0     6     1     3
 -1.6449237694853786E-01 a       104     0     6     1     4
  6.5594827399097527E-02 a       105     0     6     1     5
 -2.4659881119186039E-01 a       106     0     6     1     6
 -2.0186956952977878E-01 a       107     0     6     1     7
 -7.8711122506306963E-02 a       108     0     6     1     8
 -1.5879384944875438E-01 a       109     0     6     1     9
  2.6141115502647812E-02 a       110     0     6     1    10
 -9.2829873718465128E-02 a       111     0     6     1    11
 -1.8203398643181098E-02 a       112     0     6     1    12
 -2.5121938178073833E-01 a       113     0     6     1    13
  2.3467933183037106E-02 a       114     0     6     1    14
 -6.1140733550819240E-02 a       115     0     6     1    15
  3.0171983772105136E-02 a       116     0     6     1    16
 -3.1388846755032068E-01 a       117     0     6     1    17
 -3.3995131513149901E-01 a       118     0     6     1    18
  1.8286038152488945E-01 a       119     0     6     1    19
  4.4099660812340798E-02 a       120     0     6     1    20
  2.2630858037481960E-01 a       121     0     7     1     1
 -4.5335467043799177E-02 a       122     0     7     1     2
 -1.9314963463679025E-01 a       123     0     7     1     3
  2.4558894917502488E-01 a       124     0     7     1     4
 -8.9843974590913686E-02 a       125     0     7     1     5
  7.1518513347472112E-02 a       126     0     7     1     6
 -2.2295898755016785E-01 a       127     0     7     1     7
 -1.1812034743544839E-01 a       128     0     7     1     8
 -6.2656021766894401E-02 a       129     0     7     1     9
 -3.4169329381420740E-02 a       130     0     7     1    10
  2.7918680556051684E-01 a       131     0     7     1    11
 -5.3436407118193072E-02 a       132     0     7     1    12
 -1.3152333771467850E-01 a       133     0     7     1    13
  2.5065433478272320E-01 a       134     0     7     1    14
 -1.5327474247500900E-01 a       135     0     7     1    15
 -2.8499122141662631E-01 a       136     0     7     1    16
  8.5869056928579740E-02 a       137     0     7     1    17
  1.0031760214986633E-01 a       138     0     7     1    18
  1.2333087508890342E-01 a       139     0     7     1    19
 -1.0505099411780076E-01 a       140     0     7     1    20
  9.8131565706811391E-02 a       141     0     8     1     1
  7.8166986282807591E-02 a       142     0     8     1     2
  1.1729886974674880E-01 a       143     0     8     1     3
  9.1543004090332877E-02 a       144     0     8     1     4
  2.1360335330653163E-01 a       145     0     8     1     5
  1.6586523234315631E-01 a       146     0     8     1     6
  2.8748309772499947E-01 a       147     0     8     1     7
  2.6670801096825397E-01 a       148     0     8     1     8
  2.8558702840005712E-01 a       149     0     8     1     9
 -2.8406083470555159E-02 a       150     0     8     1    10
  1.6797462638857530E-01 a       151     0     8     1    11
 -7.0621444411553935E-02 a       152     0     8     1    12
 -3.0448226162733161E-01 a       153     0     8     1    13
 -1.1799155548869406E-01 a       154     0     8     1    14
  2.5898841267602590E-01 a       155     0     8     1    15
 -1.8141914126293157E-01 a       156     0     8     1    16
 -1.8609866456943733E-01 a       157     0     8     1    17
  4.0766214437974922E-02 a       158     0     8     1    18
  1.2274201552824435E-01 a       159     0     8     1    19
 -4.0882460440135465E-02 a       160     0     8     1    20
 -2.2218896931295304E-01 a       161     0     9     1     1
  2.0545207686975100E-01 a       162     0     9     1     2
 -1.7852991172584168E-01 a       163     0     9     1     3
  3.4903369492885900E-01 a       164     0     9     1     4
 -2.9802017402706927E-02 a       165     0     9     1     5
  1.2333352420291152E-01 a       166     0     9     1     6
 -2.3347295119548059E-01 a       167     0     9     1     7
 -1.5853163461825853E-01 a       168     0     9     1     8
 -8.9167652059419553E-02 a       169     0     9     1     9
 -2.3624491874539638E-01 a       170     0     9     1    10
  1.3035787455294115E-01 a       171     0     9     1    11
  3.9315454268549460E-02 a       172     0     9     1    12
  6.6573361333018277E-02 a       173     0     9     1    13
 -2.3053304231097672E-02 a       174     0     9     1    14
  1.1674684403830660E-01 a       175     0     9     1    15
  2.1611282836088672E-01 a       176     0     9     1    16
  1.2438382641950081E-02 a       177     0     9     1    17
  5.7421674320177078E-02 a       178     0     9     1    18
 -2.4998510938417617E-01 a       179     0     9     1    19
 -1.9966174725318472E-02 a       180     0     9     1    20
 -1.6318057880333700E-01 a       181     0    10     1     1
  4.1184173116492162E-01 a       182     0    10     1     2
  2.6403592504548201E-01 a       183     0    10     1     3
  1.5704890889328904E-01 a       184     0    10     1     4
 -9.9796380152918349E-02 a       185     0    10     1     5
  6.3310273199334466E-02 a       186     0    10     1     6
  2.7002266410872028E-02 a       187     0    10     1     7
  2.9797451507629247E-01 a       188     0    10     1     8
  1.0115146336323530E-01 a       189     0    10     1     9
 -1.0410748698426932E-01 a       190     0    10     1    10
 -3.4959964024974199E-01 a       191     0    10     1    11
  9.7530278248124103E-02 a       192     0    10     1    12
  1.1630234135034735E-01 a       193     0    10     1    13
  5.7311605424171568E-02 a       194     0    10     1    14
  6.3677123422610116E-02 a       195     0    10     1    15
 -1.3579771774800828E-01 a       196     0    10     1    16
  2.5412791925386563E-01 a       197     0    10     1    17
 -1.5334090757613003E-01 a       198     0    10     1    18
 -2.6978139624931552E-01 a       199     0    10     1    19
  2.6789750551604485E-01 a       200     0    10     1    20
  7.9151587959444450E-02 a       201     0    11     1     1
  1.1842763457873887E-01 a       202     0    11     1     2
 -2.7838631563884819E-01 a       203     0    11     1     3
  2.6376298318674407E-01 a       204     0    11     1     4
  2.2519995512625221E-01 a       205     0    11     1     5
 -2.1584506908818555E-02 a       206     0    11     1     6
 -1.8144758379195480E-01 a       207     0    11     1     7
  2.0304302928508122E-01 a       208     0    11     1     8
 -9.6424394244746831E-02 a       209     0    11     1     9
 -1.8857265291753136E-01 a       210     0    11     1    10
  1.8800756790534864E-01 a       211     0    11     1    11
 -3.4873584053316795E-02 a       212     0    11     1    12
 -1.4457228869704394E-01 a       213     0    11     1    13
  6.4530281320870547E-02 a       214     0    11     1    14
  1.6323285623956774E-01 a       215     0    11     1    15
 -4.6593411467717095E-02 a       216     0    11     1    16
 -1.6997353988434333E-01 a       217     0    11     1    17
  1.8551689376533470E-01 a       218     0    11     1    18
 -9.1712800207562561E-02 a       219     0    11     1    19
  2.5681348049695668E-01 a       220     0    11     1    20
 -9.7955350855992496E-02 a       221     0    12     1     1
 -5.0011289101618332E-02 a       222     0    12     1     2
 -2.4618973099869035E-01 a       223     0    12     1     3
 -1.7856614294086878E-01 a       224     0    12     1     4
  3.1311866285206208E-01 a       225     0    12     1     5
  3.7693847033911085E-02 a       226     0    12     1     6
  2.2390829604493476E-01 a       227     0    12     1     7
 -9.4316681357115240E-02 a       228     0    12     1     8
 -3.4390713898352210E-01 a       229     0    12     1     9
  2.3201259172615721E-01 a       230     0    12     1    10
 -1.0070151820144774E-01 a       231     0    12     1    11
 -2.0036791223446249E-02 a       232     0    12     1    12
  2.4338242874540536E-01 a       233     0    12     1    13
 -1.8838222593666384E-01 a       234     0    12     1    14
 -2.1970737244302879E-01 a       235     0    12     1    15
  1.4198785987424313E-02 a       236     0    12     1    16
  1.0682903167215047E-01 a       237     0    12     1    17
  1.3979723559777776E-01 a       238     0    12     1    18
  6.1029659121001154E-02 a       239     0    12     1    19
 -1.6357180818546140E-02 a       240     0    12     1    20
  1.3251250501631343E-01 a       241     0    13     1     1
 -2.2839958910535693E-01 a       242     0    13     1     2
 -3.0153236238326558E-01 a       243     0    13     1     3
 -3.0492453451949883E-02 a       244     0    13     1     4
  9.2340993186617037E-02 a       245     0    13     1     5
 -5.0168883986842536E-02 a       246     0    13     1     6
  6.7446550335750810E-02 a       247     0    13     1     7
  8.1779585664085594E-02 a       248     0    13     1     8
 -7.6398756488503625E-02 a       249     0    13     1     9
  1.1540631818686699E-02 a       250     0    13     1    10
 -2.4360523757927219E-02 a       251     0    13     1    11
 -4.5950502320058505E-02 a       252     0    13     1    12
 -2.2660131554008406E-01 a       253     0    13     1    13
  2.2174050209910665E-01 a       254     0    13     1    14
  2.9522485267839970E-02 a       255     0    13     1    15
 -1.4371641050021311E-01 a       256     0    13     1    16
  2.8983954610942270E-01 a       257     0    13     1    17
 -1.3284143660985617E-01 a       258     0    13     1    18
 -1.9510331534505279E-01 a       259     0    13     1    19
 -1.8570209230824393E-03 a       260     0    13     1    20
 -1.2428828607761737E-03 a       261     0    14     1     1
 -8.3700684137796993E-02 a       262     0    14     1     2
  8.1834715113131479E-02 a       263     0    14     1     3
 -3.2197102059715199E-01 a       264     0    14     1     4
  9.0220030038722393E-02 a       265     0    14     1     5
  1.9338242199435241E-02 a       266     0    14     1     6
 -1.9981535682271431E-01 a       267     0    14     1     7
  3.9793190620395574E-02 a       268     0    14     1     8
 -2.1577718121808770E-01 a       269     0    14     1     9
 -7.3261452780542649E-02 a       270     0    14     1    10
 -1.7439737320883925E-01 a       271     0    14     1    11
 -4.5171407395766389E-02 a       272     0    14     1    12
  2.5681389229533447E-01 a       273     0    14     1    13
 -3.1340270777270120E-02 a       274     0    14     1    14
  7.6493053792115028E-03 a       275     0    14     1    15
  2.2489760994008406E-01 a       276     0    14     1    16
  1.4402585865501666E-01 a       277     0    14     1    17
  1.3237865216020672E-01 a       278     0    14     1    18
 -9.2370731007220166E-02 a       279     0    14     1    19
 -4.1043104655242281E-02 a       280     0    14     1    20
  1.1850333340285153E-01 a       281     0    15     1     1
 -3.4848734889717370E-01 a       282     0    15     1     2
  8.5950456458002478E-02 a       283     0    15     1     3
  1.0524668899848608E-01 a       284     0    15     1     4
  1.6281352871058783E-02 a       285     0    15     1     5
  3.0250422912593292E-02 a       286     0    15     1     6
 -1.6437770137830598E-01 a       287     0    15     1     7
 -4.8641863691022275E-02 a       288     0    15     1     8
  1.0033653905009697E-01 a       289     0    15     1     9
 -1.5809930008845052E-01 a       290     0    15     1    10
 -1.3820218711300952E-01 a       291     0    15     1    11
  5.2601623509237604E-02 a       292     0    15     1    12
  1.5871585031411975E-01 a       293     0    15     1    13
 -1.0133370293950739E-01 a       294     0    15     1    14
  3.3408124639596970E-01 a       295     0    15     1    15
  1.0319802912348036E-01 a       296     0    15     1    16
 -2.7543782595596189E-01 a       297     0    15     1    17
 -9.6174547162808544E-02 a       298     0    15     1    18
 -2.0843462148191033E-01 a       299     0    15     1    19
  3.5798064425819086E-02 a       300     0    15     1    20
  6.1986360433614034E-03 a       301     0    16     1     1
  1.8256969405900536E-01 a       302     0    16     1     2
  3.6252399002352619E-03 a       303     0    16     1     3
 -2.6660620250327793E-02 a       304     0    16     1     4
 -1.5584579855955363E-01 a       305     0    16     1     5
  1.6839840567018816E-01 a       306     0    16     1     6
  1.9355027823076229E-01 a       307     0    16     1     7
  1.8006017830211396E-01 a       308     0    16     1     8
  2.3318774384835175E-01 a       309     0    16     1     9
 -2.7143355933845470E-01 a       310     0    16     1    10
 -1.4045550239008775E-02 a       311     0    16     1    11
  6.4394952985853959E-02 a       312     0    16     1    12
 -1.1173342344827565E-02 a       313     0    16     1    13
 -1.9085518043523370E-01 a       314     0    16     1    14
 -2.7915421417959180E-01 a       315     0    16     1    15
  2.4012149485427023E-01 a       316     0    16     1    16
 -1.2391317566634634E-01 a       317     0    16     1    17
  5.4396659357822084E-02 a       318     0    16     1    18
 -3.9435021310699196E-02 a       319     0    16     1    19
  1.3550821862948392E-01 a       320     0    16     1    20
 -2.5050246274034439E-02 a       321     0    17     1     1
  1.2669816692351329E-01 a       322     0    17     1     2
  1.9398199026063470E-01 a       323     0    17     1     3
  2.0616076925308652E-01 a       324     0    17     1     4
  1.0618135737069608E-01 a       325     0    17     1     5
  1.5607652072591074E-01 a       326     0    17     1     6
 -8.5998507457599904E-02 a       327     0    17     1     7
  1.2093878603773789E-01 a       328     0    17     1     8
 -2.7374141961172136E-02 a       329     0    17     1     9
  4.4965818053581581E-02 a       330     0    17     1    10
  5.8127599872689548E-02 a       331     0    17     1    11
  9.9568826526017368E-02 a       332     0    17     1    12
 -2.0119718382435739E-01 a       333     0    17     1    13
  1.0121452535759055E-01 a       334     0    17     1    14
  1.8702853597768837E-01 a       335     0    17     1    15
 -3.3854852183658080E-01 a       336     0    17     1    16
 -8.9998091832313703E-04 a       337     0    17     1    17
  4.4318734976150513E-02 a       338     0    17     1    18
  2.3260327892296701E-01 a       339     0    17     1    19
 -9.4722207209644624E-02 a       340     0    17     1    20
 -6.0750973162741972E-02 a       341     0    18     1     1
  1.9774299302292200E-01 a       342     0    18     1     2
  2.1379380540354084E-01 a       343     0    18     1     3
 -6.8770233116721563E-03 a       344     0    18     1     4
  1.8316454211032024E-01 a       345     0    18     1     5
  3.9158597941771608E-02 a       346     0    18     1     6
  1.3658372082941050E-01 a       347     0    18     1     7
 -9.3900915919034308E-02 a       348     0    18     1     8
 -7.2332780266121610E-02 a       349     0    18     1     9
  2.2822820593716805E-01 a       350     0    18     1    10
  1.8533764396514946E-01 a       351     0    18     1    11
 -5.3923532895936476E-03 a       352     0    18     1    12
  1.7511329376407822E-01 a       353     0    18     1    13
  1.2350095472955458E-01 a       354     0    18     1    14
  1.3084222212444008E-01 a       355     0    18     1    15
 -1.9018636193548702E-01 a       356     0    18     1    16
 -9.1642991405399873E-02 a       357     0    18     1    17
  9.9931517616421550E-02 a       358     0    18     1    18
  2.2511359357877905E-01 a       359     0    18     1    19
 -5.7636377550251562E-02 a       360     0    18     1    20
 -3.2323622904916104E-02 a       361     0    19     1     1
 -2.5002066301418346E-01 a       362     0    19     1     2
  1.8475820028736550E-01 a       363     0    19     1     3
 -2.0196292390323771E-02 a       364     0    19     1     4
 -8.3267727405694704E-04 a       365     0    19     1     5
 -9.2213668448674152E-02 a       366     0    19     1     6
  8.9694307931484571E-03 a       367     0    19     1     7
  4.0112681074495221E-01 a       368     0    19     1     8
  2.2304897971919124E-01 a       369     0    19     1     9
  2.1034141668520975E-01 a       370     0    19     1    10
 -4.2961913813538685E-02 a       371     0    19     1    11
  6.1488347809449902E-02 a       372     0    19     1    12
  1.6434411157313109E-01 a       373     0    19     1    13
  9.6137909304990166E-02 a       374     0    19     1    14
  2.4609399815977703E-01 a       375     0    19     1    15
 -1.7890534367774169E-01 a       376     0    19     1    16
 -1.1954378667880257E-01 a       377     0    19     1    17
 -3.5559422556501408E-01 a       378     0    19     1    18
 -1.8408565840792798E-01 a       379     0    19     1    19
 -1.3240765995580495E-01 a       380     0    19     1    20
  8.7166684263779715E-02 a       381     0    20     1     1
 -8.6470010133961172E-03 a       382     0    20     1     2
 -1.4861083227689759E-01 a       383     0    20     1     3
  2.7412761651342370E-02 a       384     0    20     1     4
  6.8115152455770669E-02 a       385     0    20     1     5
 -2.1649368655703813E-02 a       386     0    20     1     6
 -8.2727304267829066E-02 a       387     0    20     1     7
  1.6967297677447316E-01 a       388     0    20     1     8
  2.0063325153948677E-01 a       389     0    20     1     9
  7.6542808848005989E-02 a       390     0    20     1    10
  1.0978818421308553E-01 a       391     0    20     1    11
 -1.0769107697830718E-01 a       392     0    20     1    12
  2.6096209616348759E-01 a       393     0    20     1    13
 -5.9233421896544979E-02 a       394     0    20     1    14
 -1.8052102119251354E-01 a       395     0    20     1    15
  2.7076156404079448E-02 a       396     0    20     1    16
 -1.8025000145998546E-01 a       397     0    20     1    17
  2.1043115381046119E-02 a       398     0    20     1    18
 -1.7389704978779172E-01 a       399     0    20     1    19
  3.5876584953868945E-01 a       400     0    20     1    20
  1.0167037483803903E-02 a       401     0    21     1     1
  2.3177249395419378E-04 a       402     0    21     1     2
 -1.6199990112861018E-01 a       403     0    21     1     3
  3.9974339160628869E-02 a       404     0    21     1     4
  1.5400140997748044E-01 a       405     0    21     1     5
  7.2850008577993106E-02 a       406     0    21     1     6
 -1.9431115143776953E-01 a       407     0    21     1     7
 -1.6008687753302023E-01 a       408     0    21     1     8
 -9.8093665781599254E-02 a       409     0    21     1     9
  9.6966484076062374E-03 a       410     0    21     1    10
 -9.3167312559601736E-04 a       411     0    21     1    11
 -4.2759273888331478E-02 a       412     0    21     1    12
 -1.6688568178727531E-01 a       413     0    21     1    13
 -9.7827053022900741E-03 a       414     0    21     1    14
 -4.4695937967855565E-02 a       415     0    21     1    15
 -4.8337163771168742E-02 a       416     0    21     1    16
  1.5552566106205148E-01 a       417     0    21     1    17
 -8.8934409014755997E-03 a       418     0    21     1    18
  1.3126317256306974E-01 a       419     0    21     1    19
  2.1689710432442741E-01 a       420     0    21     1    20
  2.6539039620524958E-02 a       421     0    22     1     1
  2.3033592894553284E-01 a       422     0    22     1     2
  4.7773118546032755E-03 a       423     0    22     1     3
  4.0657527832365502E-02 a       424     0    22     1     4
  1.6704857801953685E-01 a       425     0    22     1     5
  2.2494053548342816E-01 a       426     0    22     1     6
  7.2092487158179938E-02 a       427     0    22     1     7
  2.0004700828348265E-01 a       428     0    22     1     8
  4.0242515555071440E-02 a       429     0    22     1     9
  4.4926357603226174E-03 a       430     0    22     1    10
 -9.1407480265553148E-02 a       431     0    22     1    11
  5.6238437384877854E-02 a       432     0    22     1    12
 -1.1405161329682027E-03 a       433     0    22     1    13
 -9.7175580847350604E-02 a       434     0    22     1    14
  1.0325347173923843E-01 a       435     0    22     1    15
  1.4470616099511479E-03 a       436     0    22     1    16
 -1.2472377774302375E-01 a       437     0    22     1    17
  1.8996885303468258E-01 a       438     0    22     1    18
 -1.6185601898154908E-01 a       439     0    22     1    19
 -2.9334397211957890E-02 a       440     0    22     1    20
 -7.1577718622039918E-02 a       441     0    23     1     1
 -2.0374644500867296E-02 a       442     0    23     1     2
  2.6687186034596005E-01 a       443     0    23     1     3
 -2.7367480210289663E-01 a       444     0    23     1     4
 -5.3563500178532661E-02 a       445     0    23     1     5
  1.5037128065556765E-01 a       446     0    23     1     6
  1.8311635394362907E-01 a       447     0    23     1     7
  6.1316298960582202E-02 a       448     0    23     1     8
 -1.6172656314192960E-01 a       449     0    23     1     9
  3.5663788211975390E-02 a       450     0    23     1    10
 -1.1281927698922273E-02 a       451     0    23     1    11
  5.1512991227041616E-02 a       452     0    23     1    12
 -1.0748271305425605E-01 a       453     0    23     1    13
  2.5304374252506433E-02 a       454     0    23     1    14
  5.5484424547502090E-02 a       455     0    23     1    15
  1.5000306996364874E-02 a       456     0    23     1    16
 -1.9748707023668766E-02 a       457     0    23     1    17
  5.4137090199178117E-02 a       458     0    23     1    18
  9.1412847749885492E-02 a       459     0    23     1    19
 -2.1395600070370832E-01 a       460     0    23     1    20
  8.5070720973167493E-02 a       461     0    24     1     1
 -1.0882570353710501E-01 a       462     0    24     1     2
  1.2854116160316084E-01 a       463     0    24     1     3
  9.2099094256938505E-03 a       464     0    24     1     4
  2.4093342714577828E-01 a       465     0    24     1     5
 -5.0690821398186731E-02 a       466     0    24     1     6
 -9.5565504015389061E-02 a       467     0    24     1     7
 -1.2186584437155719E-01 a       468     0    24     1     8
 -1.6401502000994633E-01 a       469     0    24     1     9
 -1.2807157215320145E-01 a       470     0    24     1    10
  1.3859802079288205E-02 a       471     0    24     1    11
 -9.3331531371597012E-02 a       472     0    24     1    12
 -1.3123593216838507E-02 a       473     0    24     1    13
  2.7241437605378463E-02 a       474     0    24     1    14
 -2.1597202394963082E-03 a       475     0    24     1    15
 -1.7450484687568324E-01 a       476     0    24     1    16
 -3.8547496350311850E-02 a       477     0    24     1    17
  2.3536968089604393E-01 a       478     0    24     1    18
 -7.1896525030539032E-02 a       479     0    24     1    19
  1.2085323022853427E-01 a       480     0    24     1    20
 -3.9280957227057531E-02 a       481     0    25     1     1
 -7.1076647604331522E-02 a       482     0    25     1     2
 -5.6730019634759363E-02 a       483     0    25     1     3
 -1.1679748194836161E-01 a       484     0    25     1     4
  8.4245300372228188E-02 a       485     0    25     1     5
  7.7158126721961276E-02 a       486     0    25     1     6
  1.2310366422027359E-01 a       487     0    25     1     7
  2.2055642266395295E-01 a       488     0    25     1     8
 -5.2590180110148814E-02 a       489     0    25     1     9
 -1.6144961233114380E-01 a       490     0    25     1    10
  1.3710045286990605E-01 a       491     0    25     1    11
 -7.0332397651705250E-02 a       492     0    25     1    12
 -4.1174896645487999E-02 a       493     0    25     1    13
  6.6454035834427591E-02 a       494     0    25     1    14
  1.1182582769810724E-01 a       495     0    25     1    15
  5.1962501480214848E-02 a       496     0    25     1    16
  3.7692765278158326E-02 a       497     0    25     1    17
 -1.4012569731500302E-01 a       498     0    25     1    18
  2.8586187048866653E-02 a       499     0    25     1    19
 -2.3226176109989577E-01 a       500     0    25     1    20
  1.6958044033392933E-01 a       501     0    26     1     1
 -3.0973345236876035E-02 a       502     0    26     1     2
  2.6204998882587087E-02 a       503     0    26     1     3
  1.4126515803978624E-02 a       504     0    26     1     4
  7.3596070942266834E-02 a       505     0    26     1     5
 -2.6334322804584458E-02 a       506     0    26     1     6
  1.3087295402615875E-02 a       507     0    26     1     7
  1.7406802016125045E-01 a       508     0    26     1     8
  1.3453826252489418E-01 a       509     0    26     1     9
 -2.3141610410272881E-01 a       510     0    26     1    10
  1.4204293821825113E-02 a       511     0    26     1    11
 -5.0409889210837729E-02 a       512     0    26     1    12
  4.5703114341301532E-02 a       513     0    26     1    13
 -8.5959761922361887E-03 a       514     0    26     1    14
  1.2135595582082018E-01 a       515     0    26     1    15
 -1.4921012777727297E-01 a       516     0    26     1    16
 -1.1075201968911623E-02 a       517     0    26     1    17
 -1.2600461500002616E-02 a       518     0    26     1    18
  8.7677793557319250E-02 a       519     0    26     1    19
 -1.0105224817081651E-01 a       520     0    26     1    20
  1.2589541320991243E-01 a       521     0    27     1     1
 -3.5514438433342159E-03 a       522     0    27     1     2
  9.6986784944520111E-03 a       523     0    27     1     3
 -3.9763186341764276E-02 a       524     0    27     1     4
  4.1542112909305901E-02 a       525     0    27     1     5
 -5.9177612476954598E-02 a       526     0    27     1     6
 -9.3933008143485125E-02 a       527     0    27     1     7
  9.1413958886035526E-02 a       528     0    27     1     8
 -5.4766786718939468E-02 a       529     0    27     1     9
 -5.9669110237934808E-02 a       530     0    27     1    10
 -8.1811341613235777E-02 a       531     0    27     1    11
 -1.6941597832889330E-02 a       532     0    27     1    12
 -1.4581235513734059E-01 a       533     0    27     1    13
 -4.6880760359517187E-02 a       534     0    27     1    14
 -1.1065227229204151E-01 a       535     0    27     1    15
 -1.0132597296759020E-01 a       536     0    27     1    16
  9.3100257089661700E-02 a       537     0    27     1    17
 -6.4644588871044711E-02 a       538     0    27     1    18
  1.3787948030858552E-01 a       539     0    27     1    19
  7.9106892858335567E-03 a       540     0    27     1    20
 -3.3470633370137094E-02 a       541     0    28     1     1
 -3.9471828860502219E-02 a       542     0    28     1     2
  1.0943972955117187E-01 a       543     0    28     1     3
  1.2294588496198403E-01 a       544     0    28     1     4
 -1.5307110841458438E-01 a       545     0    28     1     5
 -3.3839836920551002E-02 a       546     0    28     1     6
  1.9993773599571822E-02 a       547     0    28     1     7
 -1.0044171878862432E-01 a       548     0    28     1     8
  3.6936561657382364E-02 a       549     0    28     1     9
  1.5041146270337846E-01 a       550     0    28     1    10
 -8.9116078754024219E-02 a       551     0    28     1    11
  1.1231201892731141E-01 a       552     0    28     1    12
  1.3508058077948293E-01 a       553     0    28     1    13
 -6.2755547894879091E-03 a       554     0    28     1    14
  1.8938513059353571E-01 a       555     0    28     1    15
  2.9857313281113844E-02 a       556     0    28     1    16
 -1.5190184306344970E-01 a       557     0    28     1    17
 -2.2534427167510002E-02 a       558     0    28     1    18
 -2.7303332782085465E-02 a       559     0    28     1    19
  9.5202670008854962E-02 a       560     0    28     1    20
 -3.6434574999041514E-02 a       561     0    29     1     1
  4.0090674432310047E-03 a       562     0    29     1     2
 -6.3421277725346521E-03 a       563     0    29     1     3
 -1.9683176002531839E-02 a       564     0    29     1     4
  6.5738902405090671E-02 a       565     0    29     1     5
 -1.1247829593405929E-02 a       566     0    29     1     6
 -8.4465853503148336E-02 a       567     0    29     1     7
 -1.4848564744995201E-02 a       568     0    29     1     8
  4.0322928234982139E-02 a       569     0    29     1     9
  3.8498649400830934E-02 a       570     0    29     1    10
 -8.0196520010789290E-03 a       571     0    29     1    11
  7.6048420113015672E-02 a       572     0    29     1    12
 -1.8335858341490031E-02 a       573     0    29     1    13
  5.3903453890369107E-03 a       574     0    29     1    14
  2.2612200486404135E-02 a       575     0    29     1    15
 -6.3175863643534835E-02 a       576     0    29     1    16
  1.1450100873747501E-01 a       577     0    29     1    17
 -4.5811337123385053E-02 a       578     0    29     1    18
 -1.8312299237704922E-02 a       579     0    29     1    19
  9.2892462627276864E-02 a       580     0    29     1    20
 -8.5595492710763235E-02 a       581     0    30     1     1
  1.6871454343151701E-01 a       582     0    30     1     2
 -7.5476007342582849E-02 a       583     0    30     1     3
  2.3714348125629160E-02 a       584     0    30     1     4
  2.3799769348864620E-02 a       585     0    30     1     5
  1.2839663993392569E-01 a       586     0    30     1     6
  2.3663939929324189E-04 a       587     0    30     1     7
 -1.5538424350370642E-01 a       588     0    30     1     8
 -5.8696225039799729E-03 a       589     0    30     1     9
  7.9222205040816576E-02 a       590     0    30     1    10
  1.6996774673904383E-01 a       591     0    30     1    11
 -1.6237658986830235E-03 a       592     0    30     1    12
  7.2333699841548832E-02 a       593     0    30     1    13
  1.0286454623166959E-01 a       594     0    30     1    14
 -3.3581475683818834E-02 a       595     0    30     1    15
 -3.6471232884558724E-02 a       596     0    30     1    16
  9.1026889320382484E-02 a       597     0    30     1    17
  8.1087313448182791E-02 a       598     0    30     1    18
  3.2283337738621888E-02 a       599     0    30     1    19
  6.2188253190886736E-02 a       600     0    30     1    20
 -6.1355219296699390E-02 a       601     0    31     1     1
 -2.9493062377587398E-01 a       602     0    31     1     2
 -5.2245384774995303E-02 a       603     0    31     1     3
  7.1599285315591173E-03 a       604     0    31     1     4
  1.7992225913440824E-01 a       605     0    31     1     5
 -8.9531792650530302E-03 a       606     0    31     1     6
  6.0380459382517675E-02 a       607     0    31     1     7
  1.0456080325826572E-01 a       608     0    31     1     8
  3.9970326950473611E-01 a       609     0    31     1     9
  1.0781731930219141E-01 a       610     0    31     1    10
  3.3659403728811155E-01 a       611     0    31     1    11
  1.5912366249558188E-01 a       612     0    31     1    12
  1.3364608681557821E-01 a       613     0    31     1    13
 -3.0292758025763750E-01 a       614     0    31     1    14
  2.0929053082316357E-01 a       615     0    31     1    15
  1.5140056500731403E-01 a       616     0    31     1    16
 -1.6245833612364322E-01 a       617     0    31     1    17
  6.8511175412182782E-02 a       618     0    31     1    18
  1.2744101947624209E-01 a       619     0    31     1    19
  1.7251347669289122E-01 a       620     0    31     1    20
 -2.2476848701103347E-01 a       621     0    32     1     1
  2.3710107782973638E-02 a       622     0    32     1     2
 -1.6009627345159261E-01 a       623     0    32     1     3
 -6.8914533639892861E-02 a       624     0    32     1     4
  1.7866275344289495E-01 a       625     0    32     1     5
 -2.0939874836922218E-01 a       626     0    32     1     6
  2.8229422339303289E-01 a       627     0    32     1     7
 -4.8262565555588846E-02 a       628     0    32     1     8
 -3.2066691536088807E-02 a       629     0    32     1     9
 -1.8036840179774295E-02 a       630     0    32     1    10
  2.7494636384373522E-02 a       631     0    32     1    11
  5.5782249767931238E-02 a       632     0    32     1    12
 -2.1816060257584108E-01 a       633     0    32     1    13
  2.5240103554529197E-02 a       634     0    32     1    14
  2.4471722719826861E-01 a       635     0    32     1    15
 -1.6818152806962483E-01 a       636     0    32     1    16
  2.8077630422815336E-01 a       637     0    32     1    17
  1.1620661034791259E-01 a       638     0    32     1    18
 -4.0427501453693865E-02 a       639     0    32     1    19
 -1.1580774996435003E-01 a       640     0    32     1    20
  1.3258950728462118E-01 a       641     0    33     1     1
  2.8517635876388575E-01 a       642     0    33     1     2
  1.7910045786023768E-01 a       643     0    33     1     3
 -3.6572377363177777E-01 a       644     0    33     1     4
  2.8891052022243963E-01 a       645     0    33     1     5
  7.7014086982452559E-02 a       646     0    33     1     6
  2.0402873097009114E-02 a       647     0    33     1     7
  6.6970823683265471E-02 a       648     0    33     1     8
  5.9182316012373615E-02 a       649     0    33     1     9
 -7.2451628949587385E-02 a       650     0    33     1    10
 -2.3536829816166532E-01 a       651     0    33     1    11
 -2.5988054269398025E-01 a       652     0    33     1    12
 -5.7104104959286722E-02 a       653     0    33     1    13
  1.0246085592938550E-01 a       654     0    33     1    14
  3.7595308534898730E-01 a       655     0    33     1    15
 -6.2075437130554967E-02 a       656     0    33     1    16
  1.2808730749410152E-01 a       657     0    33     1    17
  3.7630756914855812E-01 a       658     0    33     1    18
  1.3725437059309759E-01 a       659     0    33     1    19
 -2.8427903368365076E-01 a       660     0    33     1    20
  1.9394651170166141E-01 a       661     0    34     1     1
 -8.5315428728616652E-02 a       662     0    34     1     2
  3.1090598138195585E-01 a       663     0    34     1     3
  5.3548016912645519E-02 a       664     0    34     1     4
 -4.1084107524174562E-01 a       665     0    34     1     5
  3.7712916392535809E-02 a       666     0    34     1     6
  2.0920053838461644E-01 a       667     0    34     1     7
 -2.7823260901847230E-01 a       668     0    34     1     8
  9.4553969308654853E-02 a       669     0    34     1     9
 -9.9967228391985796E-02 a       670     0    34     1    10
  6.8933648752648291E-02 a       671     0    34     1    11
  2.0208163897883066E-01 a       672     0    34     1    12
 -2.5958072339700964E-02 a       673     0    34     1    13
  2.8622149637692790E-01 a       674     0    34     1    14
 -1.5552739996231801E-01 a       675     0    34     1    15
  1.4709384646548737E-01 a       676     0    34     1    16
 -4.0330083647388021E-01 a       677     0    34     1    17
  2.8948210074128809E-02 a       678     0    34     1    18
 -2.0653954027197952E-01 a       679     0    34     1    19
  1.4354039419881723E-01 a       680     0    34     1    20
 -3.0925962576304547E-02 a       681     0    35     1     1
  2.0843927776597959E-01 a       682     0    35     1     2
  5.7321549732149896E-02 a       683     0    35     1     3
 -1.3336360899341473E-01 a       684     0    35     1     4
  3.4478323033895336E-02 a       685     0    35     1     5
  1.6411784710785615E-01 a       686     0    35     1     6
  2.9526399962014382E-01 a       687     0    35     1     7
  2.2789928946692049E-02 a       688     0    35     1     8
  1.9052346100996445E-01 a       689     0    35     1     9
 -1.0485635503123687E-01 a       690     0    35     1    10
  2.3301234140933849E-01 a       691     0    35     1    11
 -2.0759604796556572E-02 a       692     0    35     1    12
  7.1365343041289581E-02 a       693     0    35     1    13
  1.3710722219855118E-01 a       694     0    35     1    14
 -3.3248409041221456E-02 a       695     0    35     1    15
  7.9833256744841749E-02 a       696     0    35     1    16
  1.2033934502994480E-01 a       697     0    35     1    17
 -1.2951345906062939E-01 a       698     0    35     1    18
  3.2532186518791967E-01 a       699     0    35     1    19
 -2.4752343562719414E-01 a       700     0    35     1    20
  1.5442941322312829E-02 a       701     0    36     1     1
 -7.7306247823274790E-02 a       702     0    36     1     2
 -1.8543276026312971E-01 a       703     0    36     1     3
  2.7772129736403844E-01 a       704     0    36     1     4
  2.2585493450405292E-01 a       705     0    36     1     5
  1.5483535582114344E-01 a       706     0    36     1     6
  1.8726079256378358E-01 a       707     0    36     1     7
 -1.9943465421722084E-01 a       708     0    36     1     8
 -1.1682278329303873E-01 a       709     0    36     1     9
 -1.6568720009223414E-01 a       710     0    36     1    10
  5.8764207135069517E-02 a       711     0    36     1    11
 -7.1902097061379905E-03 a       712     0    36     1    12
 -4.9753831848844583E-02 a       713     0    36     1    13
  7.1195020097867476E-02 a       714     0    36     1    14
 -1.0556358039824250E-01 a       715     0    36     1    15
  9.4016309969560938E-02 a       716     0    36     1    16
 -2.1388967978804360E-01 a       717     0    36     1    17
  3.8547926954558859E-02 a       718     0    36     1    18
 -1.0228414140128568E-01 a       719     0    36     1    19
  8.7382389789900337E-03 a       720     0    36     1    20
 -2.6246634926751111E-02 a       721     0    37     1     1
 -2.3905410561189052E-02 a       722     0    37     1     2
  2.6618115011389359E-01 a       723     0    37     1     3
 -3.1601564012505889E-01 a       724     0    37     1     4
  2.9769880169401891E-01 a       725     0    37     1     5
  1.8713596831873500E-01 a       726     0    37     1     6
  3.3519745181225574E-01 a       727     0    37     1     7
  2.6243149755688023E-02 a       728     0    37     1     8
 -6.2420487677845068E-02 a       729     0    37     1     9
 -1.6613165810510763E-01 a       730     0    37     1    10
 -2.0925080042729352E-01 a       731     0    37     1    11
 -2.0241394805905499E-01 a       732     0    37     1    12
 -5.7335788844225258E-02 a       733     0    37     1    13
  1.1668148189467162E-01 a       734     0    37     1    14
 -1.5964828065378009E-01 a       735     0    37     1    15
  1.8621335254861296E-01 a       736     0    37     1    16
  2.9496154793820717E-01 a       737     0    37     1    17
 -1.9660568882116614E-01 a       738     0    37     1    18
  2.8769340284602907E-01 a       739     0    37     1    19
  1.1894844448484715E-01 a       740     0    37     1    20
  1.7154483757275960E-01 a       741     0    38     1     1
  1.0564070419987774E-02 a       742     0    38     1     2
 -3.8971137180833920E-02 a       743     0    38     1     3
  2.3399772987761991E-01 a       744     0    38     1     4
 -1.8690158667977425E-02 a       745     0    38     1     5
  2.0502040865974422E-01 a       746     0    38     1     6
  1.6983273994172712E-01 a       747     0    38     1     7
 -2.2648326567764962E-01 a       748     0    38     1     8
  1.2757817284575496E-01 a       749     0    38     1     9
  1.2385284829237692E-01 a       750     0    38     1    10
 -2.9539029522028401E-02 a       751     0    38     1    11
 -3.0669604709983822E-01 a       752     0    38     1    12
  4.7042196761608070E-02 a       753     0    38     1    13
 -6.6485203394831022E-02 a       754     0    38     1    14
  9.9299770546005584E-02 a       755     0    38     1    15
  4.0179708806107772E-01 a       756     0    38     1    16
  2.1361857264657318E-02 a       757     0    38     1    17
  1.2630216512275952E-01 a       758     0    38     1    18
 -1.7937169174358097E-01 a       759     0    38     1    19
 -4.3892327840521259E-02 a       760     0    38     1    20
 -1.7139163768577573E-01 a       761     0    39     1     1
  1.9134445725204435E-01 a       762     0    39     1     2
 -2.1613936441388903E-01 a       763     0    39     1     3
  2.5209327038105339E-01 a       764     0    39     1     4
 -3.6551081852329481E-01 a       765     0    39     1     5
 -1.8051867058644436E-01 a       766     0    39     1     6
 -2.7524900854314088E-01 a       767     0    39     1     7
  5.5800517217116888E-02 a       768     0    39     1     8
 -6.4680886215670697E-02 a       769     0    39     1     9
  3.6055457724963924E-01 a       770     0    39     1    10
  2.9689995312159884E-01 a       771     0    39     1    11
  1.6884652667813765E-01 a       772     0    39     1    12
 -3.3692851408841801E-01 a       773     0    39     1    13
 -2.3742040750606222E-01 a       774     0    39     1    14
 -1.1481044415840556E-01 a       775     0    39     1    15
  2.0737503884674874E-01 a       776     0    39     1    16
 -3.2344513691194066E-01 a       777     0    39     1    17
  1.9355101318742476E-01 a       778     0    39     1    18
  3.3331283077494239E-01 a       779     0    39     1    19
 -3.4433769154700278E-01 a       780     0    39     1    20
 -3.6599229138197142E-01 a       781     0    40     1     1
 -3.6368957962765175E-01 a       782     0    40     1     2
 -1.9570789389014190E-01 a       783     0    40     1     3
 -7.2070552509140615E-02 a       784     0    40     1     4
  9.0602492300796339E-02 a       785     0    40     1     5
  2.1753479849083956E-01 a       786     0    40     1     6
 -8.7383286515491671E-03 a       787     0    40     1     7
  9.3590674706687374E-02 a       788     0    40     1     8
 -2.2314961128698657E-01 a       789     0    40     1     9
 -2.1671789924322046E-01 a       790     0    40     1    10
  1.5761530616313491E-01 a       791     0    40     1    11
 -2.6006469727964171E-01 a       792     0    40     1    12
  2.5663984970357012E-01 a       793     0    40     1    13
 -4.7740820017452351E-01 a       794     0    40     1    14
 -7.8302803641285862E-02 a       795     0    40     1    15
 -7.1382134360040136E-02 a       796     0    40     1    16
 -2.4219811082642453E-02 a       797     0    40     1    17
 -4.4144409295066508E-02 a       798     0    40     1    18
  1.0981159870095791E-03 a       799     0    40     1    19
 -2.7119952664442032E-01 a       800     0    40     1    20
  1.7728635714290720E-02 a       801     0    41     1     1
 -1.3006449373198345E-01 a       802     0    41     1     2
 -2.3063995480047508E-01 a       803     0    41     1     3
  1.8718564553125941E-01 a       804     0    41     1     4
  4.4591084280457246E-03 a       805     0    41     1     5
 -1.4004601889241261E-01 a       806     0    41     1     6
 -1.8806712249849394E-01 a       807     0    41     1     7
 -1.2113810863660365E-01 a       808     0    41     1     8
  1.6140939409534658E-01 a       809     0    41     1     9
 -2.0075231617921380E-01 a       810     0    41     1    10
 -1.6897358753186101E-01 a       811     0    41     1    11
  1.7803410648845067E-01 a       812     0    41     1    12
 -1.2022451969373690E-01 a       813     0    41     1    13
 -8.2802213633488220E-02 a       814     0    41     1    14
 -1.7242877972803095E-01 a       815     0    41     1    15
 -5.2065504364864679E-02 a       816     0    41     1    16
 -1.8361782759087072E-01 a       817     0    41     1    17
  9.8235437334709824E-02 a       818     0    41     1    18
  2.5123125628001654E-02 a       819     0    41     1    19
  3.6463912473917859E-01 a       820     0    41     1    20
 -1.6710907102541353E-01 a       821     0    42     1     1
  1.3884826067342920E-01 a       822     0    42     1     2
 -1.4661015232601396E-01 a       823     0    42     1     3
  2.3303090157413536E-02 a       824     0    42     1     4
 -4.4919300611360813E-01 a       825     0    42     1     5
 -2.7245204735322254E-01 a       826     0    42     1     6
 -3.1478640034413412E-02 a       827     0    42     1     7
  2.1556415905522416E-02 a       828     0    42     1     8
  1.3735526436863821E-01 a       829     0    42     1     9
 -8.9375105264834026E-02 a       830     0    42     1    10
 -4.0756491166155852E-02 a       831     0    42     1    11
 -7.7502749560801498E-02 a       832     0    42     1    12
  4.8156648696925167E-02 a       833     0    42     1    13
 -1.4012330604578396E-01 a       834     0    42     1    14
  2.9064370638655146E-01 a       835     0    42     1    15
  1.1161330613310227E-01 a       836     0    42     1    16
  1.7929062518541833E-01 a       837     0    42     1    17
 -1.6694712058004380E-01 a       838     0    42     1    18
 -7.2063393327949782E-02 a       839     0    42     1    19
  3.2322891045261232E-01 a       840     0    42     1    20
 -1.7697666023780140E-01 a       841     0    43     1     1
 -2.4521732152678094E-01 a       842     0    43     1     2
 -9.7490438033361160E-02 a       843     0    43     1     3
 -6.5530024710767742E-02 a       844     0    43     1     4
  2.0310308088962245E-01 a       845     0    43     1     5
 -2.2064779659024361E-01 a       846     0    43     1     6
 -1.2572785629779853E-01 a       847     0    43     1     7
  2.2502080244075032E-01 a       848     0    43     1     8
 -1.6279880727072010E-01 a       849     0    43     1     9
 -3.0266418766612496E-01 a       850     0    43     1    10
  8.0424790938930252E-03 a       851     0    43     1    11
 -1.0921198877717510E-01 a       852     0    43     1    12
 -2.7978424169040700E-01 a       853     0    43     1    13
 -5.2311935610972783E-02 a       854     0    43     1    14
  2.0417243792782445E-02 a       855     0    43     1    15
 -2.5501887342893903E-01 a       856     0    43     1    16
 -3.1646627856910255E-02 a       857     0    43     1    17
  1.0728003629219683E-01 a       858     0    43     1    18
  2.2620817152670450E-01 a       859     0    43     1    19
  4.8811934725042631E-02 a       860     0    43     1    20
 -9.4012176269386724E-02 a       861     0    44     1     1
  1.5525096185350989E-01 a       862     0    44     1     2
 -1.8349555984659582E-01 a       863     0    44     1     3
  2.1875201550637130E-02 a       864     0    44     1     4
 -7.7300356494871866E-02 a       865     0    44     1     5
  1.2280727366354917E-01 a       866     0    44     1     6
 -1.8065697745493253E-01 a       867     0    44     1     7
 -1.6301094319954407E-01 a       868     0    44     1     8
 -1.5289049619335163E-01 a       869     0    44     1     9
  1.3328835412256207E-01 a       870     0    44     1    10
  5.7563735146405337E-02 a       871     0    44     1    11
  5.4029597675200158E-02 a       872     0    44     1    12
  1.4253314560147387E-01 a       873     0    44     1    13
  4.9981608226359400E-03 a       874     0    44     1    14
  9.9712237110240548E-02 a       875     0    44     1    15
  8.0053470445507077E-02 a       876     0    44     1    16
  5.8293725757327643E-02 a       877     0    44     1    17
  9.0995144861705894E-03 a       878     0    44     1    18
 -8.2874237305237061E-02 a       879     0    44     1    19
  6.6113177280100605E-02 a       880     0    44     1    20
  3.8565093463614009E-01 a       881     0    45     1     1
 -4.6663787732053860E-02 a       882     0    45     1     2
  4.4384320403824401E-01 a       883     0    45     1     3
 -2.7713920489127697E-01 a       884     0    45     1     4
 -1.7594967205307344E-01 a       885     0    45     1     5
  1.5396611867042587E-01 a       886     0    45     1     6
 -2.1224905370123656E-02 a       887     0    45     1     7
  5.5738916149986946E-02 a       888     0    45     1     8
  2.4829954618869762E-01 a       889     0    45     1     9
  1.8050039374251486E-01 a       890     0    45     1    10
 -2.1256665480958084E-01 a       891     0    45     1    11
  3.6582721555601189E-01 a       892     0    45     1    12
  3.7436879951461732E-01 a       893     0    45     1    13
  9.3086179003851771E-02 a       894     0    45     1    14
 -3.0147553456630505E-01 a       895     0    45     1    15
 -1.0267770019154246E-01 a       896     0    45     1    16
 -2.5056535062856180E-02 a       897     0    45     1    17
 -2.7408914321889055E-01 a       898     0    45     1    18
 -1.6525650891510288E-01 a       899     0    45     1    19
 -1.3295900835009802E-01 a       900     0    45     1    20
  1.2747484431485902E-02 a       901     0    46     1     1
 -1.4411226544896472E-01 a       902     0    46     1     2
 -3.8940453056600842E-02 a       903     0    46     1     3
 -2.6902085402157133E-01 a       904     0    46     1     4
 -1.1484866304475873E-01 a       905     0    46     1     5
 -1.6028390552388219E-01 a       906     0    46     1     6
 -3.3362974901663626E-03 a       907     0    46     1     7
  1.1508146537945656E-01 a       908     0    46     1     8
  4.3200551780748220E-02 a       909     0    46     1     9
 -1.2832718203356960E-01 a       910     0    46     1    10
 -1.1222631450068354E-01 a       911     0    46     1    11
 -1.1179400867598882E-01 a       912     0    46     1    12
  3.8884463377945960E-02 a       913     0    46     1    13
 -2.0552725673625705E-01 a       914     0    46     1    14
  9.3508488530007802E-02 a       915     0    46     1    15
  5.8649404563100402E-02 a       916     0    46     1    16
  5.6978044096431028E-02 a       917     0    46     1    17
  4.6300522179627358E-02 a       918     0    46     1    18
  1.7360618985210735E-01 a       919     0    46     1    19
 -1.9373056524891838E-01 a       920     0    46     1    20
 -1.3809892367178990E-03 a       921     0    47     1     1
 -1.8592565079800191E-01 a       922     0    47     1     2
 -6.6631595435926241E-02 a       923     0    47     1     3
 -9.8877246745336753E-02 a       924     0    47     1     4
 -2.6373102735355869E-01 a       925     0    47     1     5
 -1.2359279647614076E-01 a       926     0    47     1     6
 -2.3152789573245951E-02 a       927     0    47     1     7
 -7.5722895338328072E-02 a       928     0    47     1     8
 -1.2809110744081303E-01 a       929     0    47     1     9
  2.0855112222900368E-01 a       930     0    47     1    10
 -3.8093158469517038E-02 a       931     0    47     1    11
 -8.1376399373678687E-02 a       932     0    47     1    12
  4.2374432256380205E-02 a       933     0    47     1    13
 -9.4055738636744199E-02 a       934     0    47     1    14
 -2.0569181596145900E-01 a       935     0    47     1    15
  1.6438157025243910E-01 a       936     0    47     1    16
  1.0115102113165726E-01 a       937     0    47     1    17
  1.8083391092723645E-02 a       938     0    47     1    18
 -2.0361243736104129E-01 a       939     0    47     1    19
  2.4637632084454044E-02 a       940     0    47     1    20
 -1.6462048359712794E-01 a       941     0    48     1     1
  1.8045818021942439E-02 a       942     0    48     1     2
 -2.4148103102402244E-02 a       943     0    48     1     3
  5.9711445369676146E-02 a       944     0    48     1     4
 -8.5458221763845904E-02 a       945     0    48     1     5
 -4.1257497240376702E-02 a       946     0    48     1     6
 -1.1932872302811247E-01 a       947     0    48     1     7
  1.8845659985784663E-01 a       948     0    48     1     8
 -8.4016146179712023E-02 a       949     0    48     1     9
  1.1403986661711704E-01 a       950     0    48     1    10
  4.5577369588618008E-02 a       951     0    48     1    11
 -4.1934517959681318E-02 a       952     0    48     1    12
  1.5919091602378452E-01 a       953     0    48     1    13
 -3.4997933589738593E-02 a       954     0    48     1    14
  3.4657026929238038E-01 a       955     0    48     1    15
 -2.2743374401907303E-02 a       956     0    48     1    16
 -1.1514231087544115E-01 a       957     0    48     1    17
  3.8206532742221119E-02 a       958     0    48     1    18
  2.4025119250080215E-02 a       959     0    48     1    19
  1.4827958466283908E-01 a       960     0    48     1    20
  1.9243047872011371E-01 a       961     0    49     1     1
  9.2493367022774803E-02 a       962     0    49     1     2
  1.8472728485001233E-01 a       963     0    49     1     3
  2.3558940498059347E-01 a       964     0    49     1     4
 -7.8910809943839880E-02 a       965     0    49     1     5
 -7.6461393425990343E-02 a       966     0    49     1     6
 -1.4379425198845824E-03 a       967     0    49     1     7
  1.5759123694352775E-01 a       968     0    49     1     8
  5.6514003808906296E-02 a       969     0    49     1     9
  3.0064035614829254E-01 a       970     0    49     1    10
 -1.6161434799376964E-01 a       971     0    49     1    11
 -1.1110850418956611E-01 a       972     0    49     1    12
 -3.3028096224541198E-02 a       973     0    49     1    13
 -2.1252752358860638E-01 a       974     0    49     1    14
 -1.7014116595465476E-01 a       975     0    49     1    15
 -7.4536985558425764E-02 a       976     0    49     1    16
 -3.4961246942896507E-01 a       977     0    49     1    17
  1.2697984759656689E-01 a       978     0    49     1    18
 -9.0339094470355916E-02 a       979     0    49     1    19
 -3.7130170625129660E-01 a       980     0    49     1    20
 -2.6506256724708466E-01 a       981     0    50     1     1
  7.0002096577072070E-02 a       982     0    50     1     2
 -1.8320939084860530E-01 a       983     0    50     1     3
  7.4887751890200929E-02 a       984     0    50     1     4
 -6.2166447186227360E-02 a       985     0    50     1     5
 -1.2747799693407696E-01 a       986     0    50     1     6
  1.3376133739162582E-02 a       987     0    50     1     7
 -1.0866050710848792E-01 a       988     0    50     1     8
 -1.8204335848293306E-02 a       989     0    50     1     9
  9.6051368882508039E-04 a       990     0    50     1    10
  4.5967799041185552E-02 a       991     0    50     1    11
  1.5063151333073521E-01 a       992     0    50     1    12
 -4.5323394074035912E-02 a       993     0    50     1    13
  6.3749833542980749E-02 a       994     0    50     1    14
  1.0123061716477122E-01 a       995     0    50     1    15
  6.1034636172861707E-02 a       996     0    50     1    16
  1.8428278185633563E-02 a       997     0    50     1    17
 -1.0064398440730028E-01 a       998     0    50     1    18
  1.3817254447916216E-02 a       999     0    50     1    19
 -2.0085976707131376E-01 a      1000     0    50     1    20
  5.1624471446608831E-02 a      1001     0    51     1     1
 -3.0180879288680518E-01 a      1002     0    51     1     2
  1.1799724458541683E-01 a      1003     0    51     1     3
 -2.4900124562334650E-02 a      1004     0    51     1     4
 -2.3534481448129904E-01 a      1005     0    51     1     5
 -2.2529896897064075E-01 a      1006     0    51     1     6
 -4.0284558081815042E-01 a      1007     0    51     1     7
 -1.7420491040600967E-02 a      1008     0    51     1     8
 -3.9416761252597465E-01 a      1009     0    51     1     9
 -9.7134889033958047E-02 a      1010     0    51     1    10
  5.8289774547061424E-01 a      1011     0    51     1    11
 -3.6991973400403944E-01 a      1012     0    51     1    12
 -4.2912976736815411E-01 a      1013     0    51     1    13
  2.5470340492316423E-01 a      1014     0    51     1    14
  1.3772868445022690E-01 a      1015     0    51     1    15
 -2.1977807267680882E-01 a      1016     0    51     1    16
 -1.1669605238221743E-01 a      1017     0    51     1    17
  1.0477108932604083E-01 a      1018     0    51     1    18
 -2.9320646592760363E-01 a      1019     0    51     1    19
 -3.2731025339914460E-01 a      1020     0    51     1    20
  1.9065357114538714E-01 a      1021     0    52     1     1
  1.2978981835736308E-01 a      1022     0    52     1     2
  2.0698398273821092E-01 a      1023     0    52     1     3
 -1.6579582270163376E-01 a      1024     0    52     1     4
  1.2002167035180650E-01 a      1025     0    52     1     5
 -4.7362412553493091E-02 a      1026     0    52     1     6
 -4.8454021220624012E-02 a      1027     0    52     1     7
  1.2754106783687225E-01 a      1028     0    52     1     8
  2.1641517940911120E-01 a      1029     0    52     1     9
  1.7804651868260982E-01 a      1030     0    52     1    10
 -1.5570531547861727E-01 a      1031     0    52     1    11
  1.6381597399466022E-01 a      1032     0    52     1    12
 -1.8543634325156050E-01 a      1033     0    52     1    13
  1.6543260548631283E-01 a      1034     0    52     1    14
 -2.6106551843026088E-01 a      1035     0    52     1    15
  1.0864430770694269E-01 a      1036     0    52     1    16
 -2.2324456943789170E-01 a      1037     0    52     1    17
 -3.4347230676582430E-01 a      1038     0    52     1    18
  5.3548802104807884E-02 a      1039     0    52     1    19
  2.6145217324084874E-01 a      1040     0    52     1    20
 -1.8978829538953183E-02 a      1041     0    53     1     1
 -2.0171888510702202E-02 a      1042     0    53     1     2
  7.2532433887937078E-02 a      1043     0    53     1     3
 -1.4939083951116675E-01 a      1044     0    53     1     4
  1.1386991040966013E-03 a      1045     0    53     1     5
  5.3726075764318183E-02 a      1046     0    53     1     6
 -2.3878296289311679E-02 a      1047     0    53     1     7
  1.4371021941431331E-01 a      1048     0    53     1     8
 -3.0230365265253756E-01 a      1049     0    53     1     9
  1.8087109961794981E-01 a      1050     0    53     1    10
  4.6823304921087640E-02 a      1051     0    53     1    11
 -6.5031896258001334E-02 a      1052     0    53     1    12
  1.2329756859767857E-01 a      1053     0    53     1    13
  2.1647317155430834E-02 a      1054     0    53     1    14
  5.9587498978857310E-02 a      1055     0    53     1    15
 -2.6780282491672303E-02 a      1056     0    53     1    16
  2.0212747207001835E-02 a      1057     0    53     1    17
 -4.0106387283776267E-02 a      1058     0    53     1    18
 -2.4271710087251017E-01 a      1059     0    53     1    19
 -1.8059221942428455E-01 a      1060     0    53     1    20
 -4.4634828025053315E-02 a      1061     0    54     1     1
  1.1145765191708618E-01 a      1062     0    54     1     2
 -3.4356463669370091E-01 a      1063     0    54     1     3
  5.6946399862971182E-02 a      1064     0    54     1     4
  2.2838359957462770E-01 a      1065     0    54     1     5
  1.4835954663041107E-01 a      1066     0    54     1     6
  6.8116430660344132E-02 a      1067     0    54     1     7
 -2.7971446284193269E-01 a      1068     0    54     1     8
 -6.8428228553325463E-02 a      1069     0    54     1     9
  8.8701574499272184E-02 a      1070     0    54     1    10
 -8.0183991855821507E-02 a      1071     0    54     1    11
  1.7413207523060550E-01 a      1072     0    54     1    12
  9.5394009983643960E-02 a      1073     0    54     1    13
  8.7922925806295876E-02 a      1074     0    54     1    14
  1.6271742028749727E-02 a      1075     0    54     1    15
  1.7748537026931291E-01 a      1076     0    54     1    16
  1.6251137050561129E-01 a      1077     0    54     1    17
 -1.6190882634450484E-04 a      1078     0    54     1    18
 -1.7965996776317028E-01 a      1079     0    54     1    19
 -3.9488772774833779E-02 a      1080     0    54     1    20
 -9.9433085113705744E-01 b      1081     1     1
 -2.4026538133305819E-01 b      1082     1     2
 -8.1084081988394197E-01 b      1083     1     3
  8.2118248685676454E-01 b      1084     1     4
  1.6698078030210220E-01 b      1085     1     5
  1.3180402360334251E+00 b      1086     1     6
 -1.2672140083917485E+00 b      1087     1     7
  2.5842208348629370E-01 b      1088     1     8
 -8.8841020988387831E-01 b      1089     1     9
 -6.0239384298621468E-01 b      1090     1    10
  2.3794028064259037E-01 b      1091     1    11
 -1.3109169907031311E+00 b      1092     1    12
  9.0855339196977636E-01 b      1093     1    13
 -8.3243514833754095E-01 b      1094     1    14
  8.8591665852034307E-01 b      1095     1    15
  3.2557671203140082E-01 b      1096     1    16
 -6.1887866629773969E-01 b      1097     1    17
 -6.3145980771991916E-01 b      1098     1    18
  9.6962617996085765E-01 b      1099     1    19
  9.8113651650093492E-01 b      1100     1    20
  3.8864991182412600E-01 a      1101     1     1     2     1
 -1.3420429854893562E-01 a      1102     1     1     2     2
 -1.8747063685920842E-01 a      1103     1     1     2     3
  1.6458129351542408E-01 a      1104     1     1     2     4
 -6.9241411737100456E-01 a      1105     1     1     2     5
  6.9683249623984270E-02 a      1106     1     1     2     6
  4.9815743467711526E-01 a      1107     1     1     2     7
 -5.9421319223818858E-01 a      1108     1     1     2     8
 -1.5236905462185724E-01 a      1109     1     1     2     9
 -3.8344472023469883E-01 a      1110     1     1     2    10
 -4.9717558165402609E-01 a      1111     1     1     2    11
 -5.2986051407847290E-01 a      1112     1     1     2    12
  6.9259342203726676E-02 a      1113     1     1     2    13
 -2.5741054184507400E-01 a      1114     1     1     2    14
  5.2706271135531690E-01 a      1115     1     1     2    15
 -3.7689682329619678E-01 a      1116     1     1     2    16
 -6.2732194798958840E-01 a      1117     1     1     2    17
 -4.9584668890317490E-01 a      1118     1     1     2    18
 -1.2276332854548834E-01 a      1119     1     1     2    19
 -4.2774794473602401E-01 a      1120     1     1     2    20
 -4.0048395030207828E-01 a      1121     1     2     2     1
  1.1235332295569802E-02 a      1122     1     2     2     2
 -4.0983829410386974E-01 a      1123     1     2     2     3
 -1.2500556559359208E-01 a      1124     1     2     2     4
 -1.6458783807185909E-01 a      1125     1     2     2     5
 -3.6396223105115366E-02 a      1126     1     2     2     6
 -1.0863487153428092E-01 a      1127     1     2     2     7
  2.3249042299479303E-01 a      1128     1     2     2     8
 -4.1520448393259363E-01 a      1129     1     2     2     9
  3.7441076476655044E-01 a      1130     1     2     2    10
  3.1984484312443734E-01 a      1131     1     2     2    11
 -1.8402744365091198E-01 a      1132     1     2     2    12
  5.1232945586449563E-01 a      1133     1     2     2    13
  6.6364630677301129E-01 a      1134     1     2     2    14
  3.9543065287197871E-01 a      1135     1     2     2    15
 -9.8746668763690093E-03 a      1136     1     2     2    16
  2.9394390590161801E-01 a      1137     1     2     2    17
 -5.8214105774438296E-01 a      1138     1     2     2    18
 -7.7540409026252033E-01 a      1139     1     2     2    19
 -4.1848309319792715E-01 a      1140     1     2     2    20
 -4.5561685660065454E-01 a      1141     1     3     2     1
  3.1485169789470593E-02 a      1142     1     3     2     2
  1.2883628343330419E-01 a      1143     1     3     2     3
 -4.9348406114645038E-01 a      1144     1     3     2     4
  1.2886037750701493E-01 a      1145     1     3     2     5
  7.8374235911421974E-01 a      1146     1     3     2     6
  3.5220163496805662E-01 a      1147     1     3     2     7
  3.8738656403968835E-01 a      1148     1     3     2     8
 -3.7923982730709777E-01 a      1149     1     3     2     9
 -4.2930747854366935E-01 a      1150     1     3     2    10
 -4.7074291518577127E-01 a      1151     1     3     2    11
  2.1390944167859718E-01 a      1152     1     3     2    12
 -8.8530868939240698E-02 a      1153     1     3     2    13
  1.6132502985386538E-01 a      1154     1     3     2    14
  2.3373736578629067E-01 a      1155     1     3     2    15
 -1.3279905445381954E-01 a      1156     1     3     2    16
  1.6957553579649673E-01 a      1157     1     3     2    17
 -4.1006353360716719E-01 a      1158     1     3     2    18
  5.4780693698620231E-01 a      1159     1     3     2    19
  4.3765973878045275E-02 a      1160     1     3     2    20
  2.8867878725429452E-01 a      1161     1     4     2     1
 -5.7020191330388270E-01 a      1162     1     4     2     2
  6.7204942784803531E-02 a      1163     1     4     2     3
 -4.4537669048053224E-01 a      1164     1     4     2     4
 -4.2533706129948107E-01 a      1165     1     4     2     5
  6.5050769493698024E-01 a      1166     1     4     2     6
  2.5839188451914658E-01 a      1167     1     4     2     7
 -2.0027291941251565E-01 a      1168     1     4     2     8
  7.0763068110253435E-01 a      1169     1     4     2     9
  3.8421545908493776E-03 a      1170     1     4     2    10
  6.7296637193745387E-02 a      1171     1     4     2    11
  9.2950744131583718E-02 a      1172     1     4     2    12
  4.1718374247266315E-01 a      1173     1     4     2    13
 -1.2788440426074676E-01 a      1174     1     4     2    14
  3.4443634745484464E-01 a      1175     1     4     2    15
 -4.6798547026222015E-01 a      1176     1     4     2    16
  3.7982320769365674E-01 a      1177     1     4     2    17
  5.7004190149090687E-03 a      1178     1     4     2    18
  1.4770965383537485E-01 a      1179     1     4     2    19
 -6.1672561698144113E-01 a      1180     1     4     2    20
  2.2788654909410961E-03 a      1181     1     5     2     1
  3.1421086865956382E-01 a      1182     1     5     2     2
 -5.7900553414891109E-01 a      1183     1     5     2     3
 -2.8958950033832626E-01 a      1184     1     5     2     4
 -5.2708017258117623E-01 a      1185     1     5     2     5
 -5.0637202182442409E-01 a      1186     1     5     2     6
 -6.1571410897708556E-01 a      1187     1     5     2     7
 -4.1062804379471857E-01 a      1188     1     5     2     8
 -1.5813217874048185E-01 a      1189     1     5     2     9
 -5.6093403919434959E-02 a      1190     1     5     2    10
  2.3923159460576690E-01 a      1191     1     5     2    11
 -2.3114585196003309E-01 a      1192     1     5     2    12
 -5.4422211386370334E-01 a      1193     1     5     2    13
  4.1375376372697847E-01 a      1194     1     5     2    14
  2.0695434652614078E-01 a      1195     1     5     2    15
  5.4663101103391343E-01 a      1196     1     5     2    16
 -1.8414394206235052E-01 a      1197     1     5     2    17
  3.2014060827371066E-01 a      1198     1     5     2    18
 -2.3183776685218369E-01 a      1199     1     5     2    19
  1.7996156272406166E-01 a      1200     1     5     2    20
 -6.8425780527501212E-01 a      1201     1     6     2     1
  4.0000837106533566E-01 a      1202     1     6     2     2
 -1.9989083435231265E-02 a      1203     1     6     2     3
 -2.0317797122096545E-01 a      1204     1     6     2     4
  3.4122593553904029E-01 a      1205     1     6     2     5
 -2.1278803582478956E-01 a      1206     1     6     2     6
  6.2358954270436229E-01 a      1207     1     6     2     7
  1.3766586353002502E-01 a      1208     1     6     2     8
  2.0322202026894778E-01 a      1209     1     6     2     9
 -1.0056336403120365E-01 a      1210     1     6     2    10
  4.6567585868430944E-01 a      1211     1     6     2    11
  4.3219761497929904E-01 a      1212     1     6     2    12
 -1.6052928692262550E-01 a      1213     1     6     2    13
 -1.1567216745600389E-02 a      1214     1     6     2    14
 -5.1269747308126590E-01 a      1215     1     6     2    15
  2.4042857447551810E-01 a      1216     1     6     2    16
  6.2719583462766892E-01 a      1217     1     6     2    17
 -2.3199422611812640E-01 a      1218     1     6     2    18
  1.5364070451753262E-01 a      1219     1     6     2    19
 -8.0877043024245265E-01 a      1220     1     6     2    20
 -2.8727209842095563E-01 a      1221     1     7     2     1
  2.3255078548048014E-01 a      1222     1     7     2     2
  4.3752217803260696E-01 a      1223     1     7     2     3
 -5.1772875986869504E-01 a      1224     1     7     2     4
  3.1224334010849897E-01 a      1225     1     7     2     5
 -9.3537598055369597E-02 a      1226     1     7     2     6
  4.9260980569934482E-01 a      1227     1     7     2     7
 -4.9465186101802189E-01 a      1228     1     7     2     8
 -4.3914531314652955E-01 a      1229     1     7     2     9
  2.5030425496750608E-01 a      1230     1     7     2    10
  4.4052464854588841E-01 a      1231     1     7     2    11
  2.1373822631722558E-01 a      1232     1     7     2    12
  2.3779246161643311E-01 a      1233     1     7     2    13
 -6.1472963350112053E-01 a      1234     1     7     2    14
  5.1658004022373949E-01 a      1235     1     7     2    15
 -3.2558784284493708E-01 a      1236     1     7     2    16
  4.4816726075332597E-01 a      1237     1     7     2    17
  3.3804271937284247E-01 a      1238     1     7     2    18
  1.1360339678672857E-01 a      1239     1     7     2    19
  7.8412583774691691E-01 a      1240     1     7     2    20
  1.1520223617620584E-01 a      1241     1     8     2     1
 -1.4291586186327962E-01 a      1242     1     8     2     2
  1.1608195803812242E-01 a      1243     1     8     2     3
 -5.5643195408769874E-01 a      1244     1     8     2     4
 -3.0268228739861114E-01 a      1245     1     8     2     5
  1.5678329097787003E-01 a      1246     1     8     2     6
 -4.0321729428801240E-01 a      1247     1     8     2     7
  4.8704373798311423E-01 a      1248     1     8     2     8
 -2.7641421079029282E-01 a      1249     1     8     2     9
  6.0522173212400254E-01 a      1250     1     8     2    10
  7.4341745300785400E-01 a      1251     1     8     2    11
  5.5432215898175363E-01 a      1252     1     8     2    12
 -1.2632208480366422E-01 a      1253     1     8     2    13
 -6.2368567094050942E-01 a      1254     1     8     2    14
 -4.5394334981256168E-01 a      1255     1     8     2    15
  1.5909216958736633E-01 a      1256     1     8     2    16
  1.0750888813306042E-01 a      1257     1     8     2    17
  3.0824059365431554E-02 a      1258     1     8     2    18
  5.8245012517230954E-01 a      1259     1     8     2    19
  4.2601830495480819E-01 a      1260     1     8     2    20
  6.2109832587433589E-01 a      1261     1     9     2     1
 -1.5165370050465542E-02 a      1262     1     9     2     2
  5.6990472344674903E-01 a      1263     1     9     2     3
  4.6087910866492154E-01 a      1264     1     9     2     4
 -1.8627112015029018E-01 a      1265     1     9     2     5
 -4.9124399469455649E-01 a      1266     1     9     2     6
  2.1440346979226147E-02 a      1267     1     9     2     7
 -2.6928478251824578E-01 a      1268     1     9     2     8
  3.7866122905323268E-01 a      1269     1     9     2     9
  2.6259202251638769E-01 a      1270     1     9     2    10
 -1.5984515416326958E-01 a      1271     1     9     2    11
 -1.7483233852878530E-01 a      1272     1     9     2    12
 -2.8590067921548282E-02 a      1273     1     9     2    13
  3.1285485752856562E-01 a      1274     1     9     2    14
 -4.3006458340760584E-01 a      1275     1     9     2    15
  3.3754869551042033E-01 a      1276     1     9     2    16
 -1.8912820169378025E-01 a      1277     1     9     2    17
 -2.2059835356120475E-01 a      1278     1     9     2    18
 -3.0030920577813458E-01 a      1279     1     9     2    19
  9.7887633583338685E-02 a      1280     1     9     2    20
 -8.0394710137283484E-02 a      1281     1    10     2     1
  3.6145468011515872E-02 a      1282     1    10     2     2
  5.8027494762592458E-01 a      1283     1    10     2     3
  2.5071085500125365E-02 a      1284     1    10     2     4
  6.8579486279030211E-02 a      1285     1    10     2     5
  1.5903752743594687E-01 a      1286     1    10     2     6
 -1.7041913167819231E-01 a      1287     1    10     2     7
 -4.4976898338018628E-01 a      1288     1    10     2     8
  6.0029655563681927E-01 a      1289     1    10     2     9
  4.1213450912546601E-01 a      1290     1    10     2    10
  2.2255437663686230E-02 a      1291     1    10     2    11
 -1.2044201534859712E-01 a      1292     1    10     2    12
 -1.7090678012315469E-01 a      1293     1    10     2    13
 -5.4187056509756493E-01 a      1294     1    10     2    14
  1.2691361624982400E-01 a      1295     1    10     2    15
 -4.1725875534059231E-01 a      1296     1    10     2    16
 -5.1410679041948137E-01 a      1297     1    10     2    17
 -8.8763988561710472E-02 a      1298     1    10     2    18
 -3.0577677143111781E-01 a      1299     1    10     2    19
 -3.0623487412885902E-01 a      1300     1    10     2    20
 -3.9202072413375111E-01 a      1301     1    11     2     1
 -7.1703191512788345E-01 a      1302     1    11     2     2
 -3.6591794319443371E-01 a      1303     1    11     2     3
 -3.3823208663234811E-01 a      1304     1    11     2     4
 -3.0534359096303137E-01 a      1305     1    11     2     5
  1.2309284285182259E-01 a      1306     1    11     2     6
  1.2479745189354613E-01 a      1307     1    11     2     7
  2.5277728214882211E-01 a      1308     1    11     2     8
 -4.7975989016471082E-01 a      1309     1    11     2     9
 -5.8131076487358679E-01 a      1310     1    11     2    10
 -8.9774767991054036E-02 a      1311     1    11     2    11
 -5.0362692355688821E-01 a      1312     1    11     2    12
 -3.9503027601434032E-01 a      1313     1    11     2    13
 -3.2055964765353655E-02 a      1314     1    11     2    14
  4.7995383891917387E-01 a      1315     1    11     2    15
  3.6427668095395588E-01 a      1316     1    11     2    16
 -5.3387823203659635E-01 a      1317     1    11     2    17
 -4.5131381988193542E-01 a      1318     1    11     2    18
 -3.3612965442315074E-01 a      1319     1    11     2    19
 -2.5073893067320607E-01 a      1320     1    11     2    20
  1.0044258507008906E-01 a      1321     1    12     2     1
 -6.3610341226299183E-01 a      1322     1    12     2     2
 -1.8545402055387095E-01 a      1323     1    12     2     3
 -2.9225763310485953E-01 a      1324     1    12     2     4
  3.6966023851560104E-01 a      1325     1    12     2     5
 -3.6103212136196328E-01 a      1326     1    12     2     6
  4.6972630096585627E-01 a      1327     1    12     2     7
 -2.0256718219753478E-01 a      1328     1    12     2     8
  3.2609334524059647E-01 a      1329     1    12     2     9
 -5.2578004334938833E-01 a      1330     1    12     2    10
 -2.1742325518165168E-01 a      1331     1    12     2    11
  3.2486684192348825E-01 a      1332     1    12     2    12
  6.1254708463031760E-01 a      1333     1    12     2    13
  8.0803641957188047E-02 a      1334     1    12     2    14
 -3.5407581482203965E-02 a      1335     1    12     2    15
  1.3758093391914436E-01 a      1336     1    12     2    16
 -1.1180000577248730E-01 a      1337     1    12     2    17
 -5.1709708994045778E-01 a      1338     1    12     2    18
  5.2659788357893966E-01 a      1339     1    12     2    19
  5.4735272559869175E-01 a      1340     1    12     2    20
  5.8672470144424371E-01 a      1341     1    13     2     1
  5.7253951029808514E-01 a      1342     1    13     2     2
 -5.7412163200501520E-01 a      1343     1    13     2     3
 -1.6326985614946787E-02 a      1344     1    13     2     4
  3.3420778950095553E-01 a      1345     1    13     2     5
 -1.1903231904650542E-01 a      1346     1    13     2     6
  3.5778158049787356E-01 a      1347     1    13     2     7
 -3.6794043888296074E-01 a      1348     1    13     2     8
  3.7496234664859251E-01 a      1349     1    13     2     9
  7.3509137233298869E-02 a      1350     1    13     2    10
 -6.6628183428558929E-01 a      1351     1    13     2    11
  2.9798228088879691E-01 a      1352     1    13     2    12
 -2.0231869151514473E-01 a      1353     1    13     2    13
  2.3655094724362996E-01 a      1354     1    13     2    14
  2.4929481430018990E-01 a      1355     1    13     2    15
 -4.3891635695045556E-01 a      1356     1    13     2    16
 -2.0834562081198776E-01 a      1357     1    13     2    17
  2.5590573830399538E-01 a      1358     1    13     2    18
 -7.0788389800730184E-02 a      1359     1    13     2    19
  3.7172894663069522E-01 a      1360     1    13     2    20
 -5.4004472093798872E-01 a      1361     1    14     2     1
  1.5007336049104636E-01 a      1362     1    14     2     2
 -6.1507472269287244E-01 a      1363     1    14     2     3
  2.0605742420256218E-01 a      1364     1    14     2     4
 -8.0138299294437845E-02 a      1365     1    14     2     5
 -9.0709381016347221E-02 a      1366     1    14     2     6
  1.5929261779170231E-01 a      1367     1    14     2     7
  1.4198417407512606E-01 a      1368     1    14     2     8
  9.2780180976819629E-02 a      1369     1    14     2     9
 -1.9819971706863879E-01 a      1370     1    14     2    10
  2.7081912987113883E-02 a      1371     1    14     2    11
 -3.9486785637494104E-01 a      1372     1    14     2    12
 -6.1504673538581145E-01 a      1373     1    14     2    13
  1.5504519654356286E-01 a      1374     1    14     2    14
 -4.9817518155273033E-01 a      1375     1    14     2    15
 -3.2523224964115682E-01 a      1376     1    14     2    16
  2.4477068987895570E-01 a      1377     1    14     2    17
  6.0674702056947839E-02 a      1378     1    14     2    18
 -3.2323628735292008E-02 a      1379     1    14     2    19
 -5.8281636255607672E-02 a      1380     1    14     2    20
  1.3358590752483099E-01 a      1381     1    15     2     1
 -3.4761631778494534E-01 a      1382     1    15     2     2
 -2.0452042770704107E-01 a      1383     1    15     2     3
  5.9923954819142322E-01 a      1384     1    15     2     4
  6.0138329348011710E-01 a      1385     1    15     2     5
  3.7516266967247990E-02 a      1386     1    15     2     6
 -3.1050499495926398E-01 a      1387     1    15     2     7
  4.3418749670289652E-01 a      1388     1    15     2     8
 -4.1260350586638161E-01 a      1389     1    15     2     9
 -2.7329622914775581E-01 a      1390     1    15     2    10
  1.7225879396520744E-01 a      1391     1    15     2    11
 -3.3992790383299126E-01 a      1392     1    15     2    12
 -4.1196194753633364E-01 a      1393     1    15     2    13
 -4.5023821289903038E-01 a      1394     1    15     2    14
 -1.0886729135781471E-01 a      1395     1    15     2    15
 -1.5631865930175004E-01 a      1396     1    15     2    16
 -1.0961893857311557E-01 a      1397     1    15     2    17
 -3.3537297773194086E-01 a      1398     1    15     2    18
  7.0762425439934251E-01 a      1399     1    15     2    19
  7.5988231511872673E-02 a      1400     1    15     2    20
  6.4970348496320618E-01 a      1401     1    16     2     1
  2.8086381805840444E-01 a      1402     1    16     2     2
 -3.8842281254325001E-01 a      1403     1    16     2     3
 -5.7583400066771828E-01 a      1404     1    16     2     4
  2.1142332332500713E-01 a      1405     1    16     2     5
  3.9075059041368049E-01 a      1406     1    16     2     6
  2.9272888373325789E-01 a      1407     1    16     2     7
  4.5326876105557251E-01 a      1408     1    16     2     8
  3.6467813229497981E-01 a      1409     1    16     2     9
 -3.6347350528592798E-01 a      1410     1    16     2    10
 -3.7584661115635082E-01 a      1411     1    16     2    11
  3.9155642338024199E-01 a      1412     1    16     2    12
 -6.0683999447112680E-01 a      1413     1    16     2    13
  2.1518522988431543E-01 a      1414     1    16     2    14
 -1.9155910881126942E-01 a      1415     1    16     2    15
  3.4572181503599676E-02 a      1416     1    16     2    16
 -1.4857036168257026E-01 a      1417     1    16     2    17
 -8.1722947853009459E-02 a      1418     1    16     2    18
 -3.8764468873424707E-01 a      1419     1    16     2    19
  1.3636142716735203E-01 a      1420     1    16     2    20
  1.1590323475756932E-01 a      1421     1    17     2     1
  1.0020273545036866E-01 a      1422     1    17     2     2
 -1.8220256540492247E-01 a      1423     1    17     2     3
  5.3483845391552667E-02 a      1424     1    17     2     4
 -2.3734747532866021E-01 a      1425     1    17     2     5
  5.8584483136439258E-01 a      1426     1    17     2     6
  6.6786494198964319E-02 a      1427     1    17     2     7
 -2.0239544685236566E-01 a      1428     1    17     2     8
  3.8513562279641328E-01 a      1429     1    17     2     9
 -1.3457712444196215E-01 a      1430     1    17     2    10
 -3.8703703522466122E-03 a      1431     1    17     2    11
  4.1799036865362071E-01 a      1432     1    17     2    12
 -4.8282553281017354E-02 a      1433     1    17     2    13
 -3.9700366380571778E-01 a      1434     1    17     2    14
 -1.2351938268504310E-01 a      1435     1    17     2    15
 -2.7636923849852008E-01 a      1436     1    17     2    16
 -7.3763748136237539E-02 a      1437     1    17     2    17
 -6.1426792160412957E-01 a      1438     1    17     2    18
  3.0928010952085722E-01 a      1439     1    17     2    19
  2.0735194835789883E-01 a      1440     1    17     2    20
 -9.1953773545721484E-02 a      1441     1    18     2     1
  3.0307121610388443E-01 a      1442     1    18     2     2
  8.9972462078082766E-02 a      1443     1    18     2     3
 -1.0628972896085154E-01 a      1444     1    18     2     4
  6.2324961205456797E-01 a      1445     1    18     2     5
  1.5931152202435439E-01 a      1446     1    18     2     6
 -5.6233099859803348E-02 a      1447     1    18     2     7
 -5.2033444396307749E-01 a      1448     1    18     2     8
 -2.2954190189804879E-01 a      1449     1    18     2     9
 -1.2048834542376843E-01 a      1450     1    18     2    10
 -6.9677556458930770E-02 a      1451     1    18     2    11
  3.5897143797832626E-01 a      1452     1    18     2    12
  5.8972315492239902E-01 a      1453     1    18     2    13
  2.5236794563176701E-01 a      1454     1    18     2    14
 -4.3758367855213259E-01 a      1455     1    18     2    15
 -1.7183158836231002E-01 a      1456     1    18     2    16
 -5.3823771388878050E-01 a      1457     1    18     2    17
  4.3365239596523020E-01 a      1458     1    18     2    18
  6.7832254172643606E-03 a      1459     1    18     2    19
 -3.7165849533694513E-02 a      1460     1    18     2    20
 -3.7784915061250457E-01 a      1461     1    19     2     1
  1.3464157971637916E-01 a      1462     1    19     2     2
 -2.8778042363940781E-01 a      1463     1    19     2     3
 -1.3854598231156315E-01 a      1464     1    19     2     4
 -1.6201059680634730E-01 a      1465     1    19     2     5
  2.2381022727713581E-01 a      1466     1    19     2     6
 -4.5294861257055438E-02 a      1467     1    19     2     7
  5.0343019990110827E-01 a      1468     1    19     2     8
  1.9680383190040668E-01 a      1469     1    19     2     9
  5.1359878832954775E-01 a      1470     1    19     2    10
  2.4388179919730239E-02 a      1471     1    19     2    11
  2.7853859216231541E-01 a      1472     1    19     2    12
 -3.2788684858989087E-01 a      1473     1    19     2    13
  4.1317271246828108E-01 a      1474     1    19     2    14
 -1.0665606830769772E-01 a      1475     1    19     2    15
 -3.5626967310472646E-01 a      1476     1    19     2    16
 -4.0329031174526081E-01 a      1477     1    19     2    17
  4.8814028479104121E-01 a      1478     1    19     2    18
  2.5086868375594745E-01 a      1479     1    19     2    19
 -2.4625972451545894E-01 a      1480     1    19     2    20
 -1.7839872741868035E-01 a      1481     1    20     2     1
  2.8275591475581141E-01 a      1482     1    20     2     2
 -4.4205887319558873E-01 a      1483     1    20     2     3
 -9.9338847692277354E-02 a      1484     1    20     2     4
 -2.0254165921437733E-01 a      1485     1    20     2     5
 -4.9721447610197861E-01 a      1486     1    20     2     6
  6.4156125411437959E-01 a      1487     1    20     2     7
  3.0105152300744842E-01 a      1488     1    20     2     8
  1.2232687671535140E-01 a      1489     1    20     2     9
  1.7066460849524051E-01 a      1490     1    20     2    10
  5.8577159192236472E-01 a      1491     1    20     2    11
  5.5151412863562654E-01 a      1492     1    20     2    12
  2.4330001075497862E-01 a      1493     1    20     2    13
 -1.3683043912142000E-02 a      1494     1    20     2    14
 -3.2001367107125039E-01 a      1495     1    20     2    15
  3.8965290868934388E-01 a      1496     1    20     2    16
  5.6186753908471609E-01 a      1497     1    20     2    17
 -3.0031675000386343E-01 a      1498     1    20     2    18
  2.7853970660212024E-01 a      1499     1    20     2    19
 -2.9070336384560854E-02 a      1500     1    20     2    20
 -6.9641918153027060E-01 b      1501     2     1
 -5.3275329779843017E-01 b      1502     2     2
  6.6114750414567924E-01 b      1503     2     3
  9.2986015107698083E-01 b      1504     2     4
 -1.1362628248428073E+00 b      1505     2     5
 -4.7643539476698027E-01 b      1506     2     6
 -1.1158623255439075E+00 b      1507     2     7
 -4.6259129249710673E-01 b      1508     2     8
  3.8803759200071425E-02 b      1509     2     9
  3.5723362179242357E-01 b      1510     2    10
  8.2637333524997947E-01 b      1511     2    11
 -1.2958067522690335E+00 b      1512     2    12
  3.5552394175391699E-01 b      1513     2    13
  2.2086779670430778E-01 b      1514     2    14
  9.7674837052989993E-01 b      1515     2    15
 -1.3085429865452571E+00 b      1516     2    16
  3.9290612445959376E-02 b      1517     2    17
  1.5296160656386295E+00 b      1518     2    18
 -1.6269703905025505E+00 b      1519     2    19
 -3.2843456637720640E-02 b      1520     2    20
  1.1467001224938542E-01 a      1521     2     1     3     1
 -6.8732242988691605E-01 a      1522     2     2     3     1
 -1.2550366726493175E-02 a      1523     2     3     3     1
  3.2345138473697194E-01 a      1524     2     4     3     1
 -1.2283830665288571E-01 a      1525     2     5     3     1
 -3.1829004490821389E-01 a      1526     2     6     3     1
  7.6680648532411688E-02 a      1527     2     7     3     1
 -9.6497236258813357E-01 a      1528     2     8     3     1
  5.2272285820884286E-02 a      1529     2     9     3     1
 -1.9664557553504169E-01 a      1530     2    10     3     1
  4.6285313802793070E-02 a      1531     2    11     3     1
  8.7981654199919901E-01 a      1532     2    12     3     1
 -3.4638619221278327E-01 a      1533     2    13     3     1
  6.7322284354260561E-02 a      1534     2    14     3     1
  7.7786452848755816E-01 a      1535     2    15     3     1
  3.9953850682334419E-01 a      1536     2    16     3     1
 -1.0427758423587925E+00 a      1537     2    17     3     1
 -8.7461726536682149E-01 a      1538     2    18     3     1
  3.9452934988877100E-02 a      1539     2    19     3     1
  6.4947257034095884E-01 a      1540     2    20     3     1
 -3.9692341710770795E-01 b      1541     3     1
