################################################################################
# Neural network connection values (weights and biases).
################################################################################
# Col  Name       Description
################################################################################
# 1    connection Neural network connection value.
# 2    t          Connection type (a = weight, b = bias).
# 3    index      Index enumerating weights.
# 4    l_s        Starting point layer (end point layer for biases).
# 5    n_s        Starting point neuron in starting layer (end point neuron for biases).
# 6    l_e        End point layer.
# 7    n_e        End point neuron in end layer.
################################################################################
#                      1 2         3     4     5     6     7
#             connection t     index   l_s   n_s   l_e   n_e
############################################################
  1.2727869690182017E-02 a         1     0     1     1     1
  1.5492663382711583E-01 a         2     0     1     1     2
 -1.0623506814798714E-01 a         3     0     1     1     3
 -1.4313330822347794E+00 a         4     0     1     1     4
 -5.5349958432736136E-02 a         5     0     1     1     5
 -3.3658001627325501E-01 a         6     0     1     1     6
 -7.1126472853231620E-02 a         7     0     1     1     7
  7.8521222940351326E-02 a         8     0     1     1     8
  5.2254840047701701E-01 a         9     0     1     1     9
  3.5759127702328009E-01 a        10     0     1     1    10
  1.8091284119971313E-01 a        11     0     1     1    11
 -1.1891527769801313E-01 a        12     0     1     1    12
 -2.4459017193477431E-01 a        13     0     1     1    13
  5.5900460519923520E-02 a        14     0     1     1    14
 -1.8825440596200382E-01 a        15     0     1     1    15
 -2.1290604609415950E-01 a        16     0     1     1    16
 -1.1444927126577914E-01 a        17     0     1     1    17
  2.1023906293862027E-01 a        18     0     1     1    18
 -2.8401100075626251E-01 a        19     0     1     1    19
 -5.0390581055727313E-01 a        20     0     1     1    20
  1.0022750663019268E-01 a        21     0     2     1     1
 -8.7214807116497595E-02 a        22     0     2     1     2
  1.0600956307240764E-02 a        23     0     2     1     3
 -3.0743100150560643E-02 a        24     0     2     1     4
  8.8081552203526578E-02 a        25     0     2     1     5
 -3.0581608943922439E-01 a        26     0     2     1     6
 -4.8322710597074359E-01 a        27     0     2     1     7
 -1.8182614835635970E-02 a        28     0     2     1     8
  1.5166325201458788E-01 a        29     0     2     1     9
 -1.3289357036846883E-01 a        30     0     2     1    10
  1.8398175520353574E-01 a        31     0     2     1    11
  3.2814626961535687E-01 a        32     0     2     1    12
 -3.4888295368327027E-01 a        33     0     2     1    13
  1.2403072397585072E-01 a        34     0     2     1    14
 -3.1323314125135965E-01 a        35     0     2     1    15
 -3.2965588204330742E-01 a        36     0     2     1    16
  1.3946328244922673E-01 a        37     0     2     1    17
 -4.4627913598142027E-02 a        38     0     2     1    18
  3.8870912342132408E-01 a        39     0     2     1    19
 -3.8334112310605223E-01 a        40     0     2     1    20
 -2.6242094921166459E-01 a        41     0     3     1     1
  7.9361265814691176E-02 a        42     0     3     1     2
 -1.0548422125755710E-01 a        43     0     3     1     3
 -2.2370336386284931E-01 a        44     0     3     1     4
  2.5252085417304313E-02 a        45     0     3     1     5
  7.2846600364156536E-02 a        46     0     3     1     6
 -1.5416118989318973E-02 a        47     0     3     1     7
  2.4980817365395033E-01 a        48     0     3     1     8
  2.2058777069805716E-01 a        49     0     3     1     9
  1.1867064419775216E-02 a        50     0     3     1    10
 -1.2143055875021701E-01 a        51     0     3     1    11
  2.2459354166273046E-01 a        52     0     3     1    12
  2.8400817108087818E-02 a        53     0     3     1    13
 -3.1520474438019436E-01 a        54     0     3     1    14
 -1.3538335759507975E-01 a        55     0     3     1    15
  1.4313312519155694E-01 a        56     0     3     1    16
  1.0215192707691559E-01 a        57     0     3     1    17
  4.0778458054724923E-02 a        58     0     3     1    18
 -6.1726370616538989E-02 a        59     0     3     1    19
  1.3998662812405097E-01 a        60     0     3     1    20
  1.7848184923633736E-01 a        61     0     4     1     1
 -1.1703725763098645E-01 a        62     0     4     1     2
  3.1828261529686219E-01 a        63     0     4     1     3
  8.7917034359463520E-01 a        64     0     4     1     4
  1.2994058492770152E-01 a        65     0     4     1     5
  4.1225311624079980E-01 a        66     0     4     1     6
 -3.1836022753744128E-02 a        67     0     4     1     7
  6.1134456648564685E-02 a        68     0     4     1     8
 -1.2308332988896363E-01 a        69     0     4     1     9
 -2.2499775226007968E-01 a        70     0     4     1    10
  3.6945044682802286E-01 a        71     0     4     1    11
  1.7143369854274618E-02 a        72     0     4     1    12
  5.1283538450768951E-01 a        73     0     4     1    13
 -3.6840708686169610E-01 a        74     0     4     1    14
 -5.2997387071222768E-01 a        75     0     4     1    15
  2.3141852473089661E-01 a        76     0     4     1    16
 -5.3254006426814708E-02 a        77     0     4     1    17
 -7.7829819395395794E-02 a        78     0     4     1    18
  3.1100046514360524E-01 a        79     0     4     1    19
  3.4941241419224978E-01 a        80     0     4     1    20
 -2.2767997358476083E-01 a        81     0     5     1     1
  6.1202406218581376E-02 a        82     0     5     1     2
 -2.6047467190876028E-01 a        83     0     5     1     3
  1.6571996042279391E-01 a        84     0     5     1     4
  2.7779095430208584E-01 a        85     0     5     1     5
 -2.9832055586389311E-01 a        86     0     5     1     6
  1.5928496232049186E-01 a        87     0     5     1     7
  8.3252125808956856E-02 a        88     0     5     1     8
  1.7135553755875856E-02 a        89     0     5     1     9
 -1.0599298411555247E-02 a        90     0     5     1    10
  1.6149215914855183E-01 a        91     0     5     1    11
  5.5072951983839387E-02 a        92     0     5     1    12
  2.0973538270509787E-01 a        93     0     5     1    13
  2.4868310188629755E-01 a        94     0     5     1    14
  1.5279172067815891E-01 a        95     0     5     1    15
 -2.1640059309342444E-01 a        96     0     5     1    16
 -5.7886100834171916E-01 a        97     0     5     1    17
  2.5974524539614230E-01 a        98     0     5     1    18
 -6.6142755515334284E-01 a        99     0     5     1    19
  3.4108507980176256E-01 a       100     0     5     1    20
  2.0622890082627771E-01 a       101     0     6     1     1
  1.3897809134424619E-01 a       102     0     6     1     2
  3.1014654679858995E-02 a       103     0     6     1     3
 -9.5597082516177281E-02 a       104     0     6     1     4
  4.1335408514058383E-02 a       105     0     6     1     5
  9.7155971479462602E-02 a       106     0     6     1     6
 -1.2875329079810016E-01 a       107     0     6     1     7
  2.4978112411466380E-01 a       108     0     6     1     8
  9.4740714852905875E-02 a       109     0     6     1     9
 -1.8972446046475330E-01 a       110     0     6     1    10
 -1.5730922409871417E-01 a       111     0     6     1    11
  7.9418409961159578E-02 a       112     0     6     1    12
  1.3288599563693743E-01 a       113     0     6     1    13
  3.2361133772969142E-01 a       114     0     6     1    14
  2.7307148639306777E-01 a       115     0     6     1    15
  9.2990383287125916E-02 a       116     0     6     1    16
  1.7458915122092084E-01 a       117     0     6     1    17
  2.4064834887143341E-01 a       118     0     6     1    18
  6.1217602057651453E-04 a       119     0     6     1    19
  1.0622797678854581E-01 a       120     0     6     1    20
 -8.9763282707964978E-02 a       121     0     7     1     1
 -8.6781284078480847E-02 a       122     0     7     1     2
 -6.7103266615961288E-01 a       123     0     7     1     3
  1.1074429485195388E-01 a       124     0     7     1     4
 -2.0833241563615787E-01 a       125     0     7     1     5
  4.5027148157259012E-01 a       126     0     7     1     6
 -1.1923243991646768E-01 a       127     0     7     1     7
 -3.8925398701544872E-01 a       128     0     7     1     8
 -2.9656427268416219E-01 a       129     0     7     1     9
  3.1557591470413669E-02 a       130     0     7     1    10
 -6.7080426414443717E-01 a       131     0     7     1    11
 -3.6928986871739383E-01 a       132     0     7     1    12
 -2.9207622590212479E-01 a       133     0     7     1    13
  2.4134524159878071E-01 a       134     0     7     1    14
  6.9119191347697018E-01 a       135     0     7     1    15
 -7.7370815212034118E-03 a       136     0     7     1    16
 -4.8610137355091461E-02 a       137     0     7     1    17
  2.0371258278455082E-02 a       138     0     7     1    18
 -8.3275874454546081E-03 a       139     0     7     1    19
 -1.5742481614497592E-01 a       140     0     7     1    20
  1.8911137921706542E-01 a       141     0     8     1     1
  6.4734138547259679E-02 a       142     0     8     1     2
  3.1253689032708351E-02 a       143     0     8     1     3
  2.3549621734442494E-03 a       144     0     8     1     4
  2.3991969624076823E-01 a       145     0     8     1     5
 -1.1530041890882622E-01 a       146     0     8     1     6
 -9.1971089614620305E-03 a       147     0     8     1     7
 -5.0576902734698594E-02 a       148     0     8     1     8
  1.3775659999236578E-01 a       149     0     8     1     9
  1.5165014272995991E-01 a       150     0     8     1    10
 -7.6624059406486894E-02 a       151     0     8     1    11
  2.1442291015128034E-01 a       152     0     8     1    12
 -6.1826243180101062E-02 a       153     0     8     1    13
  1.2965290389667744E-01 a       154     0     8     1    14
 -2.7084792580944400E-01 a       155     0     8     1    15
  5.7708405499632617E-02 a       156     0     8     1    16
  3.2439007189754016E-01 a       157     0     8     1    17
 -1.6392862815834749E-01 a       158     0     8     1    18
  1.7136074906605048E-01 a       159     0     8     1    19
 -1.7065077034372833E-01 a       160     0     8     1    20
  1.6623039075931392E-01 a       161     0     9     1     1
 -1.7608485153414474E-01 a       162     0     9     1     2
 -1.2785662293105340E-01 a       163     0     9     1     3
  4.0507171647943575E-02 a       164     0     9     1     4
  1.9957909823376616E-01 a       165     0     9     1     5
 -1.2156316741085031E-01 a       166     0     9     1     6
  7.1163738971105395E-02 a       167     0     9     1     7
  2.9899473473318733E-01 a       168     0     9     1     8
  6.6794660139220538E-03 a       169     0     9     1     9
  2.6269778062018478E-01 a       170     0     9     1    10
  1.3056636527714349E-01 a       171     0     9     1    11
  2.2436573705457660E-01 a       172     0     9     1    12
  4.2917473526335259E-03 a       173     0     9     1    13
 -2.0371721342732985E-01 a       174     0     9     1    14
 -2.3209280324169926E-01 a       175     0     9     1    15
  1.1819549224436379E-01 a       176     0     9     1    16
 -2.9965096703990562E-01 a       177     0     9     1    17
  3.2320552375271805E-01 a       178     0     9     1    18
  6.5889178022466383E-02 a       179     0     9     1    19
  2.4974161812854508E-03 a       180     0     9     1    20
 -1.5626985416036534E-03 a       181     0    10     1     1
 -2.6708147962279344E-01 a       182     0    10     1     2
 -8.8298248200763013E-02 a       183     0    10     1     3
 -4.6561715106861429E-01 a       184     0    10     1     4
  1.1450396218545590E-01 a       185     0    10     1     5
  1.4572770349289998E-01 a       186     0    10     1     6
 -1.5830317749161448E-02 a       187     0    10     1     7
  1.0757779017361357E-01 a       188     0    10     1     8
  3.9713154740510548E-01 a       189     0    10     1     9
 -2.0651725692341349E-01 a       190     0    10     1    10
  4.1785173140809873E-01 a       191     0    10     1    11
  1.3319255755986623E-01 a       192     0    10     1    12
 -9.3207120417300865E-02 a       193     0    10     1    13
 -3.2218257206306689E-01 a       194     0    10     1    14
 -3.1256398094260773E-01 a       195     0    10     1    15
  3.3263329353057612E-02 a       196     0    10     1    16
 -9.6855200051115295E-02 a       197     0    10     1    17
  5.7120073620634426E-02 a       198     0    10     1    18
  6.7684007151916248E-02 a       199     0    10     1    19
  1.3845195236920088E-01 a       200     0    10     1    20
 -9.3505016347782854E-02 a       201     0    11     1     1
  2.1519598032835704E-01 a       202     0    11     1     2
 -6.1179444680460396E-02 a       203     0    11     1     3
 -1.0160336752897316E-01 a       204     0    11     1     4
 -1.7925560394451476E-01 a       205     0    11     1     5
  2.1904307175288046E-02 a       206     0    11     1     6
  2.2791946182800682E-01 a       207     0    11     1     7
  3.3025021158053003E-01 a       208     0    11     1     8
 -8.9898868056921058E-02 a       209     0    11     1     9
  5.8835477396684689E-02 a       210     0    11     1    10
  2.1355384161867524E-01 a       211     0    11     1    11
  2.4550077179989060E-01 a       212     0    11     1    12
 -4.0890456754454609E-02 a       213     0    11     1    13
 -3.4259212822779307E-02 a       214     0    11     1    14
  5.7010074344332716E-02 a       215     0    11     1    15
 -9.6556404920151218E-02 a       216     0    11     1    16
 -2.5664022299509803E-01 a       217     0    11     1    17
  2.7870495754754865E-01 a       218     0    11     1    18
  1.1096162237591237E-01 a       219     0    11     1    19
  1.1239806760747975E-01 a       220     0    11     1    20
  1.8404779774797314E-01 a       221     0    12     1     1
  9.6532630694536187E-02 a       222     0    12     1     2
 -1.0492184588501058E-01 a       223     0    12     1     3
 -2.0492762224553296E-01 a       224     0    12     1     4
 -5.5193845648326294E-02 a       225     0    12     1     5
  2.2988927367340486E-01 a       226     0    12     1     6
 -4.8612832428915002E-02 a       227     0    12     1     7
  3.5092210122616728E-02 a       228     0    12     1     8
  3.9758096932131552E-02 a       229     0    12     1     9
  1.0578361771232553E-01 a       230     0    12     1    10
 -1.7283230706050398E-01 a       231     0    12     1    11
  1.5151389719931541E-01 a       232     0    12     1    12
 -5.4782007771614613E-02 a       233     0    12     1    13
 -3.1706021047222019E-02 a       234     0    12     1    14
 -2.8467505004648588E-02 a       235     0    12     1    15
  6.7632968642271432E-02 a       236     0    12     1    16
  2.2981293554880536E-01 a       237     0    12     1    17
  8.5266864251960561E-02 a       238     0    12     1    18
 -1.4545333365969637E-03 a       239     0    12     1    19
  6.7108709932856003E-02 a       240     0    12     1    20
  1.8767879662688808E-01 a       241     0    13     1     1
 -3.3242045776284419E-03 a       242     0    13     1     2
 -1.0687557136072971E-01 a       243     0    13     1     3
  3.7706679392622738E-01 a       244     0    13     1     4
 -6.0395812891383911E-02 a       245     0    13     1     5
  7.6437069383045120E-02 a       246     0    13     1     6
 -1.3134888951126011E-01 a       247     0    13     1     7
 -3.0680779747764575E-01 a       248     0    13     1     8
 -2.9231369013849523E-01 a       249     0    13     1     9
  1.3434285140819249E-01 a       250     0    13     1    10
 -2.4058568314000706E-01 a       251     0    13     1    11
 -3.6256482060979661E-01 a       252     0    13     1    12
  7.0489104133768937E-02 a       253     0    13     1    13
 -2.1037130418262662E-02 a       254     0    13     1    14
  2.6341752325810232E-02 a       255     0    13     1    15
  5.4610475038864917E-03 a       256     0    13     1    16
 -3.3235525905040759E-02 a       257     0    13     1    17
  4.8726896307957325E-02 a       258     0    13     1    18
 -1.9675720719234301E-02 a       259     0    13     1    19
 -4.4153004321859063E-02 a       260     0    13     1    20
 -1.5612803732621813E-01 a       261     0    14     1     1
 -1.0874255852156885E-01 a       262     0    14     1     2
  5.4344476326149554E-02 a       263     0    14     1     3
  9.7281940192203181E-02 a       264     0    14     1     4
  2.3703375916960731E-01 a       265     0    14     1     5
 -2.8462450117693466E-01 a       266     0    14     1     6
 -3.2575633737835015E-02 a       267     0    14     1     7
  1.0355518064708352E-01 a       268     0    14     1     8
  1.0341402249951125E-01 a       269     0    14     1     9
 -5.6735154622252855E-03 a       270     0    14     1    10
 -6.4014443208417329E-02 a       271     0    14     1    11
  1.4255935944707313E-01 a       272     0    14     1    12
  1.1676318622291505E-01 a       273     0    14     1    13
  2.9868641947211561E-01 a       274     0    14     1    14
 -1.0828578883969324E-01 a       275     0    14     1    15
 -1.0704648192959440E-01 a       276     0    14     1    16
  9.9313198190011776E-02 a       277     0    14     1    17
 -2.3035158047622722E-01 a       278     0    14     1    18
 -8.0224230577844155E-02 a       279     0    14     1    19
 -2.9869041392187348E-02 a       280     0    14     1    20
 -1.1448533426341313E-01 a       281     0    15     1     1
 -3.5466206004882379E-02 a       282     0    15     1     2
  9.4373456309056761E-02 a       283     0    15     1     3
  1.2397341957798948E-01 a       284     0    15     1     4
  3.5652717725892583E-02 a       285     0    15     1     5
 -1.5521246704231190E-01 a       286     0    15     1     6
  6.1581435083143624E-03 a       287     0    15     1     7
 -1.4446586446220693E-02 a       288     0    15     1     8
 -6.1522259294333546E-02 a       289     0    15     1     9
 -3.1931855287693239E-02 a       290     0    15     1    10
  1.1090021800626484E-01 a       291     0    15     1    11
 -4.1057033802087528E-02 a       292     0    15     1    12
  4.1664390134279576E-02 a       293     0    15     1    13
  6.0737116267768579E-02 a       294     0    15     1    14
  2.0113303079963361E-02 a       295     0    15     1    15
 -5.9486231202718759E-02 a       296     0    15     1    16
 -1.3322897874354359E-01 a       297     0    15     1    17
 -8.9737574453503860E-02 a       298     0    15     1    18
  1.2470757972190312E-01 a       299     0    15     1    19
 -5.1834687733382373E-03 a       300     0    15     1    20
 -1.0030403535079827E-01 a       301     0    16     1     1
 -1.0999002246255971E-01 a       302     0    16     1     2
 -6.3929747366753900E-02 a       303     0    16     1     3
 -2.6539359779154320E-01 a       304     0    16     1     4
  2.9612482913241867E-02 a       305     0    16     1     5
 -8.6606046025682087E-02 a       306     0    16     1     6
  5.5283684059977030E-02 a       307     0    16     1     7
  1.8243854647736835E-01 a       308     0    16     1     8
  7.3219256919755935E-02 a       309     0    16     1     9
 -1.3565084332514940E-01 a       310     0    16     1    10
  1.6761974224114490E-01 a       311     0    16     1    11
  9.2485972421718313E-02 a       312     0    16     1    12
 -9.0661079560268754E-02 a       313     0    16     1    13
  4.4193949815808490E-04 a       314     0    16     1    14
  7.4253032057398125E-02 a       315     0    16     1    15
 -2.5183889210087625E-02 a       316     0    16     1    16
  1.5682930916667649E-02 a       317     0    16     1    17
  6.3176506271588426E-02 a       318     0    16     1    18
  7.4696881496968459E-02 a       319     0    16     1    19
  7.4907422728179131E-03 a       320     0    16     1    20
  1.2565604470065941E-01 a       321     0    17     1     1
  2.3527048486207494E-01 a       322     0    17     1     2
 -4.4688665598835657E-02 a       323     0    17     1     3
 -5.2725789591654776E-02 a       324     0    17     1     4
 -1.4164835447789559E-01 a       325     0    17     1     5
  6.7749043285458013E-02 a       326     0    17     1     6
  1.3257808968759607E-01 a       327     0    17     1     7
 -2.1647794211038490E-01 a       328     0    17     1     8
  6.8875131707029861E-03 a       329     0    17     1     9
  4.5090261597796201E-02 a       330     0    17     1    10
  1.0254200038796038E-01 a       331     0    17     1    11
  9.0253050375267832E-02 a       332     0    17     1    12
 -1.1322671764436573E-01 a       333     0    17     1    13
 -3.3885829230792024E-02 a       334     0    17     1    14
  2.9636085394877602E-02 a       335     0    17     1    15
  6.9040784187899079E-02 a       336     0    17     1    16
 -6.9913235210085981E-02 a       337     0    17     1    17
  4.0273861023124080E-02 a       338     0    17     1    18
  5.2006263892378744E-02 a       339     0    17     1    19
  5.0524156504248696E-03 a       340     0    17     1    20
 -1.9636460418227746E-02 a       341     0    18     1     1
  1.4963316053324009E-02 a       342     0    18     1     2
 -1.1359470913665703E-01 a       343     0    18     1     3
 -1.9576116441906471E-02 a       344     0    18     1     4
 -1.0073161694809035E-01 a       345     0    18     1     5
  5.1723188725466752E-02 a       346     0    18     1     6
  2.0193594210922167E-03 a       347     0    18     1     7
  1.1801779312603400E-01 a       348     0    18     1     8
  9.4595135857581281E-02 a       349     0    18     1     9
 -3.5479314252516894E-02 a       350     0    18     1    10
 -4.9013012426857558E-02 a       351     0    18     1    11
  1.1279258539228990E-02 a       352     0    18     1    12
  1.2752782682380476E-02 a       353     0    18     1    13
  5.1268054734110967E-02 a       354     0    18     1    14
 -2.4324779403973092E-02 a       355     0    18     1    15
  7.2953229368643915E-02 a       356     0    18     1    16
  6.4012579119511345E-02 a       357     0    18     1    17
  7.1294373840341471E-02 a       358     0    18     1    18
 -1.3145841726883942E-01 a       359     0    18     1    19
 -9.7493968311641502E-06 a       360     0    18     1    20
  2.8327248479330661E-02 a       361     0    19     1     1
  3.6323983669176836E-02 a       362     0    19     1     2
  2.3513239029617085E-02 a       363     0    19     1     3
  1.1146981231722466E-01 a       364     0    19     1     4
 -3.5845690994900696E-02 a       365     0    19     1     5
 -6.6419928227568439E-02 a       366     0    19     1     6
 -7.5692651808269173E-02 a       367     0    19     1     7
 -1.1243241581225132E-02 a       368     0    19     1     8
 -9.1739322777174753E-02 a       369     0    19     1     9
  8.3772030078371487E-02 a       370     0    19     1    10
 -9.0559060074354616E-02 a       371     0    19     1    11
 -1.5979701429378135E-01 a       372     0    19     1    12
  1.3477056101841300E-01 a       373     0    19     1    13
 -8.7685120659504415E-02 a       374     0    19     1    14
 -1.2964049500932562E-01 a       375     0    19     1    15
 -1.8469420513928261E-02 a       376     0    19     1    16
  4.6434964289983095E-02 a       377     0    19     1    17
  3.5099216797172761E-02 a       378     0    19     1    18
 -5.0282623210113390E-02 a       379     0    19     1    19
  5.1559599817965450E-03 a       380     0    19     1    20
 -1.0374191964826568E-01 a       381     0    20     1     1
 -1.5753224469206223E-01 a       382     0    20     1     2
  2.8718031756978520E-02 a       383     0    20     1     3
  1.1614007758371567E-01 a       384     0    20     1     4
  1.1174822923965488E-01 a       385     0    20     1     5
  1.7207582930932646E-02 a       386     0    20     1     6
 -7.1745492102795252E-02 a       387     0    20     1     7
  2.3861929834835699E-01 a       388     0    20     1     8
  5.2324567790246357E-02 a       389     0    20     1     9
 -4.3944128686622425E-02 a       390     0    20     1    10
 -7.5181165325722124E-02 a       391     0    20     1    11
  3.5997798355935459E-02 a       392     0    20     1    12
  8.1337041946074259E-02 a       393     0    20     1    13
  1.1220476005014882E-01 a       394     0    20     1    14
  2.4388970313729590E-02 a       395     0    20     1    15
 -2.7522562906700455E-02 a       396     0    20     1    16
 -3.4636140460053276E-02 a       397     0    20     1    17
 -4.6930801006301731E-02 a       398     0    20     1    18
  7.6828141512013072E-03 a       399     0    20     1    19
  3.8098377983224740E-03 a       400     0    20     1    20
 -5.3654554147937440E-02 a       401     0    21     1     1
  2.5397703031435261E-02 a       402     0    21     1     2
  7.0369076836185318E-02 a       403     0    21     1     3
  6.7889007679929406E-03 a       404     0    21     1     4
  6.9798028077727448E-02 a       405     0    21     1     5
 -2.5539110862075064E-02 a       406     0    21     1     6
  2.9429901237471710E-02 a       407     0    21     1     7
 -1.2891305031730238E-01 a       408     0    21     1     8
 -1.4580903699916048E-01 a       409     0    21     1     9
  6.6185910771346416E-03 a       410     0    21     1    10
  5.2205648567390919E-02 a       411     0    21     1    11
 -3.2711563783358960E-02 a       412     0    21     1    12
  5.3436487759695533E-02 a       413     0    21     1    13
  1.0768520026351952E-02 a       414     0    21     1    14
  4.6974241798949743E-03 a       415     0    21     1    15
 -4.5756118454179727E-02 a       416     0    21     1    16
  1.0665510210472377E-02 a       417     0    21     1    17
 -1.2268818274121038E-01 a       418     0    21     1    18
  2.1568650729030192E-02 a       419     0    21     1    19
  9.3896505813633995E-03 a       420     0    21     1    20
 -3.8112367299150393E-02 a       421     0    22     1     1
 -1.9507387809441165E-03 a       422     0    22     1     2
 -1.0340234615382883E-01 a       423     0    22     1     3
 -6.8732789706396333E-02 a       424     0    22     1     4
  6.4523935325658310E-02 a       425     0    22     1     5
 -3.5330234373268585E-03 a       426     0    22     1     6
  6.0234171053600459E-03 a       427     0    22     1     7
 -1.4268027230782532E-01 a       428     0    22     1     8
  4.9574821383148622E-02 a       429     0    22     1     9
 -5.5191064695678964E-02 a       430     0    22     1    10
 -8.9399128321733794E-04 a       431     0    22     1    11
  7.0723063200715419E-02 a       432     0    22     1    12
 -2.1210785432319561E-02 a       433     0    22     1    13
  5.7595987831665550E-02 a       434     0    22     1    14
  9.3066680830665799E-02 a       435     0    22     1    15
 -3.0648046762567181E-03 a       436     0    22     1    16
  1.9910376649978509E-02 a       437     0    22     1    17
 -6.3844601720585620E-02 a       438     0    22     1    18
  3.0592683116360354E-02 a       439     0    22     1    19
  2.7236732310541557E-02 a       440     0    22     1    20
  1.6610737424285424E-01 a       441     0    23     1     1
  1.4529695858404360E-01 a       442     0    23     1     2
  5.4353050453397694E-02 a       443     0    23     1     3
 -8.4093778914378123E-02 a       444     0    23     1     4
 -6.3826686238651259E-02 a       445     0    23     1     5
  7.7156663050505295E-02 a       446     0    23     1     6
  1.1272551202161954E-01 a       447     0    23     1     7
 -2.1478277328626127E-01 a       448     0    23     1     8
 -2.6551853146212369E-02 a       449     0    23     1     9
  7.3343997847804820E-02 a       450     0    23     1    10
  1.1011781593536947E-01 a       451     0    23     1    11
  6.5237191647994602E-02 a       452     0    23     1    12
 -1.6847385408758470E-01 a       453     0    23     1    13
 -4.6101157549971190E-02 a       454     0    23     1    14
 -7.3872105384826412E-03 a       455     0    23     1    15
  3.7783320704999256E-02 a       456     0    23     1    16
 -2.3722289642844643E-02 a       457     0    23     1    17
  1.1518260593193833E-02 a       458     0    23     1    18
  2.5709509276397226E-02 a       459     0    23     1    19
 -4.2222297336289620E-02 a       460     0    23     1    20
  5.4366070752997382E-02 a       461     0    24     1     1
  3.8655209806413571E-03 a       462     0    24     1     2
 -4.1735726305172562E-02 a       463     0    24     1     3
  2.6108993021218236E-02 a       464     0    24     1     4
  3.4324103107884495E-02 a       465     0    24     1     5
  2.2350598135115973E-02 a       466     0    24     1     6
 -3.5994082852114570E-02 a       467     0    24     1     7
 -1.3602316306865236E-01 a       468     0    24     1     8
  1.1977601826576596E-01 a       469     0    24     1     9
  3.6614521906930351E-03 a       470     0    24     1    10
 -1.5622804102680384E-02 a       471     0    24     1    11
  5.3843499549841196E-04 a       472     0    24     1    12
 -5.3973227930601157E-02 a       473     0    24     1    13
 -3.2728972347427686E-02 a       474     0    24     1    14
  3.3000958477105002E-03 a       475     0    24     1    15
 -5.3710736248710877E-03 a       476     0    24     1    16
 -8.7575805777780555E-02 a       477     0    24     1    17
 -3.3682207387545890E-02 a       478     0    24     1    18
  6.6071333697386256E-02 a       479     0    24     1    19
  3.9880434267024261E-03 a       480     0    24     1    20
 -3.4301815509918350E-02 a       481     0    25     1     1
 -4.2330149481172898E-02 a       482     0    25     1     2
  3.8735012184949451E-02 a       483     0    25     1     3
  1.0139059616312947E-02 a       484     0    25     1     4
 -7.8383250766375312E-02 a       485     0    25     1     5
 -1.7003982807067705E-01 a       486     0    25     1     6
  2.3634740125052209E-02 a       487     0    25     1     7
  1.4438357930226695E-01 a       488     0    25     1     8
 -1.0205223527801657E-01 a       489     0    25     1     9
 -1.7314207462935924E-02 a       490     0    25     1    10
  1.5702771314641907E-02 a       491     0    25     1    11
 -8.7175175618833908E-02 a       492     0    25     1    12
  6.0050703552202857E-02 a       493     0    25     1    13
 -1.1790568120024564E-02 a       494     0    25     1    14
 -4.6254754501350595E-02 a       495     0    25     1    15
 -1.8822518569236158E-02 a       496     0    25     1    16
  3.7581003069568547E-02 a       497     0    25     1    17
  5.1109680093880061E-02 a       498     0    25     1    18
 -7.4939325526227007E-02 a       499     0    25     1    19
  6.8366244265552897E-03 a       500     0    25     1    20
 -7.7020087505716775E-02 a       501     0    26     1     1
 -8.3379259945606132E-02 a       502     0    26     1     2
 -1.0952363947168076E-02 a       503     0    26     1     3
  8.0146280875959708E-02 a       504     0    26     1     4
  3.7763050484882321E-02 a       505     0    26     1     5
  6.7504386290559840E-02 a       506     0    26     1     6
 -8.7625507462058549E-02 a       507     0    26     1     7
  6.4143614024279483E-02 a       508     0    26     1     8
  7.5464711736357507E-02 a       509     0    26     1     9
 -5.2448507727288922E-02 a       510     0    26     1    10
 -6.9782606928357832E-02 a       511     0    26     1    11
 -1.8163857412987108E-02 a       512     0    26     1    12
  7.7414971476703939E-02 a       513     0    26     1    13
  4.9434134867624192E-02 a       514     0    26     1    14
  1.7147220840155547E-02 a       515     0    26     1    15
  1.1680102369689461E-02 a       516     0    26     1    16
 -4.8532507139900462E-02 a       517     0    26     1    17
 -5.2184426122010574E-02 a       518     0    26     1    18
  1.4588346710531011E-02 a       519     0    26     1    19
  4.1325726416399013E-02 a       520     0    26     1    20
  5.5192394841458131E-02 a       521     0    27     1     1
 -2.3341501553922010E-02 a       522     0    27     1     2
  9.2584333405115890E-02 a       523     0    27     1     3
  1.7268522426920913E-02 a       524     0    27     1     4
  1.2416863381155477E-02 a       525     0    27     1     5
  9.0429289971626192E-02 a       526     0    27     1     6
 -2.7720655099409731E-02 a       527     0    27     1     7
 -2.6408638688901538E-02 a       528     0    27     1     8
  4.5503482684594261E-02 a       529     0    27     1     9
 -6.5180250130067226E-03 a       530     0    27     1    10
  1.3059386179030090E-02 a       531     0    27     1    11
 -3.8081996262799033E-03 a       532     0    27     1    12
 -6.8296015740223287E-02 a       533     0    27     1    13
  4.5146814979224362E-02 a       534     0    27     1    14
  1.8179913772882018E-02 a       535     0    27     1    15
  2.6895546365622365E-02 a       536     0    27     1    16
 -6.0333382081889556E-02 a       537     0    27     1    17
 -1.8963310216845920E-02 a       538     0    27     1    18
  5.8146616727726766E-02 a       539     0    27     1    19
  6.2677596627182452E-03 a       540     0    27     1    20
  3.7636697301490036E-03 a       541     0    28     1     1
  2.8246963641248429E-02 a       542     0    28     1     2
 -2.2514046877259088E-02 a       543     0    28     1     3
  6.4656657334566077E-04 a       544     0    28     1     4
  4.8995012666461328E-02 a       545     0    28     1     5
  4.5567337742825946E-02 a       546     0    28     1     6
 -3.3342145731128564E-02 a       547     0    28     1     7
 -8.3625578869175127E-02 a       548     0    28     1     8
  3.8685181670145098E-02 a       549     0    28     1     9
  1.7618322534100943E-02 a       550     0    28     1    10
 -2.9499770349601478E-02 a       551     0    28     1    11
  2.3591459415337756E-02 a       552     0    28     1    12
  1.6889554093766069E-02 a       553     0    28     1    13
  3.6881434892572966E-03 a       554     0    28     1    14
  3.6434849524989688E-03 a       555     0    28     1    15
 -4.3613502237646639E-03 a       556     0    28     1    16
  4.3065506414859522E-03 a       557     0    28     1    17
 -3.4689081633516958E-02 a       558     0    28     1    18
  3.4740030246202980E-02 a       559     0    28     1    19
  7.5331602105036489E-03 a       560     0    28     1    20
  7.7568095577960197E-02 a       561     0    29     1     1
  5.1973243126637730E-02 a       562     0    29     1     2
  4.9204575860914201E-02 a       563     0    29     1     3
 -2.7227730440362818E-02 a       564     0    29     1     4
 -2.6511293174329480E-02 a       565     0    29     1     5
  2.3334567033480441E-02 a       566     0    29     1     6
  6.5011742433434855E-02 a       567     0    29     1     7
  7.2852959323980324E-02 a       568     0    29     1     8
 -6.2600259001188957E-02 a       569     0    29     1     9
  6.0077768110438544E-02 a       570     0    29     1    10
  7.9288587412211245E-02 a       571     0    29     1    11
  1.2704278390588283E-02 a       572     0    29     1    12
 -7.1014659957890913E-02 a       573     0    29     1    13
 -4.8070016925126725E-02 a       574     0    29     1    14
 -3.4388918963572275E-02 a       575     0    29     1    15
  1.4305825765441500E-03 a       576     0    29     1    16
  9.7976950074132787E-04 a       577     0    29     1    17
  7.8740499127456676E-02 a       578     0    29     1    18
  5.0601470794718094E-03 a       579     0    29     1    19
 -6.8070528571749417E-02 a       580     0    29     1    20
 -1.3138516091960312E-01 a       581     0    30     1     1
 -9.3362809164804542E-04 a       582     0    30     1     2
 -5.9898515645332454E-02 a       583     0    30     1     3
  9.6578753915124976E-03 a       584     0    30     1     4
 -3.3018587721884145E-02 a       585     0    30     1     5
 -7.8348525485015391E-02 a       586     0    30     1     6
  2.9014720338485765E-02 a       587     0    30     1     7
 -5.6800971548668670E-03 a       588     0    30     1     8
 -5.5657103432602842E-02 a       589     0    30     1     9
 -5.2091593049746802E-02 a       590     0    30     1    10
  1.5624755267561777E-02 a       591     0    30     1    11
 -4.0773151698239786E-02 a       592     0    30     1    12
  6.7963668948270425E-02 a       593     0    30     1    13
  2.7478773974744949E-02 a       594     0    30     1    14
  2.7958492857314970E-03 a       595     0    30     1    15
 -1.7423092611363787E-02 a       596     0    30     1    16
  3.8190722564636723E-02 a       597     0    30     1    17
 -4.3471499991791902E-02 a       598     0    30     1    18
 -7.0940693893432175E-02 a       599     0    30     1    19
  7.9784469828560710E-03 a       600     0    30     1    20
  1.8264188856332270E-01 a       601     0    31     1     1
  9.8785971244700413E-02 a       602     0    31     1     2
  5.7381557284086192E-02 a       603     0    31     1     3
 -1.9059846391811919E-01 a       604     0    31     1     4
 -1.4113074118219948E-01 a       605     0    31     1     5
 -4.1632789329465048E-01 a       606     0    31     1     6
 -1.7744754733728999E-02 a       607     0    31     1     7
 -1.9822931722339279E-01 a       608     0    31     1     8
 -4.6214409158544578E-02 a       609     0    31     1     9
  2.3840642185313923E-01 a       610     0    31     1    10
 -5.5171771683833269E-02 a       611     0    31     1    11
  1.9613702620429571E-01 a       612     0    31     1    12
  4.1662202852270194E-02 a       613     0    31     1    13
  4.3628260516532215E-02 a       614     0    31     1    14
  6.7412051263763081E-02 a       615     0    31     1    15
 -9.0887838486721051E-02 a       616     0    31     1    16
  9.6814748293096983E-02 a       617     0    31     1    17
  3.1492068877425075E-02 a       618     0    31     1    18
  2.1564489408856721E-01 a       619     0    31     1    19
 -9.6697687397755402E-02 a       620     0    31     1    20
 -1.7671548952836735E-01 a       621     0    32     1     1
  2.1292195769465916E-01 a       622     0    32     1     2
 -8.1008021159677507E-02 a       623     0    32     1     3
  2.8335309856690472E-01 a       624     0    32     1     4
  6.6651345531623851E-01 a       625     0    32     1     5
 -1.0693262214314485E-01 a       626     0    32     1     6
  3.0163079657531439E-01 a       627     0    32     1     7
  2.6503953101046102E-01 a       628     0    32     1     8
  2.4802060944186275E-02 a       629     0    32     1     9
 -1.7012751748821678E-01 a       630     0    32     1    10
  8.5101835813921292E-02 a       631     0    32     1    11
  3.4527288762717978E-01 a       632     0    32     1    12
 -4.7478896339400244E-02 a       633     0    32     1    13
  1.9034631952679987E-01 a       634     0    32     1    14
  3.7249331357547558E-02 a       635     0    32     1    15
 -5.4283010458567024E-02 a       636     0    32     1    16
 -1.8026148347468636E-03 a       637     0    32     1    17
  5.0120779023251037E-02 a       638     0    32     1    18
 -3.3603499849408242E-01 a       639     0    32     1    19
  1.6882719608141264E-01 a       640     0    32     1    20
 -2.4803775724211932E-01 a       641     0    33     1     1
  1.4798438660573746E-01 a       642     0    33     1     2
 -1.2998236822076462E-01 a       643     0    33     1     3
  2.3653400247698138E-02 a       644     0    33     1     4
  3.3414337153036544E-01 a       645     0    33     1     5
 -2.3859545076102529E-01 a       646     0    33     1     6
  1.8137393170818292E-01 a       647     0    33     1     7
 -2.2750882146621604E-01 a       648     0    33     1     8
  8.6356629616750849E-02 a       649     0    33     1     9
 -1.0526718691167021E-01 a       650     0    33     1    10
 -1.2706376886858919E-01 a       651     0    33     1    11
  1.3215643606115407E-01 a       652     0    33     1    12
  1.7132332880912995E-01 a       653     0    33     1    13
 -7.4948759247703861E-02 a       654     0    33     1    14
  2.5917753593947320E-02 a       655     0    33     1    15
 -1.9599254165426827E-01 a       656     0    33     1    16
  1.2577111814563136E-01 a       657     0    33     1    17
 -2.0945412151234519E-01 a       658     0    33     1    18
 -1.7461290891285058E-01 a       659     0    33     1    19
  1.2280593539117371E-01 a       660     0    33     1    20
  1.2004263875928792E-01 a       661     0    34     1     1
 -6.0313890303704459E-02 a       662     0    34     1     2
 -2.0507524623942112E-02 a       663     0    34     1     3
 -3.3532828998817099E-02 a       664     0    34     1     4
 -2.8460753282853651E-01 a       665     0    34     1     5
  5.9107470631686726E-02 a       666     0    34     1     6
 -4.1499714590174452E-01 a       667     0    34     1     7
 -2.3264491965942302E-01 a       668     0    34     1     8
  3.6789251772166638E-02 a       669     0    34     1     9
  9.7471208551474314E-02 a       670     0    34     1    10
 -2.6433490602239779E-01 a       671     0    34     1    11
 -3.7230423859774497E-01 a       672     0    34     1    12
  3.1218830771965189E-01 a       673     0    34     1    13
 -1.6518631825958283E-01 a       674     0    34     1    14
  5.0377562574872033E-02 a       675     0    34     1    15
  1.2583309602468336E-02 a       676     0    34     1    16
  9.1597627499862930E-02 a       677     0    34     1    17
 -1.1090498953632143E-01 a       678     0    34     1    18
  1.9048199174082736E-01 a       679     0    34     1    19
 -1.5554135641945213E-01 a       680     0    34     1    20
  7.2517664054623052E-02 a       681     0    35     1     1
  8.7981276452348295E-02 a       682     0    35     1     2
 -3.3553756012698915E-02 a       683     0    35     1     3
  1.9073236101621982E-01 a       684     0    35     1     4
 -2.8157903301564824E-01 a       685     0    35     1     5
  1.4418209758416489E-01 a       686     0    35     1     6
 -7.8152770662152884E-02 a       687     0    35     1     7
 -1.8937825293403318E-01 a       688     0    35     1     8
 -2.5328529837844926E-01 a       689     0    35     1     9
  1.5060083714872354E-02 a       690     0    35     1    10
 -2.1372191029249923E-01 a       691     0    35     1    11
 -1.4091313154306667E-01 a       692     0    35     1    12
  2.5420653548229499E-01 a       693     0    35     1    13
 -5.3666908694953996E-02 a       694     0    35     1    14
  1.9685689404802184E-01 a       695     0    35     1    15
  8.3298136362917344E-02 a       696     0    35     1    16
  3.0293992219438182E-01 a       697     0    35     1    17
  4.0058213271755239E-02 a       698     0    35     1    18
 -2.7171812555972140E-02 a       699     0    35     1    19
 -1.4663556245092771E-01 a       700     0    35     1    20
 -7.1513358188726714E-02 a       701     0    36     1     1
 -2.8259997071698711E-01 a       702     0    36     1     2
  2.4204202795428983E-01 a       703     0    36     1     3
  1.7552287424572965E-01 a       704     0    36     1     4
 -1.1820186178770278E-01 a       705     0    36     1     5
 -4.2188779804636499E-02 a       706     0    36     1     6
 -5.2486757414252586E-02 a       707     0    36     1     7
  2.7763128632244732E-01 a       708     0    36     1     8
 -1.2787220947440317E-01 a       709     0    36     1     9
  6.5409673839012070E-02 a       710     0    36     1    10
 -5.3527013992948097E-02 a       711     0    36     1    11
 -1.8600694680511928E-01 a       712     0    36     1    12
 -2.3002326753242247E-01 a       713     0    36     1    13
 -1.7014485430484225E-01 a       714     0    36     1    14
 -7.2366188409869039E-02 a       715     0    36     1    15
 -5.4196146914177130E-02 a       716     0    36     1    16
  1.6922928797693800E-02 a       717     0    36     1    17
  6.6700621346602387E-02 a       718     0    36     1    18
 -6.6006666810684414E-02 a       719     0    36     1    19
 -1.9989111527934478E-02 a       720     0    36     1    20
 -8.4700965635797112E-02 a       721     0    37     1     1
  1.2500045938180621E-01 a       722     0    37     1     2
  1.8616739786236611E-01 a       723     0    37     1     3
 -1.1087453711273032E+00 a       724     0    37     1     4
 -3.5367234826748467E-01 a       725     0    37     1     5
  2.8929758343909248E-02 a       726     0    37     1     6
  6.8285829073792357E-03 a       727     0    37     1     7
  1.0533301726131744E-01 a       728     0    37     1     8
  3.3159160623091466E-01 a       729     0    37     1     9
 -1.5364822021010796E-01 a       730     0    37     1    10
  5.1036262581856451E-01 a       731     0    37     1    11
 -2.6944469916407462E-02 a       732     0    37     1    12
  4.5728735076490201E-01 a       733     0    37     1    13
  6.9581893261319611E-02 a       734     0    37     1    14
 -2.8543428773514545E-01 a       735     0    37     1    15
  2.4662163015757663E-01 a       736     0    37     1    16
 -1.3906461272989010E-01 a       737     0    37     1    17
 -1.3553149423692784E-01 a       738     0    37     1    18
  2.3030677581383824E-01 a       739     0    37     1    19
 -7.0502459825140057E-02 a       740     0    37     1    20
 -6.3804385750718548E-02 a       741     0    38     1     1
  2.5799177105292442E-01 a       742     0    38     1     2
 -5.9615823003997363E-02 a       743     0    38     1     3
 -1.0815612761138699E-02 a       744     0    38     1     4
 -3.1698513563005695E-02 a       745     0    38     1     5
  1.3673426903570152E-01 a       746     0    38     1     6
 -1.1521161986195411E-01 a       747     0    38     1     7
  1.1681678301177502E-01 a       748     0    38     1     8
 -6.0077793888960750E-02 a       749     0    38     1     9
  2.2404359425894565E-02 a       750     0    38     1    10
  1.6135563410256035E-01 a       751     0    38     1    11
 -2.1475152266079431E-01 a       752     0    38     1    12
  1.2778461048010847E-01 a       753     0    38     1    13
  1.3022463365254008E-01 a       754     0    38     1    14
 -2.4742428540850361E-01 a       755     0    38     1    15
  3.5587021806661200E-02 a       756     0    38     1    16
 -3.8818776250342531E-02 a       757     0    38     1    17
 -6.8128787554361123E-02 a       758     0    38     1    18
 -3.2129037698575902E-01 a       759     0    38     1    19
 -7.1945455422856283E-02 a       760     0    38     1    20
  1.1309855319213659E-01 a       761     0    39     1     1
  6.5962715482292308E-02 a       762     0    39     1     2
  1.3811471162197894E-01 a       763     0    39     1     3
  3.6282594971524301E-01 a       764     0    39     1     4
  1.7593789736465049E-01 a       765     0    39     1     5
  3.0626415204129259E-01 a       766     0    39     1     6
  1.3767012185784380E-01 a       767     0    39     1     7
 -5.4845395709463354E-02 a       768     0    39     1     8
 -8.4792839726012703E-02 a       769     0    39     1     9
 -6.0730641005215441E-02 a       770     0    39     1    10
 -5.2312339665902596E-02 a       771     0    39     1    11
 -8.0115587052186951E-02 a       772     0    39     1    12
 -2.3775454748119010E-01 a       773     0    39     1    13
 -9.0003449366282948E-02 a       774     0    39     1    14
  1.0340380062234647E-01 a       775     0    39     1    15
  3.4479348513443836E-02 a       776     0    39     1    16
 -1.5885382732998127E-02 a       777     0    39     1    17
  9.0178116915756446E-02 a       778     0    39     1    18
 -5.6106529998879051E-02 a       779     0    39     1    19
 -4.2841417276997841E-02 a       780     0    39     1    20
 -8.8394801912747997E-02 a       781     0    40     1     1
 -5.8127208512916910E-02 a       782     0    40     1     2
 -4.3608040330867785E-02 a       783     0    40     1     3
 -1.0115996300380951E-01 a       784     0    40     1     4
 -6.5137589553650871E-04 a       785     0    40     1     5
 -1.2870769245807873E-01 a       786     0    40     1     6
  1.4469383688403786E-01 a       787     0    40     1     7
 -6.3430126969200168E-04 a       788     0    40     1     8
 -1.7199108511086920E-02 a       789     0    40     1     9
 -1.9823264912248539E-01 a       790     0    40     1    10
  1.3771057317506457E-03 a       791     0    40     1    11
 -3.4515329727121194E-02 a       792     0    40     1    12
 -1.2535919862916798E-02 a       793     0    40     1    13
 -8.6746930765666516E-02 a       794     0    40     1    14
  9.4014325085803374E-02 a       795     0    40     1    15
 -2.0077836116177486E-03 a       796     0    40     1    16
 -5.1231726534797510E-02 a       797     0    40     1    17
 -1.4574589541789170E-02 a       798     0    40     1    18
  1.1971939674212478E-01 a       799     0    40     1    19
  9.1453081537065120E-02 a       800     0    40     1    20
  2.3103280160779213E-02 a       801     0    41     1     1
 -8.2285718909235014E-02 a       802     0    41     1     2
  1.3536120451234857E-01 a       803     0    41     1     3
 -4.3618868527834347E-03 a       804     0    41     1     4
  1.0155450157915806E-03 a       805     0    41     1     5
  7.2528551025274612E-02 a       806     0    41     1     6
 -4.2782517206961489E-02 a       807     0    41     1     7
 -2.6470686823814810E-01 a       808     0    41     1     8
  1.3176947678386391E-01 a       809     0    41     1     9
 -6.5863352013254897E-02 a       810     0    41     1    10
 -6.1284411677772876E-02 a       811     0    41     1    11
  1.7259639773503220E-02 a       812     0    41     1    12
 -4.9771426238175570E-02 a       813     0    41     1    13
  5.4823066957685899E-02 a       814     0    41     1    14
  7.4089491325404461E-02 a       815     0    41     1    15
  6.6187492606481990E-02 a       816     0    41     1    16
 -5.0633797823200870E-02 a       817     0    41     1    17
 -1.5284912735680473E-01 a       818     0    41     1    18
  5.3642782404821593E-02 a       819     0    41     1    19
  8.4729682498111816E-02 a       820     0    41     1    20
 -6.4694681267458032E-02 a       821     0    42     1     1
  1.0187647929072491E-01 a       822     0    42     1     2
 -2.1828925569046681E-01 a       823     0    42     1     3
 -9.7096559980970096E-02 a       824     0    42     1     4
  1.4848524461440369E-02 a       825     0    42     1     5
  6.1009424619080221E-03 a       826     0    42     1     6
  7.2387855586098504E-02 a       827     0    42     1     7
  2.1331978364546947E-01 a       828     0    42     1     8
 -1.3605070003369113E-01 a       829     0    42     1     9
  3.8362097348966770E-02 a       830     0    42     1    10
  3.5835633002582953E-02 a       831     0    42     1    11
  2.1616849370284453E-02 a       832     0    42     1    12
  2.1200994525944472E-01 a       833     0    42     1    13
 -1.3569429915586231E-01 a       834     0    42     1    14
 -6.4208313886152557E-02 a       835     0    42     1    15
 -5.1697536058083984E-02 a       836     0    42     1    16
  1.0491183844687382E-01 a       837     0    42     1    17
  1.2489799136046129E-01 a       838     0    42     1    18
 -6.4547545085624533E-02 a       839     0    42     1    19
 -4.0759111385923925E-02 a       840     0    42     1    20
  2.6679922120758598E-01 a       841     0    43     1     1
 -1.1711518363530773E-01 a       842     0    43     1     2
  3.3445588241382390E-01 a       843     0    43     1     3
  1.1569887366007840E-01 a       844     0    43     1     4
  3.6522890295405772E-02 a       845     0    43     1     5
  1.4876025850479657E-01 a       846     0    43     1     6
 -1.5403055006372116E-01 a       847     0    43     1     7
  1.0654183629448355E-01 a       848     0    43     1     8
  2.4286207897188744E-01 a       849     0    43     1     9
  1.0162584018013111E-01 a       850     0    43     1    10
  1.3921054981823316E-01 a       851     0    43     1    11
 -4.9053823400058885E-02 a       852     0    43     1    12
 -2.1920097488519100E-01 a       853     0    43     1    13
  2.1034815321689690E-01 a       854     0    43     1    14
 -1.4825288531472272E-01 a       855     0    43     1    15
  1.9793495045657559E-02 a       856     0    43     1    16
 -3.3320937426831831E-01 a       857     0    43     1    17
  5.3163914737712523E-02 a       858     0    43     1    18
  2.3003659818914345E-02 a       859     0    43     1    19
 -1.0643947774685310E-01 a       860     0    43     1    20
  1.6133808862506961E-02 a       861     0    44     1     1
  1.2239110469877026E-01 a       862     0    44     1     2
  1.3252657683297719E-01 a       863     0    44     1     3
  1.1371643324044907E-01 a       864     0    44     1     4
 -2.0565235942460033E-01 a       865     0    44     1     5
  5.2098356128995127E-01 a       866     0    44     1     6
  3.1084567767841985E-02 a       867     0    44     1     7
  2.1857204468145466E-01 a       868     0    44     1     8
 -1.3993296432476882E-01 a       869     0    44     1     9
 -1.8265797261052683E-01 a       870     0    44     1    10
  1.3838697269704015E-02 a       871     0    44     1    11
 -1.0670976928958169E-02 a       872     0    44     1    12
 -1.2991904496419224E-01 a       873     0    44     1    13
  3.3959926889860265E-01 a       874     0    44     1    14
  9.6512743759423494E-02 a       875     0    44     1    15
  3.4362871668265965E-01 a       876     0    44     1    16
  2.7286274498024444E-02 a       877     0    44     1    17
 -5.2419311003984607E-02 a       878     0    44     1    18
  2.2318900000106487E-01 a       879     0    44     1    19
  2.8108742868746726E-02 a       880     0    44     1    20
 -6.0115116910154184E-02 a       881     0    45     1     1
  4.6346966107062598E-02 a       882     0    45     1     2
 -1.6836080755256133E-01 a       883     0    45     1     3
  2.9473286342498572E-02 a       884     0    45     1     4
 -3.2928490872725993E-02 a       885     0    45     1     5
 -1.3489167351156578E-01 a       886     0    45     1     6
  4.9264841445215757E-02 a       887     0    45     1     7
  1.3466124972936747E-01 a       888     0    45     1     8
 -3.6914691779707032E-01 a       889     0    45     1     9
 -1.4839957549062227E-01 a       890     0    45     1    10
  8.8676551117981228E-02 a       891     0    45     1    11
 -8.8832160037287528E-02 a       892     0    45     1    12
 -6.7560955094584096E-02 a       893     0    45     1    13
  7.3050499397130236E-03 a       894     0    45     1    14
  1.3420157381737480E-01 a       895     0    45     1    15
  7.9138867594352562E-03 a       896     0    45     1    16
 -4.6484157424455712E-02 a       897     0    45     1    17
 -5.9458028298976763E-02 a       898     0    45     1    18
  2.5192595731921069E-01 a       899     0    45     1    19
  1.0609999810067603E-02 a       900     0    45     1    20
  1.0006833651278040E-02 a       901     0    46     1     1
 -7.7272889136437454E-03 a       902     0    46     1     2
 -2.3838146642828396E-02 a       903     0    46     1     3
 -1.5847533555518087E-02 a       904     0    46     1     4
  6.4929504081759015E-02 a       905     0    46     1     5
  4.0871743063821381E-01 a       906     0    46     1     6
  5.5222260046119007E-02 a       907     0    46     1     7
  1.1372991273725041E-03 a       908     0    46     1     8
  2.4232460509398132E-01 a       909     0    46     1     9
 -6.8440570012082175E-02 a       910     0    46     1    10
 -2.7506471627735743E-02 a       911     0    46     1    11
  1.5672221659882818E-01 a       912     0    46     1    12
 -3.1483504914236843E-01 a       913     0    46     1    13
  1.1291021971295720E-01 a       914     0    46     1    14
  6.0790764866262441E-02 a       915     0    46     1    15
  3.2737392403995487E-02 a       916     0    46     1    16
 -1.5141504593490182E-01 a       917     0    46     1    17
 -2.6387133254056606E-02 a       918     0    46     1    18
 -7.3517939991475476E-02 a       919     0    46     1    19
 -2.5843226182811121E-02 a       920     0    46     1    20
 -1.0591994812443019E-01 a       921     0    47     1     1
  2.2861356036814037E-01 a       922     0    47     1     2
  5.7118804237133364E-02 a       923     0    47     1     3
  7.8862804137091280E-01 a       924     0    47     1     4
 -1.7269466939818576E-01 a       925     0    47     1     5
 -2.0403770727410286E-01 a       926     0    47     1     6
 -2.9527872023971535E-01 a       927     0    47     1     7
 -3.6606525411086382E-01 a       928     0    47     1     8
 -4.8889883444108939E-01 a       929     0    47     1     9
  1.6596635726246481E-01 a       930     0    47     1    10
 -3.4698493763361332E-01 a       931     0    47     1    11
 -2.1189019611429091E-01 a       932     0    47     1    12
  3.2695440015381633E-01 a       933     0    47     1    13
 -6.2110946975257250E-02 a       934     0    47     1    14
  1.7712542973206957E-01 a       935     0    47     1    15
  2.9545539849392025E-02 a       936     0    47     1    16
  4.5868705873511934E-01 a       937     0    47     1    17
 -1.5515440973173591E-01 a       938     0    47     1    18
 -4.9745167511771299E-01 a       939     0    47     1    19
  1.2848243412754837E-01 a       940     0    47     1    20
  1.0881198572415680E-01 a       941     0    48     1     1
  5.9577114719839896E-02 a       942     0    48     1     2
  4.7705953995821594E-02 a       943     0    48     1     3
  1.6817169751361677E-01 a       944     0    48     1     4
  1.0800786660035179E-01 a       945     0    48     1     5
  9.9591235460879737E-03 a       946     0    48     1     6
 -6.2858493452966027E-02 a       947     0    48     1     7
 -2.0387404486705185E-01 a       948     0    48     1     8
  1.8594422479744102E-01 a       949     0    48     1     9
  1.5882540114505353E-01 a       950     0    48     1    10
 -3.7333933421099863E-02 a       951     0    48     1    11
  1.5149710370048908E-01 a       952     0    48     1    12
 -2.8639545552272352E-02 a       953     0    48     1    13
 -7.8283876008888018E-02 a       954     0    48     1    14
  7.1747060197035639E-02 a       955     0    48     1    15
 -6.2975165256510077E-02 a       956     0    48     1    16
  1.7707398870860640E-03 a       957     0    48     1    17
 -4.8039994161655896E-03 a       958     0    48     1    18
  9.7577974424046962E-02 a       959     0    48     1    19
 -5.4292290656998851E-02 a       960     0    48     1    20
  8.1143873392079311E-04 a       961     0    49     1     1
 -1.2636302730057281E-01 a       962     0    49     1     2
 -1.1440766758129686E-01 a       963     0    49     1     3
 -2.9364281922298019E-01 a       964     0    49     1     4
  9.4774429668970081E-02 a       965     0    49     1     5
 -1.4759010314766657E-01 a       966     0    49     1     6
  5.7186251953864550E-02 a       967     0    49     1     7
 -8.2505975589277816E-02 a       968     0    49     1     8
  1.2542246852167893E-01 a       969     0    49     1     9
 -5.0525253988571037E-02 a       970     0    49     1    10
  8.0024694337818038E-03 a       971     0    49     1    11
  8.9989486588801529E-02 a       972     0    49     1    12
  1.5636082799271121E-03 a       973     0    49     1    13
 -3.6955433069154400E-02 a       974     0    49     1    14
  5.8119083865968892E-03 a       975     0    49     1    15
 -5.5310097089834864E-02 a       976     0    49     1    16
 -7.4072421972644367E-02 a       977     0    49     1    17
 -5.1018842326878582E-02 a       978     0    49     1    18
  1.2526852513517117E-01 a       979     0    49     1    19
  5.9478846620202509E-02 a       980     0    49     1    20
  4.0464047901226277E-02 a       981     0    50     1     1
 -1.0971256480515931E-02 a       982     0    50     1     2
  5.2060853506762171E-02 a       983     0    50     1     3
 -5.1329824307011059E-02 a       984     0    50     1     4
  2.1926151285891250E-02 a       985     0    50     1     5
 -1.9437671045313829E-02 a       986     0    50     1     6
  4.3046656891097415E-03 a       987     0    50     1     7
  9.0761401449710635E-02 a       988     0    50     1     8
 -1.1200536322247658E-01 a       989     0    50     1     9
  3.8843327820164524E-02 a       990     0    50     1    10
  9.1850827492457113E-03 a       991     0    50     1    11
 -9.6819535504559795E-03 a       992     0    50     1    12
  1.3967180390600861E-01 a       993     0    50     1    13
 -1.8834295913440061E-02 a       994     0    50     1    14
 -5.1156038379630696E-02 a       995     0    50     1    15
 -8.0163628229067332E-03 a       996     0    50     1    16
  3.3737471827035209E-02 a       997     0    50     1    17
  4.3176275690192278E-02 a       998     0    50     1    18
  4.9123739623210240E-02 a       999     0    50     1    19
 -1.7110072527645192E-02 a      1000     0    50     1    20
 -4.5690558664971770E-01 b      1001     1     1
  3.9228946542378251E-01 b      1002     1     2
  1.1492702337940461E+00 b      1003     1     3
 -1.1623907074830251E+00 b      1004     1     4
 -7.1180843103884298E-02 b      1005     1     5
 -1.1415608270313402E+00 b      1006     1     6
 -1.0478466535773294E+00 b      1007     1     7
  1.1322751727198854E+00 b      1008     1     8
  7.3479145259806167E-01 b      1009     1     9
 -1.4283330847523037E-01 b      1010     1    10
  2.4015103680459804E-01 b      1011     1    11
  1.2932196329933815E-01 b      1012     1    12
 -1.0027487072083392E+00 b      1013     1    13
 -7.8791528021048329E-01 b      1014     1    14
  3.2542997643849152E-02 b      1015     1    15
 -5.3461946704334296E-01 b      1016     1    16
  8.7753614336150323E-02 b      1017     1    17
  5.3622668821127462E-01 b      1018     1    18
  1.4687376435286292E+00 b      1019     1    19
  2.5859940756306088E-01 b      1020     1    20
  5.6221996818204478E-01 a      1021     1     1     2     1
  2.9190459080262465E-01 a      1022     1     1     2     2
 -4.8457571894581314E-01 a      1023     1     1     2     3
  1.6090582416371157E-01 a      1024     1     1     2     4
  4.0371660653950248E-01 a      1025     1     1     2     5
  6.9507962667115553E-01 a      1026     1     1     2     6
 -5.2134285166983885E-01 a      1027     1     1     2     7
 -4.5469192665659569E-01 a      1028     1     1     2     8
 -2.3611338848362798E-01 a      1029     1     1     2     9
 -1.0172949604382921E-01 a      1030     1     1     2    10
  4.8522316059896897E-01 a      1031     1     1     2    11
  2.8249030203292558E-01 a      1032     1     1     2    12
 -2.7323462097030510E-01 a      1033     1     1     2    13
 -1.3949344037743575E-01 a      1034     1     1     2    14
 -3.6560605109915223E-01 a      1035     1     1     2    15
  3.1860891350468823E-01 a      1036     1     1     2    16
  2.1452198538848888E-01 a      1037     1     1     2    17
 -2.7452975510756789E-01 a      1038     1     1     2    18
  3.0852560522562050E-01 a      1039     1     1     2    19
 -4.1321289924145699E-01 a      1040     1     1     2    20
  9.7615343465694449E-02 a      1041     1     2     2     1
 -1.5910929829919770E-01 a      1042     1     2     2     2
  6.9166502075669190E-01 a      1043     1     2     2     3
  1.0061124205948356E-01 a      1044     1     2     2     4
 -3.6265345063407423E-01 a      1045     1     2     2     5
 -4.4895812717564643E-01 a      1046     1     2     2     6
 -3.8598751954246557E-02 a      1047     1     2     2     7
  1.9108481837866914E-01 a      1048     1     2     2     8
  2.9553188366397787E-01 a      1049     1     2     2     9
 -6.8375822616423088E-01 a      1050     1     2     2    10
 -1.7231175269071761E-01 a      1051     1     2     2    11
  4.4831516642041808E-01 a      1052     1     2     2    12
  5.1449703954341466E-02 a      1053     1     2     2    13
 -4.1106972068158359E-01 a      1054     1     2     2    14
  3.6207330771745599E-01 a      1055     1     2     2    15
  6.7979796920078783E-01 a      1056     1     2     2    16
 -5.6291879419794566E-01 a      1057     1     2     2    17
  1.6150574920204935E-01 a      1058     1     2     2    18
  3.8290264803775642E-01 a      1059     1     2     2    19
  4.5817667571254439E-01 a      1060     1     2     2    20
 -9.8366244455289936E-02 a      1061     1     3     2     1
  2.3995048679453343E-01 a      1062     1     3     2     2
  3.9558283503843278E-01 a      1063     1     3     2     3
 -1.5687689716222672E-01 a      1064     1     3     2     4
 -4.4876029187714141E-02 a      1065     1     3     2     5
 -7.0690495443527412E-01 a      1066     1     3     2     6
  1.6796228235988592E-01 a      1067     1     3     2     7
 -6.8406439368517158E-01 a      1068     1     3     2     8
  1.9786266025947064E-01 a      1069     1     3     2     9
 -2.8104615856770898E-01 a      1070     1     3     2    10
  1.3876812849368475E-01 a      1071     1     3     2    11
  4.7740938839932090E-01 a      1072     1     3     2    12
 -1.9867433750742708E-01 a      1073     1     3     2    13
  2.7751291968142416E-01 a      1074     1     3     2    14
  5.3339255976095612E-01 a      1075     1     3     2    15
 -8.6273305137873935E-01 a      1076     1     3     2    16
  1.6119482926338868E-02 a      1077     1     3     2    17
  4.1397243260283512E-01 a      1078     1     3     2    18
  8.8056393153252248E-03 a      1079     1     3     2    19
  5.5135877010202972E-01 a      1080     1     3     2    20
  2.6106534799206782E-01 a      1081     1     4     2     1
 -5.4182249289289319E-01 a      1082     1     4     2     2
 -3.6074265687573470E-01 a      1083     1     4     2     3
  2.1890379911954383E-01 a      1084     1     4     2     4
 -6.3868608527853532E-01 a      1085     1     4     2     5
  2.7893216095634558E-02 a      1086     1     4     2     6
 -2.2429980156484516E-01 a      1087     1     4     2     7
 -7.8110326229452687E-02 a      1088     1     4     2     8
 -1.1336386422711582E+00 a      1089     1     4     2     9
  5.5885062329397495E-01 a      1090     1     4     2    10
  1.0053874234496192E+00 a      1091     1     4     2    11
  7.4909315711558733E-01 a      1092     1     4     2    12
  1.2534881900133993E-01 a      1093     1     4     2    13
 -3.2270342515521744E-01 a      1094     1     4     2    14
 -2.9028792084640603E-01 a      1095     1     4     2    15
 -2.1322053689051077E-03 a      1096     1     4     2    16
  1.0523719832264382E+00 a      1097     1     4     2    17
 -8.6723653139100493E-02 a      1098     1     4     2    18
 -5.7989886875476748E-01 a      1099     1     4     2    19
  1.1565837192555793E-01 a      1100     1     4     2    20
  5.4481956438605705E-01 a      1101     1     5     2     1
  1.7720501832010865E-01 a      1102     1     5     2     2
  5.8150857520058152E-01 a      1103     1     5     2     3
  9.9399828204739527E-02 a      1104     1     5     2     4
  3.5017315933408087E-02 a      1105     1     5     2     5
  3.4545668863316448E-02 a      1106     1     5     2     6
  5.0967860061420189E-01 a      1107     1     5     2     7
 -1.8256311049531082E-01 a      1108     1     5     2     8
  5.9441406601746819E-03 a      1109     1     5     2     9
  1.5911983294038604E-01 a      1110     1     5     2    10
  7.0894795489890985E-02 a      1111     1     5     2    11
 -4.0398891722056401E-01 a      1112     1     5     2    12
  4.0285761004169202E-01 a      1113     1     5     2    13
  1.8705010642902839E-01 a      1114     1     5     2    14
 -1.3172784985934113E-01 a      1115     1     5     2    15
  1.0819609723860289E-01 a      1116     1     5     2    16
 -1.8547835442393681E-01 a      1117     1     5     2    17
  2.4323033597471402E-01 a      1118     1     5     2    18
 -5.9364875034412656E-01 a      1119     1     5     2    19
 -3.8533030128478185E-01 a      1120     1     5     2    20
 -9.3825130385259622E-02 a      1121     1     6     2     1
  1.3970973585169139E-01 a      1122     1     6     2     2
  3.8028906182231448E-01 a      1123     1     6     2     3
  8.4983138834237026E-01 a      1124     1     6     2     4
  4.8310281773840766E-02 a      1125     1     6     2     5
  1.8179933582998645E-01 a      1126     1     6     2     6
  2.1136109317600027E-01 a      1127     1     6     2     7
  1.0060118818185559E-01 a      1128     1     6     2     8
 -2.2695744113219271E-01 a      1129     1     6     2     9
  5.6703358712183605E-01 a      1130     1     6     2    10
  9.3487946286062940E-02 a      1131     1     6     2    11
  3.0630752464506666E-01 a      1132     1     6     2    12
  3.4584617745916063E-01 a      1133     1     6     2    13
 -3.2459451827790931E-01 a      1134     1     6     2    14
 -1.2739290965187089E-01 a      1135     1     6     2    15
  3.9886570377501834E-01 a      1136     1     6     2    16
 -3.9290432852795786E-02 a      1137     1     6     2    17
  3.8891397463014737E-01 a      1138     1     6     2    18
  2.2447247807430565E-01 a      1139     1     6     2    19
  4.3537093221590933E-01 a      1140     1     6     2    20
  3.0876042362801326E-01 a      1141     1     7     2     1
  4.7905633145676238E-02 a      1142     1     7     2     2
  2.6447183194209378E-01 a      1143     1     7     2     3
  3.1137231801037363E-01 a      1144     1     7     2     4
 -4.1291521203948167E-01 a      1145     1     7     2     5
  1.6340086180541935E-01 a      1146     1     7     2     6
  2.5169385206192335E-01 a      1147     1     7     2     7
 -2.3397286906490375E-01 a      1148     1     7     2     8
 -2.5176703919176171E-02 a      1149     1     7     2     9
 -5.1129624097104476E-01 a      1150     1     7     2    10
 -1.3319856529197500E-02 a      1151     1     7     2    11
  3.1049473395333216E-01 a      1152     1     7     2    12
 -6.4610466434159930E-01 a      1153     1     7     2    13
 -8.9643593976585251E-02 a      1154     1     7     2    14
 -9.5795979848299698E-02 a      1155     1     7     2    15
 -1.4768462122924197E-01 a      1156     1     7     2    16
 -3.0657933591482950E-01 a      1157     1     7     2    17
  2.9764072130458230E-01 a      1158     1     7     2    18
 -1.2476603438398773E-01 a      1159     1     7     2    19
 -3.0096076519438331E-01 a      1160     1     7     2    20
  6.8750580946671325E-01 a      1161     1     8     2     1
 -2.8938789748968829E-01 a      1162     1     8     2     2
  3.7748237134790807E-01 a      1163     1     8     2     3
 -3.5464461936231850E-01 a      1164     1     8     2     4
  2.3401636186221925E-01 a      1165     1     8     2     5
 -3.5415270234482993E-01 a      1166     1     8     2     6
 -2.9781448141882538E-01 a      1167     1     8     2     7
 -2.6734955659847170E-01 a      1168     1     8     2     8
  1.5863073003655456E-01 a      1169     1     8     2     9
 -7.3645842650786594E-02 a      1170     1     8     2    10
 -2.9296337606797190E-01 a      1171     1     8     2    11
  4.4007397126370867E-01 a      1172     1     8     2    12
  5.4889140843101913E-01 a      1173     1     8     2    13
  6.9640740375805921E-02 a      1174     1     8     2    14
 -3.7855626060473624E-01 a      1175     1     8     2    15
 -9.7393147954835849E-02 a      1176     1     8     2    16
 -4.4921172750877647E-01 a      1177     1     8     2    17
  4.2942098289155972E-01 a      1178     1     8     2    18
  7.3806224858571357E-03 a      1179     1     8     2    19
  4.7759827910496599E-01 a      1180     1     8     2    20
 -7.2552955244104267E-02 a      1181     1     9     2     1
 -8.7112456459678161E-02 a      1182     1     9     2     2
 -4.3899767400787176E-01 a      1183     1     9     2     3
 -3.4204958715953243E-01 a      1184     1     9     2     4
  5.1794005398783560E-01 a      1185     1     9     2     5
  4.1207379456867832E-01 a      1186     1     9     2     6
 -4.8328134737589068E-02 a      1187     1     9     2     7
 -7.7429081481568363E-01 a      1188     1     9     2     8
  4.8204453261294322E-01 a      1189     1     9     2     9
  2.1807912703315122E-01 a      1190     1     9     2    10
  3.6122654782768593E-01 a      1191     1     9     2    11
  1.6753147399324622E-01 a      1192     1     9     2    12
 -3.3047742769108474E-01 a      1193     1     9     2    13
 -1.8675090002212577E-01 a      1194     1     9     2    14
 -1.5082384536746118E-01 a      1195     1     9     2    15
 -2.4412373613386504E-01 a      1196     1     9     2    16
 -2.8251744941980655E-01 a      1197     1     9     2    17
 -6.0740923709101176E-02 a      1198     1     9     2    18
 -4.3751536875659778E-03 a      1199     1     9     2    19
 -3.8704314339104884E-01 a      1200     1     9     2    20
  2.0669879485377005E-01 a      1201     1    10     2     1
 -6.3549198791010697E-01 a      1202     1    10     2     2
 -7.9952443493513603E-02 a      1203     1    10     2     3
  4.0844199486448945E-01 a      1204     1    10     2     4
 -5.6034155553550423E-02 a      1205     1    10     2     5
 -5.1714399201166750E-01 a      1206     1    10     2     6
  2.3595298887557034E-01 a      1207     1    10     2     7
  2.3066541526810558E-01 a      1208     1    10     2     8
  1.3041444685280951E-01 a      1209     1    10     2     9
  8.9081472999254924E-02 a      1210     1    10     2    10
 -3.3568876336562081E-02 a      1211     1    10     2    11
 -1.1237366956489701E-01 a      1212     1    10     2    12
 -1.2816507879328394E-02 a      1213     1    10     2    13
 -2.2770808462725883E-01 a      1214     1    10     2    14
  4.0618934984552935E-01 a      1215     1    10     2    15
 -6.0172096250274054E-01 a      1216     1    10     2    16
 -2.8931395568480606E-01 a      1217     1    10     2    17
 -5.7579605535052580E-01 a      1218     1    10     2    18
  3.1826409562063690E-01 a      1219     1    10     2    19
  1.9507387782213303E-01 a      1220     1    10     2    20
 -5.6487865406067062E-01 a      1221     1    11     2     1
 -2.2310574437644762E-01 a      1222     1    11     2     2
 -5.6093761195131361E-02 a      1223     1    11     2     3
 -1.1470963122518119E-01 a      1224     1    11     2     4
  1.3115548220261444E-01 a      1225     1    11     2     5
  3.9245712716620706E-01 a      1226     1    11     2     6
  9.0252106266553234E-01 a      1227     1    11     2     7
  1.1280240079344772E-01 a      1228     1    11     2     8
  7.5782979152588215E-01 a      1229     1    11     2     9
  8.0503442508456158E-01 a      1230     1    11     2    10
 -5.4733277016458415E-01 a      1231     1    11     2    11
  4.2780100153602807E-01 a      1232     1    11     2    12
 -5.4685656547581686E-03 a      1233     1    11     2    13
 -7.8795017373686860E-01 a      1234     1    11     2    14
  2.6376473754054558E-01 a      1235     1    11     2    15
 -1.2204616547486508E-01 a      1236     1    11     2    16
  4.1998984553276669E-01 a      1237     1    11     2    17
 -6.0700970512255059E-01 a      1238     1    11     2    18
 -6.8906888972916480E-01 a      1239     1    11     2    19
 -4.9234195809008574E-01 a      1240     1    11     2    20
  1.5253336136922524E-01 a      1241     1    12     2     1
 -6.5770286193534278E-01 a      1242     1    12     2     2
 -4.9373777654191250E-02 a      1243     1    12     2     3
 -4.8602788532911467E-01 a      1244     1    12     2     4
 -6.9321776096178633E-01 a      1245     1    12     2     5
 -3.3309854770467612E-01 a      1246     1    12     2     6
 -1.8783485201038794E-01 a      1247     1    12     2     7
  7.8523494718144915E-01 a      1248     1    12     2     8
 -2.9651472104955906E-01 a      1249     1    12     2     9
  2.6915044378527297E-01 a      1250     1    12     2    10
 -6.0385643153266610E-01 a      1251     1    12     2    11
  6.1165438671215389E-01 a      1252     1    12     2    12
 -1.2412373276088380E-01 a      1253     1    12     2    13
 -5.5947580571679527E-02 a      1254     1    12     2    14
  1.7961102207950932E-01 a      1255     1    12     2    15
  6.2529855477710916E-01 a      1256     1    12     2    16
  7.4112414843653429E-01 a      1257     1    12     2    17
 -1.3153957545018113E-01 a      1258     1    12     2    18
 -4.4879367965259770E-01 a      1259     1    12     2    19
 -2.0004642267329653E-01 a      1260     1    12     2    20
 -7.7601048084947288E-01 a      1261     1    13     2     1
 -2.8047822794979066E-01 a      1262     1    13     2     2
  5.2879805566639704E-01 a      1263     1    13     2     3
 -3.2963537690423989E-01 a      1264     1    13     2     4
  6.0879019042820492E-01 a      1265     1    13     2     5
  2.1220305726841485E-01 a      1266     1    13     2     6
 -5.4525531612396494E-01 a      1267     1    13     2     7
 -6.4240129508423105E-01 a      1268     1    13     2     8
 -8.4288947528593852E-02 a      1269     1    13     2     9
  2.4868458824348013E-02 a      1270     1    13     2    10
  3.5868060895027498E-01 a      1271     1    13     2    11
 -3.2464539309332746E-01 a      1272     1    13     2    12
  1.6011343616174059E-01 a      1273     1    13     2    13
  6.7818153953198068E-01 a      1274     1    13     2    14
  2.2132852173571835E-01 a      1275     1    13     2    15
 -2.7222155155601230E-01 a      1276     1    13     2    16
  2.0436741445869380E-01 a      1277     1    13     2    17
  7.1930445431887380E-01 a      1278     1    13     2    18
 -2.1883898505461602E-01 a      1279     1    13     2    19
 -5.6456330451300785E-01 a      1280     1    13     2    20
  3.7681157022623313E-01 a      1281     1    14     2     1
  3.7640926124757740E-01 a      1282     1    14     2     2
  5.9927142264469424E-01 a      1283     1    14     2     3
  1.6878374217407713E-01 a      1284     1    14     2     4
  5.3621590042617995E-01 a      1285     1    14     2     5
  2.3623165560804935E-01 a      1286     1    14     2     6
  1.6305920160617490E-02 a      1287     1    14     2     7
 -5.4830739112191429E-01 a      1288     1    14     2     8
 -1.0904599780468961E-01 a      1289     1    14     2     9
  4.3601738505362198E-01 a      1290     1    14     2    10
 -2.4468090714796767E-01 a      1291     1    14     2    11
 -2.7513681372838689E-01 a      1292     1    14     2    12
 -2.0606856963079329E-01 a      1293     1    14     2    13
  1.2285734717957489E-01 a      1294     1    14     2    14
 -4.2180485437283824E-02 a      1295     1    14     2    15
  5.4843778102828311E-01 a      1296     1    14     2    16
  9.7615066266796932E-02 a      1297     1    14     2    17
  2.8060258067182242E-01 a      1298     1    14     2    18
 -4.4162643151680053E-01 a      1299     1    14     2    19
  2.1321908030718906E-01 a      1300     1    14     2    20
 -8.7566772943752347E-01 a      1301     1    15     2     1
 -4.0475591843370140E-01 a      1302     1    15     2     2
  4.6134157892490185E-01 a      1303     1    15     2     3
 -5.4440307619783035E-01 a      1304     1    15     2     4
  8.0025233345938762E-01 a      1305     1    15     2     5
 -7.7365472057558228E-03 a      1306     1    15     2     6
  7.0447984424499765E-01 a      1307     1    15     2     7
  2.8887737316790019E-01 a      1308     1    15     2     8
 -5.4457808725173962E-01 a      1309     1    15     2     9
  2.2552607528005367E-01 a      1310     1    15     2    10
  1.8638951447324051E-01 a      1311     1    15     2    11
  3.3588291873917409E-01 a      1312     1    15     2    12
  9.0212021722714675E-01 a      1313     1    15     2    13
 -4.3467792225227134E-02 a      1314     1    15     2    14
  4.1707579593626742E-01 a      1315     1    15     2    15
 -4.7890049484546476E-02 a      1316     1    15     2    16
  1.9553605327535126E-01 a      1317     1    15     2    17
  3.0566488455160751E-01 a      1318     1    15     2    18
 -1.4951397918011380E-01 a      1319     1    15     2    19
 -1.3929613283112133E-01 a      1320     1    15     2    20
 -4.5952475689529804E-01 a      1321     1    16     2     1
  3.4892169002587931E-01 a      1322     1    16     2     2
 -1.5088207245684071E-01 a      1323     1    16     2     3
  2.8499861415758837E-01 a      1324     1    16     2     4
 -3.4117270772181485E-01 a      1325     1    16     2     5
 -1.0072584266218097E-01 a      1326     1    16     2     6
  1.3739330255685728E-01 a      1327     1    16     2     7
 -1.7961587299442536E-01 a      1328     1    16     2     8
  4.2028526547778122E-01 a      1329     1    16     2     9
 -3.0304948289234185E-01 a      1330     1    16     2    10
 -7.1692843005828999E-01 a      1331     1    16     2    11
 -7.6842467270926096E-01 a      1332     1    16     2    12
  3.0344423308922697E-01 a      1333     1    16     2    13
  4.8372594406455027E-01 a      1334     1    16     2    14
 -7.7191174374303603E-02 a      1335     1    16     2    15
  3.4899914566725594E-02 a      1336     1    16     2    16
  2.5390439660475128E-01 a      1337     1    16     2    17
 -5.1438666958559565E-01 a      1338     1    16     2    18
 -2.4455920446311474E-01 a      1339     1    16     2    19
 -1.9704546851935642E-01 a      1340     1    16     2    20
  1.0725608737826782E-01 a      1341     1    17     2     1
 -1.8513196860167114E-01 a      1342     1    17     2     2
 -6.6012724990139426E-01 a      1343     1    17     2     3
 -2.6796712607923334E-01 a      1344     1    17     2     4
  5.7840707360483068E-01 a      1345     1    17     2     5
  2.0613646239003358E-02 a      1346     1    17     2     6
  6.2079810313285788E-01 a      1347     1    17     2     7
  2.3904433173366785E-01 a      1348     1    17     2     8
 -4.5784849048336623E-01 a      1349     1    17     2     9
  2.3874478896505044E-01 a      1350     1    17     2    10
  8.9042235980062323E-01 a      1351     1    17     2    11
 -2.1653938519867447E-01 a      1352     1    17     2    12
 -4.1485629988791545E-01 a      1353     1    17     2    13
 -5.4529595218514781E-01 a      1354     1    17     2    14
 -3.8868212825570203E-01 a      1355     1    17     2    15
 -7.3308509763191809E-01 a      1356     1    17     2    16
  4.8498225311634419E-01 a      1357     1    17     2    17
 -3.7061657067611076E-01 a      1358     1    17     2    18
 -5.3622571155088616E-01 a      1359     1    17     2    19
 -1.3958042504562193E-01 a      1360     1    17     2    20
 -3.5128103947907902E-01 a      1361     1    18     2     1
  4.2310341899083070E-01 a      1362     1    18     2     2
  3.1748359136634496E-01 a      1363     1    18     2     3
  8.7761170337969852E-01 a      1364     1    18     2     4
 -1.2768131493695237E-01 a      1365     1    18     2     5
 -6.4652787870095296E-01 a      1366     1    18     2     6
  4.9756299078157146E-01 a      1367     1    18     2     7
 -3.6012603669276066E-01 a      1368     1    18     2     8
  3.0382728601741849E-01 a      1369     1    18     2     9
 -1.0342118462879765E-01 a      1370     1    18     2    10
  6.7207393397501508E-02 a      1371     1    18     2    11
 -4.1887947090726302E-01 a      1372     1    18     2    12
 -3.7617562066235555E-01 a      1373     1    18     2    13
 -2.4499030548689593E-01 a      1374     1    18     2    14
  4.1701339427428702E-01 a      1375     1    18     2    15
  5.5971586050844435E-01 a      1376     1    18     2    16
 -2.3678985392004384E-01 a      1377     1    18     2    17
  3.1830147261698211E-01 a      1378     1    18     2    18
 -3.4120305738934964E-01 a      1379     1    18     2    19
 -3.6033848633086119E-01 a      1380     1    18     2    20
  4.5047781364751610E-01 a      1381     1    19     2     1
  4.1680123816197928E-01 a      1382     1    19     2     2
 -3.9781318177634584E-01 a      1383     1    19     2     3
  4.7601150175597275E-02 a      1384     1    19     2     4
  3.7367458331073428E-01 a      1385     1    19     2     5
 -3.1695586895535038E-01 a      1386     1    19     2     6
 -4.1272202887811099E-01 a      1387     1    19     2     7
 -7.6286196693697461E-02 a      1388     1    19     2     8
 -5.2779334816013379E-01 a      1389     1    19     2     9
  3.1236613287803366E-01 a      1390     1    19     2    10
  4.8381717132509594E-01 a      1391     1    19     2    11
 -4.0609509830593066E-01 a      1392     1    19     2    12
  2.4087735268971777E-01 a      1393     1    19     2    13
  1.0390390314363841E-01 a      1394     1    19     2    14
 -7.1230067323676660E-01 a      1395     1    19     2    15
  3.4794156490925647E-02 a      1396     1    19     2    16
 -2.4952317314016889E-01 a      1397     1    19     2    17
  1.7260175675503431E-01 a      1398     1    19     2    18
 -3.0113677990244192E-01 a      1399     1    19     2    19
  3.8586642631647322E-02 a      1400     1    19     2    20
 -4.8630774036765545E-01 a      1401     1    20     2     1
  3.7529526953598341E-01 a      1402     1    20     2     2
  6.8279538821765240E-01 a      1403     1    20     2     3
  4.4674210084782284E-01 a      1404     1    20     2     4
 -2.5388059608325425E-01 a      1405     1    20     2     5
  7.7563133952301064E-02 a      1406     1    20     2     6
  9.4001855889517372E-02 a      1407     1    20     2     7
 -4.7360610301634593E-01 a      1408     1    20     2     8
  6.4718739732536346E-01 a      1409     1    20     2     9
 -7.0242022682204375E-01 a      1410     1    20     2    10
 -1.1899151907223070E-01 a      1411     1    20     2    11
 -2.8300956044313491E-01 a      1412     1    20     2    12
 -1.3030948952123814E-01 a      1413     1    20     2    13
 -5.4113939686513890E-01 a      1414     1    20     2    14
  5.5096091986065598E-01 a      1415     1    20     2    15
 -2.8738389570152617E-01 a      1416     1    20     2    16
 -4.2862648254246632E-01 a      1417     1    20     2    17
 -3.2763654369680822E-01 a      1418     1    20     2    18
  1.3799453581008245E-01 a      1419     1    20     2    19
  7.7632715263967839E-02 a      1420     1    20     2    20
  3.1689991232232423E-01 b      1421     2     1
 -1.2106681566186186E+00 b      1422     2     2
  1.2527537696767028E+00 b      1423     2     3
  1.5318354275586965E+00 b      1424     2     4
  9.1313235380790014E-01 b      1425     2     5
 -3.7625284276654090E-02 b      1426     2     6
 -3.4221564012490935E-02 b      1427     2     7
  1.6182783461437313E+00 b      1428     2     8
 -1.2822725980221858E+00 b      1429     2     9
  1.8412294290135861E-01 b      1430     2    10
 -9.7884695135650912E-01 b      1431     2    11
 -1.1525401306841774E+00 b      1432     2    12
  1.6291233082418093E+00 b      1433     2    13
  8.6262495745272327E-01 b      1434     2    14
  5.1720121842837574E-01 b      1435     2    15
  8.3720286162724844E-01 b      1436     2    16
 -1.3721437949378263E-02 b      1437     2    17
 -1.5481871156447737E+00 b      1438     2    18
 -1.3506497952581904E+00 b      1439     2    19
  1.0889817587337112E+00 b      1440     2    20
  9.2707193622078257E-02 a      1441     2     1     3     1
 -3.0476296024994270E-01 a      1442     2     2     3     1
  6.4168265052048951E-02 a      1443     2     3     3     1
  3.8799805130531030E-02 a      1444     2     4     3     1
 -9.5611458348926026E-01 a      1445     2     5     3     1
  1.4369428467598413E+00 a      1446     2     6     3     1
  5.6376898903096662E-01 a      1447     2     7     3     1
 -3.4465277822161638E-01 a      1448     2     8     3     1
  1.9773590300071239E-01 a      1449     2     9     3     1
 -2.5624694970609874E-01 a      1450     2    10     3     1
  6.0367872302134185E-01 a      1451     2    11     3     1
  2.9940884823245034E-01 a      1452     2    12     3     1
 -5.6513728253468920E-01 a      1453     2    13     3     1
  6.3860731657250558E-01 a      1454     2    14     3     1
 -9.6174467009827225E-01 a      1455     2    15     3     1
  4.6264542568881913E-02 a      1456     2    16     3     1
  1.2170016004666482E+00 a      1457     2    17     3     1
  4.0284569359932204E-01 a      1458     2    18     3     1
  2.3017899173699680E-01 a      1459     2    19     3     1
 -3.9492609204471446E-01 a      1460     2    20     3     1
 -3.1856313217365692E-02 b      1461     3     1
