################################################################################
# Neural network connection values (weights and biases).
################################################################################
# Col  Name       Description
################################################################################
# 1    connection Neural network connection value.
# 2    t          Connection type (a = weight, b = bias).
# 3    index      Index enumerating weights.
# 4    l_s        Starting point layer (end point layer for biases).
# 5    n_s        Starting point neuron in starting layer (end point neuron for biases).
# 6    l_e        End point layer.
# 7    n_e        End point neuron in end layer.
################################################################################
#                      1 2         3     4     5     6     7
#             connection t     index   l_s   n_s   l_e   n_e
############################################################
  1.3877069831057057E-01 a         1     0     1     1     1
  1.1007300419642196E-01 a         2     0     1     1     2
 -9.1539459996367673E-02 a         3     0     1     1     3
 -1.6175467990209150E-01 a         4     0     1     1     4
 -1.6138690688160751E-01 a         5     0     1     1     5
 -8.9442590624346247E-03 a         6     0     1     1     6
 -1.6065390641983943E-01 a         7     0     1     1     7
  8.2703995036641512E-02 a         8     0     1     1     8
  1.5251456663722906E-03 a         9     0     1     1     9
  8.8269587498976357E-02 a        10     0     1     1    10
  9.9939533043769263E-02 a        11     0     1     1    11
 -7.8468085664812143E-02 a        12     0     1     1    12
  3.8304189152132689E-01 a        13     0     1     1    13
  8.2827561227473451E-02 a        14     0     1     1    14
  1.6907521230272005E-01 a        15     0     1     1    15
  1.1223970133062237E-01 a        16     0     1     1    16
 -2.6855233705084991E-01 a        17     0     1     1    17
  1.2432145304424470E-01 a        18     0     1     1    18
 -1.4396786607343134E-01 a        19     0     1     1    19
  3.6556539284884011E-02 a        20     0     1     1    20
  3.2144434387583665E-01 a        21     0     2     1     1
 -1.4782775019301784E-02 a        22     0     2     1     2
  1.2511144292289075E-01 a        23     0     2     1     3
 -7.9761308611858272E-03 a        24     0     2     1     4
 -1.7646487960987035E-02 a        25     0     2     1     5
 -3.0646305782299967E-02 a        26     0     2     1     6
 -6.4682959394021647E-02 a        27     0     2     1     7
 -3.4110712391863619E-02 a        28     0     2     1     8
  1.5584032293565353E-01 a        29     0     2     1     9
  8.5230364157098074E-02 a        30     0     2     1    10
  6.0561960554277629E-02 a        31     0     2     1    11
  1.5591107533743351E-01 a        32     0     2     1    12
 -1.4659638890271090E-02 a        33     0     2     1    13
  4.4668963528067540E-02 a        34     0     2     1    14
  3.8269164070108175E-01 a        35     0     2     1    15
 -8.5083222585616486E-02 a        36     0     2     1    16
  1.4512965527861799E-01 a        37     0     2     1    17
  1.1239527217970229E-01 a        38     0     2     1    18
 -3.1306626078626398E-03 a        39     0     2     1    19
  5.8878170829368796E-02 a        40     0     2     1    20
 -1.9827873472875290E-02 a        41     0     3     1     1
  6.7704718734331676E-02 a        42     0     3     1     2
 -5.7811239290352520E-02 a        43     0     3     1     3
 -1.3803601246394678E-02 a        44     0     3     1     4
 -7.3012662599340569E-02 a        45     0     3     1     5
 -1.7272150716113363E-01 a        46     0     3     1     6
 -1.9458127121476337E-01 a        47     0     3     1     7
 -3.2139140315024864E-02 a        48     0     3     1     8
 -2.4853413827404586E-01 a        49     0     3     1     9
 -4.6417761247978778E-02 a        50     0     3     1    10
 -1.4583754193319438E-02 a        51     0     3     1    11
 -1.5250395886588433E-01 a        52     0     3     1    12
  6.5581886147453819E-02 a        53     0     3     1    13
 -1.9012246339735650E-01 a        54     0     3     1    14
 -2.5252649005968347E-01 a        55     0     3     1    15
  2.7887346645886015E-02 a        56     0     3     1    16
 -3.4858173144400750E-01 a        57     0     3     1    17
  1.4275778441975950E-01 a        58     0     3     1    18
  1.2438834113602591E-01 a        59     0     3     1    19
  5.7924121130117912E-02 a        60     0     3     1    20
  1.4689649712168736E-02 a        61     0     4     1     1
 -6.5241823659659859E-02 a        62     0     4     1     2
  4.4344570083964430E-01 a        63     0     4     1     3
  2.7443704573534039E-01 a        64     0     4     1     4
  2.2406679216159627E-02 a        65     0     4     1     5
  1.5618996720201525E-02 a        66     0     4     1     6
  1.4350642960460055E-01 a        67     0     4     1     7
 -1.0041151709708497E-01 a        68     0     4     1     8
  4.0899741903469233E-01 a        69     0     4     1     9
 -3.6427500567602955E-01 a        70     0     4     1    10
 -1.4962861374887709E-01 a        71     0     4     1    11
 -2.4326306517670906E-01 a        72     0     4     1    12
 -2.2392937417523615E-01 a        73     0     4     1    13
 -6.5283635964196840E-01 a        74     0     4     1    14
  4.9318671544472399E-02 a        75     0     4     1    15
 -3.8421492571331312E-01 a        76     0     4     1    16
  3.3787972844679970E-01 a        77     0     4     1    17
  3.9121530710008776E-02 a        78     0     4     1    18
 -2.0536946169376247E-01 a        79     0     4     1    19
  2.3188773260852946E-01 a        80     0     4     1    20
 -2.6039512318626373E-01 a        81     0     5     1     1
  3.5675975235779984E-02 a        82     0     5     1     2
 -1.0716003292211679E-01 a        83     0     5     1     3
  1.2717870851312491E-01 a        84     0     5     1     4
  1.6703397970479453E-01 a        85     0     5     1     5
 -1.3517500004367047E-01 a        86     0     5     1     6
  4.8669120744076345E-02 a        87     0     5     1     7
 -2.1017886676477904E-02 a        88     0     5     1     8
 -1.7026825823122210E-01 a        89     0     5     1     9
  1.0941530321106493E-01 a        90     0     5     1    10
  1.6980422906385342E-01 a        91     0     5     1    11
 -9.0822626880137369E-02 a        92     0     5     1    12
 -2.1371840232768630E-01 a        93     0     5     1    13
 -1.8218240040374544E-02 a        94     0     5     1    14
  8.2566661349136858E-02 a        95     0     5     1    15
  2.5485266488050651E-01 a        96     0     5     1    16
 -4.0384138175648600E-02 a        97     0     5     1    17
  1.4859949610673157E-01 a        98     0     5     1    18
 -1.4190590697643368E-01 a        99     0     5     1    19
  2.1550255653545224E-03 a       100     0     5     1    20
 -2.4943760876098309E-01 a       101     0     6     1     1
 -1.4432879606006696E-01 a       102     0     6     1     2
  1.0375717931579513E-01 a       103     0     6     1     3
 -1.2641617027848198E-01 a       104     0     6     1     4
  2.6875532513092193E-01 a       105     0     6     1     5
 -1.3231717509093915E-01 a       106     0     6     1     6
  2.3776259387160745E-01 a       107     0     6     1     7
 -2.5644388660281014E-01 a       108     0     6     1     8
  3.2856440195035191E-01 a       109     0     6     1     9
  1.9349813723367282E-01 a       110     0     6     1    10
 -1.5635670465076121E-01 a       111     0     6     1    11
  1.6512225951026738E-01 a       112     0     6     1    12
  1.3671600635477310E-01 a       113     0     6     1    13
  2.2100126000451420E-01 a       114     0     6     1    14
 -3.1029084118161250E-02 a       115     0     6     1    15
 -1.8198555170182715E-01 a       116     0     6     1    16
 -5.2624895851781220E-02 a       117     0     6     1    17
  9.2353645132733114E-02 a       118     0     6     1    18
  1.3087252427539919E-02 a       119     0     6     1    19
 -3.4880407766004179E-02 a       120     0     6     1    20
 -7.3492701179995235E-02 a       121     0     7     1     1
  3.9137807244340272E-01 a       122     0     7     1     2
 -2.6041094207901661E-01 a       123     0     7     1     3
 -2.4406314807778754E-03 a       124     0     7     1     4
 -1.3420524520440420E-02 a       125     0     7     1     5
 -2.8726041855160915E-02 a       126     0     7     1     6
 -1.8343597395024006E-01 a       127     0     7     1     7
  1.1507760032972926E-01 a       128     0     7     1     8
 -1.5063889615716933E-01 a       129     0     7     1     9
  2.4686033418885964E-01 a       130     0     7     1    10
  3.0132347178685043E-01 a       131     0     7     1    11
 -1.6971859585470352E-02 a       132     0     7     1    12
 -2.5019122858554500E-02 a       133     0     7     1    13
  2.5354315824334334E-01 a       134     0     7     1    14
  3.5454725828017702E-01 a       135     0     7     1    15
 -1.5642151586488645E-01 a       136     0     7     1    16
 -7.4076142107404819E-02 a       137     0     7     1    17
  1.4760387368585273E-01 a       138     0     7     1    18
  1.7302042373268894E-01 a       139     0     7     1    19
  8.4363860547580459E-03 a       140     0     7     1    20
 -2.4342662967218726E-01 a       141     0     8     1     1
 -1.4816247592366380E-01 a       142     0     8     1     2
 -6.5046593661187868E-02 a       143     0     8     1     3
 -1.3509066809583997E-01 a       144     0     8     1     4
 -1.3567382358790397E-01 a       145     0     8     1     5
  1.0901512870752195E-01 a       146     0     8     1     6
  1.9246864532516639E-01 a       147     0     8     1     7
  1.1878257669567403E-01 a       148     0     8     1     8
 -2.4164602534187926E-01 a       149     0     8     1     9
 -1.2363291712490335E-01 a       150     0     8     1    10
 -2.4389721277852414E-01 a       151     0     8     1    11
 -1.1331392141083968E-01 a       152     0     8     1    12
  2.6102502169557329E-01 a       153     0     8     1    13
  1.9390927465201427E-01 a       154     0     8     1    14
 -1.8290524424009899E-01 a       155     0     8     1    15
 -2.1409216379933401E-03 a       156     0     8     1    16
 -1.0085805548187254E-01 a       157     0     8     1    17
 -3.8489199231628612E-01 a       158     0     8     1    18
  6.3337722611081504E-02 a       159     0     8     1    19
 -2.1699789462548641E-01 a       160     0     8     1    20
  2.3999719472613379E-01 a       161     0     9     1     1
  1.0023889765300384E-01 a       162     0     9     1     2
  3.7740019229213460E-02 a       163     0     9     1     3
  3.8855505164330661E-01 a       164     0     9     1     4
 -2.3570763961671734E-01 a       165     0     9     1     5
 -1.4395413901270691E-02 a       166     0     9     1     6
 -1.1813546762700097E-01 a       167     0     9     1     7
 -2.2264219420365436E-01 a       168     0     9     1     8
 -1.7623290715004350E-01 a       169     0     9     1     9
 -1.7035767944235619E-01 a       170     0     9     1    10
  1.1882127074548761E-01 a       171     0     9     1    11
 -4.0170805110480511E-02 a       172     0     9     1    12
 -2.6559108725844771E-01 a       173     0     9     1    13
  2.0196505262552625E-01 a       174     0     9     1    14
  1.2958145345749203E-01 a       175     0     9     1    15
  4.4334398692098242E-01 a       176     0     9     1    16
 -1.6911016407896293E-01 a       177     0     9     1    17
 -2.8501395807146212E-03 a       178     0     9     1    18
 -2.3220518785190641E-01 a       179     0     9     1    19
  1.2280817782787121E-01 a       180     0     9     1    20
  9.4783423196106650E-02 a       181     0    10     1     1
 -2.4926977576817316E-01 a       182     0    10     1     2
  4.2831608131721421E-01 a       183     0    10     1     3
  1.6645785786667178E-01 a       184     0    10     1     4
 -7.6041473578177338E-02 a       185     0    10     1     5
 -8.6932404352777964E-02 a       186     0    10     1     6
  7.2542611954331718E-02 a       187     0    10     1     7
 -8.7088728710492960E-02 a       188     0    10     1     8
  8.3286851085634092E-02 a       189     0    10     1     9
 -1.7186665979786681E-01 a       190     0    10     1    10
 -8.9649451780789299E-02 a       191     0    10     1    11
  4.8666379398213055E-02 a       192     0    10     1    12
 -5.6241158413888236E-02 a       193     0    10     1    13
 -4.1449131714155540E-01 a       194     0    10     1    14
  9.9809417905909137E-02 a       195     0    10     1    15
 -1.7730221933971438E-01 a       196     0    10     1    16
  3.8078211252819166E-01 a       197     0    10     1    17
  2.3417963012363013E-01 a       198     0    10     1    18
  1.4682672056952004E-01 a       199     0    10     1    19
  3.7244815663563491E-01 a       200     0    10     1    20
  1.0441428119414283E-02 a       201     0    11     1     1
 -5.7017712978971270E-02 a       202     0    11     1     2
 -6.4667302985744940E-02 a       203     0    11     1     3
 -8.6802394069330380E-02 a       204     0    11     1     4
  2.1535052314419028E-02 a       205     0    11     1     5
 -5.7237405877711332E-02 a       206     0    11     1     6
  3.5195150836815997E-01 a       207     0    11     1     7
  3.3418110873103139E-02 a       208     0    11     1     8
 -1.4759972496395310E-01 a       209     0    11     1     9
 -3.0281509076053587E-01 a       210     0    11     1    10
 -2.0450330147791432E-01 a       211     0    11     1    11
 -5.8896577124083346E-02 a       212     0    11     1    12
 -2.6553466368479380E-02 a       213     0    11     1    13
 -2.4477394907671177E-01 a       214     0    11     1    14
  1.5244347543898942E-01 a       215     0    11     1    15
 -1.4633420948948112E-01 a       216     0    11     1    16
 -6.4984923895544375E-02 a       217     0    11     1    17
 -2.7616189780241895E-01 a       218     0    11     1    18
  6.8520734572844147E-02 a       219     0    11     1    19
 -8.5972064006643270E-02 a       220     0    11     1    20
  2.7707051916459599E-02 a       221     0    12     1     1
 -1.2764269736282555E-01 a       222     0    12     1     2
 -8.5550156651059209E-02 a       223     0    12     1     3
 -1.7176396042603631E-01 a       224     0    12     1     4
 -1.1592569625791536E-01 a       225     0    12     1     5
 -3.2850511161458112E-01 a       226     0    12     1     6
  1.6356138656715957E-01 a       227     0    12     1     7
  2.2107174547183472E-02 a       228     0    12     1     8
 -2.0638715984903985E-01 a       229     0    12     1     9
  3.9036753858272644E-01 a       230     0    12     1    10
 -3.8643097303754940E-04 a       231     0    12     1    11
 -1.8582658932540641E-01 a       232     0    12     1    12
 -6.0902462389893428E-02 a       233     0    12     1    13
 -1.3320003386759457E-01 a       234     0    12     1    14
 -3.5599371985012290E-01 a       235     0    12     1    15
 -9.8803713197464449E-02 a       236     0    12     1    16
  1.1834157276335062E-01 a       237     0    12     1    17
  1.7853323974432195E-02 a       238     0    12     1    18
 -2.0998839290463486E-01 a       239     0    12     1    19
  1.3442832834283369E-01 a       240     0    12     1    20
  1.7080873523791110E-01 a       241     0    13     1     1
  3.0461417729354900E-01 a       242     0    13     1     2
 -4.0072525342008058E-02 a       243     0    13     1     3
  2.8538402922048366E-02 a       244     0    13     1     4
  1.7342567814200245E-02 a       245     0    13     1     5
  1.7725990346852311E-01 a       246     0    13     1     6
 -3.1412602407525597E-01 a       247     0    13     1     7
  1.7047066383839354E-01 a       248     0    13     1     8
  1.6593814111481567E-01 a       249     0    13     1     9
 -1.7138309762200454E-01 a       250     0    13     1    10
 -1.3919939406266296E-01 a       251     0    13     1    11
 -1.1316848345167224E-01 a       252     0    13     1    12
  1.1492348153879887E-01 a       253     0    13     1    13
  1.2317786855958853E-02 a       254     0    13     1    14
 -1.3754003261511330E-01 a       255     0    13     1    15
 -3.7743738322029552E-01 a       256     0    13     1    16
 -2.5711168643446725E-01 a       257     0    13     1    17
 -2.6252494183495712E-01 a       258     0    13     1    18
  3.1424047687524881E-01 a       259     0    13     1    19
 -5.7130766829583880E-02 a       260     0    13     1    20
 -2.2289937579708284E-02 a       261     0    14     1     1
  2.9809672255143051E-02 a       262     0    14     1     2
  5.1261987510487536E-02 a       263     0    14     1     3
 -1.1384186932484205E-01 a       264     0    14     1     4
  1.8619832771240341E-01 a       265     0    14     1     5
 -1.7015644534252894E-01 a       266     0    14     1     6
  3.3110794722775540E-02 a       267     0    14     1     7
 -9.5526920921050598E-02 a       268     0    14     1     8
  1.9583834430254307E-01 a       269     0    14     1     9
 -8.7957324823193267E-02 a       270     0    14     1    10
 -6.0054394428467266E-02 a       271     0    14     1    11
  1.8009089275212353E-01 a       272     0    14     1    12
 -1.0876415124110707E-01 a       273     0    14     1    13
 -3.5282139827333171E-03 a       274     0    14     1    14
  8.9881317284713394E-02 a       275     0    14     1    15
  1.4183958566169361E-01 a       276     0    14     1    16
 -8.0811307843516103E-02 a       277     0    14     1    17
  5.2464139333188081E-02 a       278     0    14     1    18
 -3.5469632759242337E-01 a       279     0    14     1    19
 -2.8240267422768134E-01 a       280     0    14     1    20
 -2.2504348740199598E-01 a       281     0    15     1     1
  1.4499386033143852E-01 a       282     0    15     1     2
 -1.6266527034793468E-01 a       283     0    15     1     3
 -8.5547249125882019E-02 a       284     0    15     1     4
 -1.9908207587156346E-01 a       285     0    15     1     5
 -1.9953153876043853E-01 a       286     0    15     1     6
  1.7771699101434102E-01 a       287     0    15     1     7
 -1.5029623905315667E-01 a       288     0    15     1     8
  8.8151405123027798E-02 a       289     0    15     1     9
 -1.1237001452073829E-01 a       290     0    15     1    10
  1.7043299081462643E-01 a       291     0    15     1    11
  1.0943783923390572E-01 a       292     0    15     1    12
 -8.3841387951630333E-02 a       293     0    15     1    13
 -7.7416944320840411E-02 a       294     0    15     1    14
  3.0078958894445262E-01 a       295     0    15     1    15
  1.2327472666266517E-01 a       296     0    15     1    16
 -1.0625360279492875E-01 a       297     0    15     1    17
  4.7770063629602982E-02 a       298     0    15     1    18
  3.8906932160071017E-01 a       299     0    15     1    19
  2.6664362536382030E-01 a       300     0    15     1    20
  1.5959031876886196E-01 a       301     0    16     1     1
 -1.4469443372670254E-01 a       302     0    16     1     2
  2.6894115608912650E-01 a       303     0    16     1     3
  4.5416958424883878E-02 a       304     0    16     1     4
  1.4121341762473788E-01 a       305     0    16     1     5
  1.8823265224775651E-01 a       306     0    16     1     6
  4.7736843121983855E-02 a       307     0    16     1     7
 -4.9054165471075370E-02 a       308     0    16     1     8
  8.7511775692765539E-02 a       309     0    16     1     9
 -1.9579090478436978E-02 a       310     0    16     1    10
  7.9809195125280619E-02 a       311     0    16     1    11
  6.1511153344956569E-02 a       312     0    16     1    12
 -6.8265406388356320E-02 a       313     0    16     1    13
 -1.4040669880365828E-01 a       314     0    16     1    14
 -9.9510555389019165E-02 a       315     0    16     1    15
 -6.7268692696722601E-02 a       316     0    16     1    16
  3.3164746787748078E-01 a       317     0    16     1    17
  1.8804900310338754E-01 a       318     0    16     1    18
  2.9977665131910064E-01 a       319     0    16     1    19
  1.1039400151930601E-01 a       320     0    16     1    20
 -3.7527945146391578E-01 a       321     0    17     1     1
 -1.2606350604530570E-01 a       322     0    17     1     2
 -3.1127889206977200E-01 a       323     0    17     1     3
 -1.5806135963045415E-01 a       324     0    17     1     4
 -2.1307692401800640E-01 a       325     0    17     1     5
 -2.6381573401431174E-01 a       326     0    17     1     6
  2.3663774747728944E-01 a       327     0    17     1     7
 -1.1682391338179947E-01 a       328     0    17     1     8
 -3.9619403735318709E-01 a       329     0    17     1     9
 -3.0289527640189927E-03 a       330     0    17     1    10
 -1.6982729668442109E-01 a       331     0    17     1    11
  1.0595162948406345E-01 a       332     0    17     1    12
  1.7740883742284128E-01 a       333     0    17     1    13
  8.9860530492837293E-02 a       334     0    17     1    14
  1.0443639338511761E-01 a       335     0    17     1    15
  2.1600825961434258E-01 a       336     0    17     1    16
 -1.9070901823284928E-01 a       337     0    17     1    17
 -5.5400370324896628E-02 a       338     0    17     1    18
  1.6658341209310981E-01 a       339     0    17     1    19
 -4.3115231030900855E-02 a       340     0    17     1    20
  2.8455966452805893E-02 a       341     0    18     1     1
 -5.1457614139204792E-02 a       342     0    18     1     2
  8.7854628294065748E-02 a       343     0    18     1     3
 -8.1452799557965985E-02 a       344     0    18     1     4
 -1.1156486250592580E-01 a       345     0    18     1     5
  2.2930558870745401E-03 a       346     0    18     1     6
 -1.2709824717791279E-01 a       347     0    18     1     7
 -6.2879790667716054E-02 a       348     0    18     1     8
 -1.7249632166336615E-01 a       349     0    18     1     9
  6.4157259297093774E-02 a       350     0    18     1    10
 -1.3132094700629210E-01 a       351     0    18     1    11
 -1.2507292021034649E-01 a       352     0    18     1    12
  1.2901122502141527E-01 a       353     0    18     1    13
  1.2422010455175737E-01 a       354     0    18     1    14
 -2.1945159324508301E-02 a       355     0    18     1    15
  1.4999759224283113E-02 a       356     0    18     1    16
 -1.0455612961582025E-01 a       357     0    18     1    17
  7.0489376649935098E-02 a       358     0    18     1    18
 -2.3212405110115750E-01 a       359     0    18     1    19
  6.5471140318732107E-02 a       360     0    18     1    20
 -1.6630760424180498E-02 a       361     0    19     1     1
  1.2878634832523361E-01 a       362     0    19     1     2
 -1.1689769074683716E-01 a       363     0    19     1     3
  6.1569474607637759E-02 a       364     0    19     1     4
 -1.5240450291016491E-01 a       365     0    19     1     5
 -8.6514675217787385E-02 a       366     0    19     1     6
 -1.3546500234653577E-01 a       367     0    19     1     7
  1.7117003110601062E-01 a       368     0    19     1     8
  1.5083932417193885E-01 a       369     0    19     1     9
 -1.1341833046872446E-01 a       370     0    19     1    10
 -6.9210172747516854E-02 a       371     0    19     1    11
 -1.4816144515319107E-01 a       372     0    19     1    12
 -7.8939140246817599E-02 a       373     0    19     1    13
 -1.7516733437225473E-01 a       374     0    19     1    14
 -1.6798218347620835E-02 a       375     0    19     1    15
 -1.5035750804428011E-01 a       376     0    19     1    16
  1.1147962698089219E-02 a       377     0    19     1    17
 -1.0853601053092213E-01 a       378     0    19     1    18
 -2.2574633155186630E-01 a       379     0    19     1    19
  1.8235662097588390E-03 a       380     0    19     1    20
  1.4031017615225502E-01 a       381     0    20     1     1
  3.2107163452067974E-02 a       382     0    20     1     2
  1.0717780546862810E-01 a       383     0    20     1     3
 -4.6430589598140629E-02 a       384     0    20     1     4
  1.5666516622225454E-01 a       385     0    20     1     5
  9.7302212519842779E-03 a       386     0    20     1     6
  9.1316067686576324E-02 a       387     0    20     1     7
 -1.4387363730398442E-01 a       388     0    20     1     8
  2.9151236746249986E-02 a       389     0    20     1     9
  9.4087856802360301E-02 a       390     0    20     1    10
  7.4370302703866298E-02 a       391     0    20     1    11
  1.7498427592221939E-02 a       392     0    20     1    12
 -6.8656335351175865E-02 a       393     0    20     1    13
  1.5163561594629291E-01 a       394     0    20     1    14
 -2.2658987679168935E-02 a       395     0    20     1    15
  2.4999172573472787E-02 a       396     0    20     1    16
 -9.3800887106689865E-02 a       397     0    20     1    17
 -1.0200851829520765E-02 a       398     0    20     1    18
 -1.0632771903077878E-01 a       399     0    20     1    19
  9.0771848866644626E-03 a       400     0    20     1    20
 -1.0564594574124044E-01 a       401     0    21     1     1
  8.0302209643916364E-02 a       402     0    21     1     2
 -4.9780887133281403E-02 a       403     0    21     1     3
  7.0678808666383347E-02 a       404     0    21     1     4
  8.8714145657450921E-02 a       405     0    21     1     5
 -2.8999548723121799E-02 a       406     0    21     1     6
  9.2269704534119843E-03 a       407     0    21     1     7
 -4.5671093525794182E-02 a       408     0    21     1     8
  9.5897764755358106E-02 a       409     0    21     1     9
  1.5880899460239562E-02 a       410     0    21     1    10
  8.8458045017103748E-02 a       411     0    21     1    11
 -1.3835062841831605E-01 a       412     0    21     1    12
  4.0563001301487885E-02 a       413     0    21     1    13
 -1.1933055770416125E-01 a       414     0    21     1    14
 -8.6498940701633609E-02 a       415     0    21     1    15
  9.9833869746638992E-02 a       416     0    21     1    16
 -1.0166415770981013E-01 a       417     0    21     1    17
 -2.5570916693848905E-02 a       418     0    21     1    18
  7.7856968620948781E-03 a       419     0    21     1    19
 -4.3131838345565263E-02 a       420     0    21     1    20
  9.4377963858972957E-02 a       421     0    22     1     1
 -1.5582388922308521E-01 a       422     0    22     1     2
  1.4008608071088360E-01 a       423     0    22     1     3
 -1.0511702660098233E-02 a       424     0    22     1     4
 -3.7225310034758499E-02 a       425     0    22     1     5
 -1.5073250394520515E-01 a       426     0    22     1     6
 -7.3804589629462861E-02 a       427     0    22     1     7
  5.4162064557738705E-02 a       428     0    22     1     8
 -1.9925715588114429E-01 a       429     0    22     1     9
  2.6754559624222306E-02 a       430     0    22     1    10
 -2.2471156601225822E-02 a       431     0    22     1    11
  9.6628027499278096E-02 a       432     0    22     1    12
 -1.0656745501501237E-01 a       433     0    22     1    13
  1.1619170650429721E-01 a       434     0    22     1    14
 -1.2699891689759108E-03 a       435     0    22     1    15
 -8.6710229026012553E-02 a       436     0    22     1    16
  2.7641205939065877E-01 a       437     0    22     1    17
  1.5280391099717441E-01 a       438     0    22     1    18
  1.2152911542160351E-01 a       439     0    22     1    19
  1.6571339309413763E-01 a       440     0    22     1    20
 -2.1700329414984548E-01 a       441     0    23     1     1
 -2.5016194215979833E-02 a       442     0    23     1     2
 -1.4744170110909682E-01 a       443     0    23     1     3
  3.2688871132387408E-02 a       444     0    23     1     4
 -5.1406286439332149E-02 a       445     0    23     1     5
  1.0000501621573822E-01 a       446     0    23     1     6
  1.5172397512600239E-02 a       447     0    23     1     7
  1.5878544745965138E-02 a       448     0    23     1     8
 -1.1242099158730293E-01 a       449     0    23     1     9
  7.8386204907075610E-02 a       450     0    23     1    10
  4.5164512730055353E-02 a       451     0    23     1    11
  5.1326648421874080E-02 a       452     0    23     1    12
  1.9038972222008962E-01 a       453     0    23     1    13
  7.3156963328316379E-02 a       454     0    23     1    14
  7.6075895120966727E-02 a       455     0    23     1    15
  2.2928604341001302E-01 a       456     0    23     1    16
 -1.6244837351492714E-01 a       457     0    23     1    17
 -9.8789768974997926E-03 a       458     0    23     1    18
 -8.6287255033360183E-02 a       459     0    23     1    19
 -1.1494974229201432E-01 a       460     0    23     1    20
  4.2644212828359881E-02 a       461     0    24     1     1
  1.4659165526842512E-02 a       462     0    24     1     2
  8.8278429057867709E-03 a       463     0    24     1     3
 -3.0580189289643504E-02 a       464     0    24     1     4
 -2.2599429529892540E-02 a       465     0    24     1     5
 -5.5808559438310167E-02 a       466     0    24     1     6
  7.6227457711210395E-02 a       467     0    24     1     7
  1.3911732830156249E-02 a       468     0    24     1     8
 -3.5753016258517727E-02 a       469     0    24     1     9
  4.6966474787127822E-02 a       470     0    24     1    10
  6.7390012313901446E-02 a       471     0    24     1    11
  1.8536514175367300E-01 a       472     0    24     1    12
 -2.0838884584243426E-02 a       473     0    24     1    13
  6.0432580514072153E-02 a       474     0    24     1    14
  1.5915724086029279E-01 a       475     0    24     1    15
 -1.3142980336796953E-02 a       476     0    24     1    16
  7.4707400688939357E-02 a       477     0    24     1    17
  6.5823963255922296E-02 a       478     0    24     1    18
  1.2164022260972338E-01 a       479     0    24     1    19
 -2.5381535916278756E-03 a       480     0    24     1    20
  7.2566044584475332E-03 a       481     0    25     1     1
  3.3156432728310273E-02 a       482     0    25     1     2
 -9.7585345242994337E-02 a       483     0    25     1     3
 -9.9889459027237564E-04 a       484     0    25     1     4
  2.4441912978400483E-03 a       485     0    25     1     5
  1.6232169169168260E-02 a       486     0    25     1     6
  2.0425146970699958E-04 a       487     0    25     1     7
 -9.7213264076209897E-03 a       488     0    25     1     8
  6.6527189928115016E-02 a       489     0    25     1     9
 -5.2665730991907869E-02 a       490     0    25     1    10
 -5.1322514722389058E-02 a       491     0    25     1    11
 -1.6604514614849744E-01 a       492     0    25     1    12
  2.8576576635497373E-02 a       493     0    25     1    13
 -6.1088634903025685E-02 a       494     0    25     1    14
 -2.8837121993324430E-02 a       495     0    25     1    15
 -1.0033418290631512E-02 a       496     0    25     1    16
 -1.0744506676772862E-01 a       497     0    25     1    17
 -5.4916743339894165E-02 a       498     0    25     1    18
 -1.1016023934443836E-01 a       499     0    25     1    19
 -7.1466008274030199E-02 a       500     0    25     1    20
  1.2051517231660416E-01 a       501     0    26     1     1
  8.3488929730829872E-02 a       502     0    26     1     2
  9.1074545328501566E-02 a       503     0    26     1     3
 -3.7867976801026146E-02 a       504     0    26     1     4
  1.1805643420550493E-01 a       505     0    26     1     5
  5.2320354060618204E-02 a       506     0    26     1     6
  1.1800097063065421E-01 a       507     0    26     1     7
 -1.4902783014868179E-01 a       508     0    26     1     8
  1.8049335635979458E-01 a       509     0    26     1     9
 -9.0674335350040929E-03 a       510     0    26     1    10
  4.9857156751508321E-02 a       511     0    26     1    11
  8.4634753016447059E-02 a       512     0    26     1    12
 -6.7462886558578752E-02 a       513     0    26     1    13
 -3.6341928853771209E-02 a       514     0    26     1    14
 -5.2906649323023136E-02 a       515     0    26     1    15
 -5.7738777176367551E-02 a       516     0    26     1    16
 -5.3832928818700894E-02 a       517     0    26     1    17
 -6.3363944342113024E-02 a       518     0    26     1    18
  2.2709908941345860E-01 a       519     0    26     1    19
  2.7296129948221171E-02 a       520     0    26     1    20
  7.6570901972520714E-02 a       521     0    27     1     1
 -4.5445955641146923E-02 a       522     0    27     1     2
 -2.8792450730092317E-02 a       523     0    27     1     3
  7.5455448590731167E-02 a       524     0    27     1     4
  7.2788759484446450E-02 a       525     0    27     1     5
  4.1231162638662583E-02 a       526     0    27     1     6
  1.1117690536604172E-02 a       527     0    27     1     7
  6.0630723756804131E-02 a       528     0    27     1     8
  7.7002427504111709E-02 a       529     0    27     1     9
 -3.2784494108609029E-02 a       530     0    27     1    10
 -1.7322592965139157E-03 a       531     0    27     1    11
 -3.6967934280340876E-02 a       532     0    27     1    12
 -3.1017886761640568E-02 a       533     0    27     1    13
 -2.4186490764776528E-02 a       534     0    27     1    14
 -2.7124173586875033E-01 a       535     0    27     1    15
 -2.2774609239958308E-02 a       536     0    27     1    16
  3.9393919175982103E-02 a       537     0    27     1    17
 -7.3770444341379804E-02 a       538     0    27     1    18
 -1.0298809376545653E-01 a       539     0    27     1    19
 -8.8996699534171636E-02 a       540     0    27     1    20
 -2.6979424480559205E-02 a       541     0    28     1     1
  3.0052358532679940E-02 a       542     0    28     1     2
  7.5812608678610935E-02 a       543     0    28     1     3
 -2.2313637061299491E-02 a       544     0    28     1     4
 -6.8000915673084132E-03 a       545     0    28     1     5
  2.0102476619996954E-02 a       546     0    28     1     6
 -3.1754480795358170E-02 a       547     0    28     1     7
  3.2375645561643192E-02 a       548     0    28     1     8
  6.5829844048803390E-02 a       549     0    28     1     9
 -3.3506353868521917E-02 a       550     0    28     1    10
 -1.0733814480750009E-03 a       551     0    28     1    11
  7.5713387804985890E-02 a       552     0    28     1    12
 -2.8407118333174764E-02 a       553     0    28     1    13
 -6.1191763848124983E-02 a       554     0    28     1    14
 -6.4633957977135309E-02 a       555     0    28     1    15
 -3.4490154483609266E-02 a       556     0    28     1    16
  8.3591204876020522E-02 a       557     0    28     1    17
  2.6035268840742878E-03 a       558     0    28     1    18
  2.9291336822780019E-02 a       559     0    28     1    19
 -1.7596879235811623E-03 a       560     0    28     1    20
 -1.2086222210412083E-01 a       561     0    29     1     1
  1.9631616051600544E-02 a       562     0    29     1     2
 -6.0171374482021249E-02 a       563     0    29     1     3
 -1.8953378496065799E-02 a       564     0    29     1     4
 -2.4067629310548042E-02 a       565     0    29     1     5
  3.4287069540553203E-02 a       566     0    29     1     6
 -5.0028660119712402E-02 a       567     0    29     1     7
  1.9500539579421144E-02 a       568     0    29     1     8
 -2.5284288562371020E-02 a       569     0    29     1     9
  2.0567163995550738E-02 a       570     0    29     1    10
  1.0229426040040410E-02 a       571     0    29     1    11
  1.2978148661292946E-02 a       572     0    29     1    12
  1.5085820670222710E-01 a       573     0    29     1    13
 -3.3877588684279023E-03 a       574     0    29     1    14
  1.1039672976726483E-01 a       575     0    29     1    15
  1.1132076672562449E-01 a       576     0    29     1    16
 -1.2785227034002336E-01 a       577     0    29     1    17
  2.7595847537198844E-02 a       578     0    29     1    18
 -1.0224324312969735E-01 a       579     0    29     1    19
 -6.4221344008664916E-02 a       580     0    29     1    20
 -5.2890545703359569E-02 a       581     0    30     1     1
  1.3429100880979787E-02 a       582     0    30     1     2
  1.6390570878105918E-02 a       583     0    30     1     3
 -2.8580791360062512E-02 a       584     0    30     1     4
 -1.9431685587068443E-02 a       585     0    30     1     5
  7.4801006855530119E-03 a       586     0    30     1     6
  1.3324961510184521E-02 a       587     0    30     1     7
 -9.1151264648574597E-04 a       588     0    30     1     8
 -3.6761896796818475E-02 a       589     0    30     1     9
  1.4031572401987755E-02 a       590     0    30     1    10
 -1.5241292965796960E-02 a       591     0    30     1    11
  4.8091081869928977E-02 a       592     0    30     1    12
  4.2991067115925659E-02 a       593     0    30     1    13
 -8.8809459021471757E-04 a       594     0    30     1    14
  1.2824705670866929E-01 a       595     0    30     1    15
  1.5441120491530742E-02 a       596     0    30     1    16
 -4.3090377635712843E-02 a       597     0    30     1    17
 -1.0012265991657229E-03 a       598     0    30     1    18
 -3.8586535392775346E-03 a       599     0    30     1    19
  1.1272067055915417E-02 a       600     0    30     1    20
  2.2616711077929902E-01 a       601     0    31     1     1
 -6.0911698645926438E-01 a       602     0    31     1     2
  2.6266542409164810E-02 a       603     0    31     1     3
 -1.8380622852100978E-01 a       604     0    31     1     4
 -3.1378728427942665E-01 a       605     0    31     1     5
  1.1601560590237975E-01 a       606     0    31     1     6
 -2.3729380625217761E-01 a       607     0    31     1     7
  6.1084422165009346E-02 a       608     0    31     1     8
  1.6324469246110701E-01 a       609     0    31     1     9
  3.6304743257711498E-02 a       610     0    31     1    10
 -1.5749944051912429E-01 a       611     0    31     1    11
  2.1523722505600867E-01 a       612     0    31     1    12
  2.8689781209372950E-01 a       613     0    31     1    13
  2.7348620893734543E-01 a       614     0    31     1    14
 -4.1028459269498010E-02 a       615     0    31     1    15
  6.3551704564110933E-01 a       616     0    31     1    16
  1.5968287253066057E-01 a       617     0    31     1    17
  6.7343868614483701E-02 a       618     0    31     1    18
  3.0749529975726105E-02 a       619     0    31     1    19
  3.1436317451600348E-03 a       620     0    31     1    20
 -7.6216567199432608E-02 a       621     0    32     1     1
  3.0577263787932563E-01 a       622     0    32     1     2
 -4.5805823042261516E-02 a       623     0    32     1     3
  1.4640623813763445E-01 a       624     0    32     1     4
 -1.4741348395666276E-01 a       625     0    32     1     5
 -2.7607856051251578E-01 a       626     0    32     1     6
  6.9726055093379133E-02 a       627     0    32     1     7
 -4.2560934155262381E-02 a       628     0    32     1     8
 -3.5780608572884087E-01 a       629     0    32     1     9
  1.0040565721133342E-01 a       630     0    32     1    10
  9.4348268497459462E-02 a       631     0    32     1    11
 -4.4170780998516790E-01 a       632     0    32     1    12
  1.5119954111003570E-01 a       633     0    32     1    13
  1.9162313377142715E-01 a       634     0    32     1    14
 -1.7945807980705522E-01 a       635     0    32     1    15
 -1.3146425566690992E-01 a       636     0    32     1    16
 -1.8802373484422397E-01 a       637     0    32     1    17
  2.5532856712688432E-02 a       638     0    32     1    18
 -2.1076298718528869E-01 a       639     0    32     1    19
  1.2535986412403852E-01 a       640     0    32     1    20
 -5.5611030393660929E-02 a       641     0    33     1     1
  1.1466435421419519E-01 a       642     0    33     1     2
 -5.4896133282415605E-02 a       643     0    33     1     3
 -1.2424874537716975E-01 a       644     0    33     1     4
  7.9155659072555493E-02 a       645     0    33     1     5
  5.3452989129487330E-02 a       646     0    33     1     6
  4.6812656568052599E-02 a       647     0    33     1     7
 -8.3519978703837219E-02 a       648     0    33     1     8
 -5.8152299284106257E-02 a       649     0    33     1     9
 -1.4598623477341252E-01 a       650     0    33     1    10
 -1.4733392065777415E-01 a       651     0    33     1    11
 -1.2321580137135120E-01 a       652     0    33     1    12
  1.3821209731389311E-01 a       653     0    33     1    13
 -9.0210382840691702E-02 a       654     0    33     1    14
  3.6631659521117532E-01 a       655     0    33     1    15
 -4.8121223478743119E-02 a       656     0    33     1    16
 -5.1868090149091078E-02 a       657     0    33     1    17
 -5.1303541278858417E-02 a       658     0    33     1    18
  2.8215152685764866E-01 a       659     0    33     1    19
 -1.9680817877721446E-01 a       660     0    33     1    20
 -1.0209604881819459E-01 a       661     0    34     1     1
  9.2437403460292278E-02 a       662     0    34     1     2
 -2.5151700202336699E-02 a       663     0    34     1     3
 -2.1620469871684539E-01 a       664     0    34     1     4
 -3.6485907981330182E-02 a       665     0    34     1     5
 -2.0466419699494209E-02 a       666     0    34     1     6
 -3.2459584957168069E-01 a       667     0    34     1     7
  1.1346299861840958E-01 a       668     0    34     1     8
  2.4609091004339625E-01 a       669     0    34     1     9
 -4.4447964215346546E-02 a       670     0    34     1    10
 -6.2804835880430926E-02 a       671     0    34     1    11
  2.7888401005739455E-01 a       672     0    34     1    12
 -1.4398352791568272E-01 a       673     0    34     1    13
 -2.6208525201193816E-01 a       674     0    34     1    14
  1.8121814046906651E-01 a       675     0    34     1    15
  3.9712040469063195E-02 a       676     0    34     1    16
  4.0887346687176335E-02 a       677     0    34     1    17
 -1.1657543750987338E-01 a       678     0    34     1    18
 -1.1474659045151347E-01 a       679     0    34     1    19
  1.5835386842888630E-02 a       680     0    34     1    20
 -1.0626428110242808E-01 a       681     0    35     1     1
  3.2317452746523416E-02 a       682     0    35     1     2
 -1.2430245752874641E-01 a       683     0    35     1     3
 -1.9478358879057386E-01 a       684     0    35     1     4
  4.9715777976581409E-02 a       685     0    35     1     5
  1.9393890346740708E-01 a       686     0    35     1     6
 -6.8637260044122239E-02 a       687     0    35     1     7
  1.0550779349937911E-01 a       688     0    35     1     8
 -3.3780638927512083E-02 a       689     0    35     1     9
  9.0839673861752721E-02 a       690     0    35     1    10
 -1.6229749756985204E-01 a       691     0    35     1    11
 -4.1330664902291391E-02 a       692     0    35     1    12
  1.9261221652398491E-01 a       693     0    35     1    13
 -1.2673448894193279E-01 a       694     0    35     1    14
  1.5610524051205976E-02 a       695     0    35     1    15
  5.3942418326223202E-03 a       696     0    35     1    16
 -1.7249398165019483E-01 a       697     0    35     1    17
 -4.2646796955306626E-02 a       698     0    35     1    18
 -2.5635871567141666E-01 a       699     0    35     1    19
  1.3999237330713571E-01 a       700     0    35     1    20
  1.2451199731720081E-01 a       701     0    36     1     1
  6.9556090573992715E-02 a       702     0    36     1     2
  1.0859422209855239E-01 a       703     0    36     1     3
  1.8863438581075784E-01 a       704     0    36     1     4
 -9.1147498373618935E-02 a       705     0    36     1     5
 -2.6860178834247644E-01 a       706     0    36     1     6
  2.3968727935967984E-01 a       707     0    36     1     7
 -8.3057586788127011E-02 a       708     0    36     1     8
  1.5609160090243496E-01 a       709     0    36     1     9
 -1.7615300445451124E-01 a       710     0    36     1    10
  2.5627070691683779E-01 a       711     0    36     1    11
 -3.6143682128620241E-01 a       712     0    36     1    12
 -3.4096671625666064E-01 a       713     0    36     1    13
 -2.4110133090597335E-01 a       714     0    36     1    14
  4.1510145092865013E-02 a       715     0    36     1    15
 -9.0820765974042907E-03 a       716     0    36     1    16
 -1.2626265497771896E-02 a       717     0    36     1    17
  7.3900704272720011E-02 a       718     0    36     1    18
 -2.0284182447117829E-01 a       719     0    36     1    19
 -7.9303857726153615E-02 a       720     0    36     1    20
  4.1519036779789525E-01 a       721     0    37     1     1
  1.1801916072844409E-01 a       722     0    37     1     2
 -1.6430879935298681E-01 a       723     0    37     1     3
 -2.4262021827831312E-01 a       724     0    37     1     4
  1.2128868292669347E-01 a       725     0    37     1     5
  3.7575879420454517E-01 a       726     0    37     1     6
 -1.5984618004084464E-01 a       727     0    37     1     7
  1.9711326321762659E-01 a       728     0    37     1     8
 -9.9119054322102884E-02 a       729     0    37     1     9
  5.4090460150376507E-01 a       730     0    37     1    10
 -5.4500947221470482E-02 a       731     0    37     1    11
  3.0406142336911862E-01 a       732     0    37     1    12
 -1.8239680109616754E-01 a       733     0    37     1    13
  1.2537985953914449E-01 a       734     0    37     1    14
 -1.1821150450263806E-02 a       735     0    37     1    15
 -2.5075009610531652E-02 a       736     0    37     1    16
  2.7396843894016365E-01 a       737     0    37     1    17
  1.2902982376891298E-02 a       738     0    37     1    18
 -2.8757227170258087E-01 a       739     0    37     1    19
  1.6912251238069817E-01 a       740     0    37     1    20
  1.9152229720130279E-01 a       741     0    38     1     1
 -5.5337202302858192E-02 a       742     0    38     1     2
  7.6942082411739693E-02 a       743     0    38     1     3
  1.1170184581997489E-01 a       744     0    38     1     4
  1.0018201569964708E-01 a       745     0    38     1     5
 -3.3587785326025782E-01 a       746     0    38     1     6
 -1.9598549785629218E-01 a       747     0    38     1     7
  5.6022517985396578E-02 a       748     0    38     1     8
 -1.3157559348422881E-01 a       749     0    38     1     9
  4.4525623221267109E-02 a       750     0    38     1    10
  1.0276404768731326E-01 a       751     0    38     1    11
 -1.0006608236224833E-01 a       752     0    38     1    12
  1.0749073271195210E-01 a       753     0    38     1    13
  1.2888237246071732E-01 a       754     0    38     1    14
 -1.8044113085306018E-01 a       755     0    38     1    15
 -4.3722322326596959E-02 a       756     0    38     1    16
 -2.8058631014241681E-01 a       757     0    38     1    17
  1.3588453934491440E-01 a       758     0    38     1    18
 -2.1477866938267975E-01 a       759     0    38     1    19
 -1.5957920759119146E-02 a       760     0    38     1    20
 -3.2063166113930253E-01 a       761     0    39     1     1
 -6.5305817858432522E-02 a       762     0    39     1     2
 -4.3603114184733782E-02 a       763     0    39     1     3
  3.4690971902330764E-01 a       764     0    39     1     4
  2.3435799887335412E-01 a       765     0    39     1     5
  2.2091038947478872E-01 a       766     0    39     1     6
  3.4239918016122911E-01 a       767     0    39     1     7
 -9.4403402570201272E-02 a       768     0    39     1     8
 -2.7523322554793067E-01 a       769     0    39     1     9
 -1.3157051067861289E-01 a       770     0    39     1    10
  1.1235138425633069E-01 a       771     0    39     1    11
 -2.5647485798434738E-01 a       772     0    39     1    12
  2.4533282265072182E-01 a       773     0    39     1    13
  1.6060872932815873E-01 a       774     0    39     1    14
 -1.5285592040943338E-01 a       775     0    39     1    15
 -1.3795639521435071E-01 a       776     0    39     1    16
 -5.7849023468745320E-02 a       777     0    39     1    17
  2.3687234882206795E-01 a       778     0    39     1    18
  7.3111263801744888E-02 a       779     0    39     1    19
 -1.1909933397930872E-01 a       780     0    39     1    20
  1.9298424763312275E-01 a       781     0    40     1     1
  1.1439571765259636E-01 a       782     0    40     1     2
 -2.6673502727473698E-04 a       783     0    40     1     3
  2.0506707248020656E-01 a       784     0    40     1     4
  9.4992252184953330E-02 a       785     0    40     1     5
  8.4950841024913556E-02 a       786     0    40     1     6
 -1.1679955427116172E-01 a       787     0    40     1     7
  3.8292887911936416E-03 a       788     0    40     1     8
  1.0970885222611390E-01 a       789     0    40     1     9
 -1.0565499829879159E-01 a       790     0    40     1    10
  2.2418810270324674E-01 a       791     0    40     1    11
  7.1094332562404355E-02 a       792     0    40     1    12
 -1.7683649214823097E-01 a       793     0    40     1    13
  1.1933146687504359E-01 a       794     0    40     1    14
 -1.9283927116921004E-01 a       795     0    40     1    15
 -1.0620243532347631E-01 a       796     0    40     1    16
  4.0403820597145701E-01 a       797     0    40     1    17
  1.8874823867993853E-01 a       798     0    40     1    18
  1.6284793429505598E-01 a       799     0    40     1    19
  7.8086133170683553E-02 a       800     0    40     1    20
 -2.2488076315828787E-01 a       801     0    41     1     1
  1.7950817919847945E-02 a       802     0    41     1     2
  9.5062525144254853E-02 a       803     0    41     1     3
  2.4765265207076806E-01 a       804     0    41     1     4
  1.4047967860977253E-01 a       805     0    41     1     5
  1.3158129565150900E-01 a       806     0    41     1     6
  1.6801084380314971E-01 a       807     0    41     1     7
 -3.4162727769953533E-01 a       808     0    41     1     8
  3.0173424340048521E-01 a       809     0    41     1     9
  2.3377460966027250E-01 a       810     0    41     1    10
  2.2073232742348098E-01 a       811     0    41     1    11
  1.4993426584908676E-01 a       812     0    41     1    12
  1.3432365784072561E-01 a       813     0    41     1    13
 -8.2322594943680549E-02 a       814     0    41     1    14
 -1.1228091772937997E-01 a       815     0    41     1    15
  2.8964794150867229E-01 a       816     0    41     1    16
 -1.1034170927086497E-01 a       817     0    41     1    17
  7.0348223258728221E-02 a       818     0    41     1    18
  1.8399926242746928E-01 a       819     0    41     1    19
 -3.0830814268289628E-02 a       820     0    41     1    20
  3.7582625781241175E-01 a       821     0    42     1     1
  2.8332387334882532E-02 a       822     0    42     1     2
 -1.7305778484457013E-01 a       823     0    42     1     3
 -1.9940961345572661E-01 a       824     0    42     1     4
 -9.7248540880543730E-02 a       825     0    42     1     5
 -3.4251627138048402E-01 a       826     0    42     1     6
 -1.9169904450008982E-01 a       827     0    42     1     7
  2.3432500301484921E-01 a       828     0    42     1     8
 -1.8506201841193309E-01 a       829     0    42     1     9
 -2.7638016263370369E-02 a       830     0    42     1    10
 -1.3675543570460036E-01 a       831     0    42     1    11
  4.0609504187693081E-03 a       832     0    42     1    12
 -9.0369423064021051E-04 a       833     0    42     1    13
 -3.7403981706703490E-02 a       834     0    42     1    14
  1.4598231766406383E-01 a       835     0    42     1    15
 -1.1542938483201259E-01 a       836     0    42     1    16
 -7.0667505157537683E-02 a       837     0    42     1    17
  1.2662968178989170E-01 a       838     0    42     1    18
 -1.3717265220171988E-02 a       839     0    42     1    19
  1.1680115089260852E-01 a       840     0    42     1    20
 -2.6578161423594020E-02 a       841     0    43     1     1
  3.0280508147488165E-02 a       842     0    43     1     2
 -4.3455719107227758E-02 a       843     0    43     1     3
  5.7269106973606168E-02 a       844     0    43     1     4
  2.6390483042555611E-02 a       845     0    43     1     5
  1.2896021319051990E-01 a       846     0    43     1     6
  1.9035331734171748E-01 a       847     0    43     1     7
 -4.8518107419344585E-02 a       848     0    43     1     8
  1.7152078428983824E-03 a       849     0    43     1     9
  3.5236692486952777E-02 a       850     0    43     1    10
  4.4119303981992292E-02 a       851     0    43     1    11
 -1.7263574786632116E-01 a       852     0    43     1    12
  7.1614366433184751E-02 a       853     0    43     1    13
 -6.4231824750503014E-02 a       854     0    43     1    14
  2.0992515921007945E-01 a       855     0    43     1    15
  5.1303656790072656E-02 a       856     0    43     1    16
 -2.5451376803730336E-01 a       857     0    43     1    17
 -9.6284860417791676E-02 a       858     0    43     1    18
 -6.0689548963238131E-02 a       859     0    43     1    19
 -2.2655237587458407E-02 a       860     0    43     1    20
 -1.8050003062276915E-01 a       861     0    44     1     1
  6.0139333177389120E-02 a       862     0    44     1     2
  6.7011061572280872E-02 a       863     0    44     1     3
 -2.6930094722910414E-02 a       864     0    44     1     4
  1.1306677171083858E-01 a       865     0    44     1     5
  1.3118077618317060E-02 a       866     0    44     1     6
  1.5845990993737469E-01 a       867     0    44     1     7
 -1.3885040278380345E-01 a       868     0    44     1     8
 -9.4477166466767001E-03 a       869     0    44     1     9
 -1.3587250947385415E-02 a       870     0    44     1    10
 -5.2637273503158381E-02 a       871     0    44     1    11
  9.0118620868912480E-02 a       872     0    44     1    12
  1.3595456751860677E-01 a       873     0    44     1    13
 -9.6970425310249561E-02 a       874     0    44     1    14
  2.4393897499756381E-01 a       875     0    44     1    15
  1.9156999169225124E-02 a       876     0    44     1    16
 -1.1449770293537807E-01 a       877     0    44     1    17
  2.2246319500132238E-02 a       878     0    44     1    18
  2.4411044503009788E-01 a       879     0    44     1    19
 -5.2572533197001975E-02 a       880     0    44     1    20
 -3.6838305158028301E-02 a       881     0    45     1     1
  1.5117911088156842E-02 a       882     0    45     1     2
  1.3382156770978548E-01 a       883     0    45     1     3
  9.8896211942201009E-02 a       884     0    45     1     4
  1.2785652362972867E-02 a       885     0    45     1     5
  9.3041693811486262E-02 a       886     0    45     1     6
 -1.1246535356227561E-01 a       887     0    45     1     7
 -1.8597955887735048E-02 a       888     0    45     1     8
  4.2712259531070162E-02 a       889     0    45     1     9
  3.7563990944125790E-02 a       890     0    45     1    10
  1.1609858799728641E-01 a       891     0    45     1    11
 -1.9393742634134636E-01 a       892     0    45     1    12
  3.2157874825295828E-02 a       893     0    45     1    13
  5.5519961524204610E-02 a       894     0    45     1    14
 -3.8159594887177142E-02 a       895     0    45     1    15
  6.0477093868486001E-02 a       896     0    45     1    16
  9.2943811958565298E-02 a       897     0    45     1    17
  1.1882287900777434E-01 a       898     0    45     1    18
 -9.9349505814303837E-02 a       899     0    45     1    19
 -3.6177372655498370E-02 a       900     0    45     1    20
 -3.2622160854483290E-01 a       901     0    46     1     1
 -3.0824445025182372E-02 a       902     0    46     1     2
  3.5153301553880079E-02 a       903     0    46     1     3
  2.5841138426410765E-01 a       904     0    46     1     4
  7.2182717574477528E-02 a       905     0    46     1     5
  7.2909935088967634E-02 a       906     0    46     1     6
 -2.8608044267452298E-01 a       907     0    46     1     7
  9.4797872059638910E-02 a       908     0    46     1     8
 -5.7702873716633109E-02 a       909     0    46     1     9
  1.6313225381415911E-01 a       910     0    46     1    10
  1.6825566535740577E-02 a       911     0    46     1    11
  4.1938416727151911E-03 a       912     0    46     1    12
  1.5388887204156891E-02 a       913     0    46     1    13
  1.1485331030401255E-01 a       914     0    46     1    14
  6.3777003799096094E-02 a       915     0    46     1    15
  1.2696974910443265E-01 a       916     0    46     1    16
  2.8298202295125984E-02 a       917     0    46     1    17
  1.4835979180158998E-01 a       918     0    46     1    18
 -2.8669371530409556E-02 a       919     0    46     1    19
 -3.9015163499188363E-02 a       920     0    46     1    20
 -2.2661199886968322E-01 a       921     0    47     1     1
 -1.7062244238636101E-01 a       922     0    47     1     2
 -3.0073021980571274E-01 a       923     0    47     1     3
 -5.1250158130304124E-01 a       924     0    47     1     4
 -5.0883721583651356E-02 a       925     0    47     1     5
  1.1334323665473686E-01 a       926     0    47     1     6
 -3.3587491590965503E-02 a       927     0    47     1     7
 -2.4457153892726405E-01 a       928     0    47     1     8
  7.1490311007395030E-02 a       929     0    47     1     9
  3.1679548787146891E-02 a       930     0    47     1    10
  1.9657572295519643E-01 a       931     0    47     1    11
  2.5184034177254155E-01 a       932     0    47     1    12
  4.2166304905583546E-01 a       933     0    47     1    13
  4.7729586766023280E-01 a       934     0    47     1    14
  5.9675469731251145E-02 a       935     0    47     1    15
  1.9959425765479311E-01 a       936     0    47     1    16
 -2.9240476646616415E-01 a       937     0    47     1    17
 -1.9695006793353134E-01 a       938     0    47     1    18
 -1.3627353405093445E-01 a       939     0    47     1    19
 -8.5389747029293389E-02 a       940     0    47     1    20
  5.9184797340485588E-02 a       941     0    48     1     1
 -1.0720991437314338E-01 a       942     0    48     1     2
 -6.8534297859655965E-02 a       943     0    48     1     3
 -2.2286686137692932E-01 a       944     0    48     1     4
  6.6319281707253944E-02 a       945     0    48     1     5
  3.7723442843004884E-01 a       946     0    48     1     6
 -1.6318691106048161E-01 a       947     0    48     1     7
  1.0688410111108074E-01 a       948     0    48     1     8
  1.5655646694455697E-01 a       949     0    48     1     9
 -1.1840867639871556E-01 a       950     0    48     1    10
 -1.9131248834705011E-01 a       951     0    48     1    11
  2.1334379325497169E-01 a       952     0    48     1    12
  4.9183516376523191E-02 a       953     0    48     1    13
  1.4294757508277647E-01 a       954     0    48     1    14
  2.8470155512778161E-01 a       955     0    48     1    15
 -3.8679500575726798E-02 a       956     0    48     1    16
  4.2122506120932879E-01 a       957     0    48     1    17
  2.3000838692632763E-02 a       958     0    48     1    18
  9.7771973195852346E-02 a       959     0    48     1    19
 -2.7495573656461653E-01 a       960     0    48     1    20
  3.3062510401660822E-01 a       961     0    49     1     1
  7.1380141733477148E-02 a       962     0    49     1     2
  1.4462817570790121E-01 a       963     0    49     1     3
  6.9930351350439415E-02 a       964     0    49     1     4
 -2.0967780413862474E-02 a       965     0    49     1     5
  7.6482408263005092E-02 a       966     0    49     1     6
 -3.1252184035178703E-02 a       967     0    49     1     7
  9.5893696160318467E-02 a       968     0    49     1     8
  2.0556664624359888E-01 a       969     0    49     1     9
  1.1907943788575842E-02 a       970     0    49     1    10
 -2.8605840944431794E-02 a       971     0    49     1    11
 -1.6761445290536964E-01 a       972     0    49     1    12
 -1.8033634389050671E-01 a       973     0    49     1    13
 -1.6217130148491726E-01 a       974     0    49     1    14
 -9.8463697580800660E-02 a       975     0    49     1    15
 -3.6822624134652933E-02 a       976     0    49     1    16
 -1.0464010531340173E-02 a       977     0    49     1    17
 -2.5552238422393098E-01 a       978     0    49     1    18
 -3.8187603487402251E-02 a       979     0    49     1    19
 -1.6507913361395041E-02 a       980     0    49     1    20
 -1.9392137419239894E-01 a       981     0    50     1     1
 -1.2479470864669655E-02 a       982     0    50     1     2
  5.0084604332303613E-02 a       983     0    50     1     3
  6.1373839448063405E-02 a       984     0    50     1     4
 -5.6330886168030156E-02 a       985     0    50     1     5
  2.1491229577897281E-01 a       986     0    50     1     6
  1.2464277490829272E-01 a       987     0    50     1     7
 -7.2263576275307870E-03 a       988     0    50     1     8
 -1.1702392477684417E-01 a       989     0    50     1     9
  1.1300122636488896E-01 a       990     0    50     1    10
 -3.1114262628151236E-02 a       991     0    50     1    11
 -1.1176483888067990E-01 a       992     0    50     1    12
 -2.3535527415976057E-01 a       993     0    50     1    13
 -5.4517643744130935E-02 a       994     0    50     1    14
  2.8237867806106959E-01 a       995     0    50     1    15
  1.1439813703822129E-02 a       996     0    50     1    16
 -1.1578915972121409E-01 a       997     0    50     1    17
 -3.3017689456335680E-01 a       998     0    50     1    18
 -1.9180076901202081E-01 a       999     0    50     1    19
  6.5873555085791236E-02 a      1000     0    50     1    20
  1.1572181168470494E+00 b      1001     1     1
 -2.9075718921604826E-01 b      1002     1     2
 -1.4244185086708208E+00 b      1003     1     3
  1.9999703909130440E-01 b      1004     1     4
  2.4570159753628590E-01 b      1005     1     5
 -1.1478381562115503E+00 b      1006     1     6
 -1.2377516153111048E+00 b      1007     1     7
 -3.4361559599707442E-01 b      1008     1     8
 -1.0548374041460100E+00 b      1009     1     9
 -1.1115094043861057E-01 b      1010     1    10
  7.3068456354012804E-03 b      1011     1    11
  1.3135880509502962E+00 b      1012     1    12
  1.2300194816676788E+00 b      1013     1    13
  9.3999883864292355E-01 b      1014     1    14
  1.5849137335805008E+00 b      1015     1    15
  6.3223806166479518E-02 b      1016     1    16
 -1.2756245152168924E+00 b      1017     1    17
  1.6912315000465896E+00 b      1018     1    18
 -6.9829922640931441E-01 b      1019     1    19
 -2.0240826624794075E-01 b      1020     1    20
  4.2377764480047325E-01 a      1021     1     1     2     1
 -2.3018526716300530E-01 a      1022     1     1     2     2
 -1.8106826752272417E-01 a      1023     1     1     2     3
  4.7441617034198741E-01 a      1024     1     1     2     4
  2.2326365271912837E-01 a      1025     1     1     2     5
 -5.0624167845927381E-01 a      1026     1     1     2     6
 -6.7788289667377344E-01 a      1027     1     1     2     7
 -3.8712207877504967E-01 a      1028     1     1     2     8
  5.7922610452766110E-01 a      1029     1     1     2     9
 -2.5122628339183334E-01 a      1030     1     1     2    10
 -2.0837254957756185E-01 a      1031     1     1     2    11
  4.8500474900910018E-01 a      1032     1     1     2    12
 -2.9469988140136738E-01 a      1033     1     1     2    13
  2.8072248775935693E-01 a      1034     1     1     2    14
 -3.6855097959748367E-02 a      1035     1     1     2    15
  4.2764441848309798E-01 a      1036     1     1     2    16
 -7.1282331452891379E-01 a      1037     1     1     2    17
  1.0522162180583788E-01 a      1038     1     1     2    18
  4.0922462361282830E-01 a      1039     1     1     2    19
 -4.7442304445024780E-01 a      1040     1     1     2    20
  1.1690672523875233E-01 a      1041     1     2     2     1
 -5.2615652761956855E-01 a      1042     1     2     2     2
  8.8249952315462787E-01 a      1043     1     2     2     3
  3.1192075194842700E-01 a      1044     1     2     2     4
  5.1698870518245921E-01 a      1045     1     2     2     5
  4.1690235393349401E-01 a      1046     1     2     2     6
 -6.1374260190382679E-01 a      1047     1     2     2     7
 -5.8977166539762971E-01 a      1048     1     2     2     8
 -3.8919820437604646E-01 a      1049     1     2     2     9
 -3.4897226407421311E-01 a      1050     1     2     2    10
 -1.2033084050101904E-01 a      1051     1     2     2    11
  2.1735625524331451E-01 a      1052     1     2     2    12
 -3.7325153935173661E-01 a      1053     1     2     2    13
 -6.4692582605791460E-01 a      1054     1     2     2    14
  6.5713145667809492E-01 a      1055     1     2     2    15
  2.6118721244853271E-01 a      1056     1     2     2    16
 -4.4004133633980863E-01 a      1057     1     2     2    17
  2.0105912015397082E-01 a      1058     1     2     2    18
 -1.4599148281945883E-02 a      1059     1     2     2    19
 -2.1712732710137875E-01 a      1060     1     2     2    20
  3.4414214580327457E-01 a      1061     1     3     2     1
  1.3662511746754999E-01 a      1062     1     3     2     2
  2.3628462342873491E-01 a      1063     1     3     2     3
 -3.1989569609082780E-01 a      1064     1     3     2     4
  3.1305737490612473E-01 a      1065     1     3     2     5
 -3.3457848501642456E-01 a      1066     1     3     2     6
 -1.8267360257399967E-01 a      1067     1     3     2     7
 -5.9609868597582094E-01 a      1068     1     3     2     8
 -1.2989072321031414E-01 a      1069     1     3     2     9
  7.9168413790651204E-03 a      1070     1     3     2    10
 -1.3952408021206533E-01 a      1071     1     3     2    11
  1.1577286258952241E-01 a      1072     1     3     2    12
  9.0380007950065899E-02 a      1073     1     3     2    13
 -3.7238545905919479E-01 a      1074     1     3     2    14
  2.1981851087115101E-01 a      1075     1     3     2    15
 -3.8424519804528906E-01 a      1076     1     3     2    16
  4.6389498990465761E-01 a      1077     1     3     2    17
  5.0571151394204250E-01 a      1078     1     3     2    18
  5.0068013315349980E-01 a      1079     1     3     2    19
 -1.5701306556137920E-01 a      1080     1     3     2    20
 -1.1566744758368631E-01 a      1081     1     4     2     1
 -4.6153020417502560E-01 a      1082     1     4     2     2
  5.3844745344198941E-01 a      1083     1     4     2     3
 -7.9430889587369413E-01 a      1084     1     4     2     4
  1.7836718710105270E-01 a      1085     1     4     2     5
 -3.6027934948984497E-01 a      1086     1     4     2     6
  6.0189350851521528E-01 a      1087     1     4     2     7
  5.0296960955480463E-01 a      1088     1     4     2     8
 -3.6722863106022213E-01 a      1089     1     4     2     9
 -4.7500060658333632E-01 a      1090     1     4     2    10
  7.5878083973325194E-01 a      1091     1     4     2    11
  2.7917238789579840E-01 a      1092     1     4     2    12
 -2.2109200027151338E-01 a      1093     1     4     2    13
  1.0086054389799169E-01 a      1094     1     4     2    14
  4.6839232905096834E-01 a      1095     1     4     2    15
 -3.3405067273627370E-01 a      1096     1     4     2    16
  4.3829851043581025E-01 a      1097     1     4     2    17
  5.7065257430812233E-01 a      1098     1     4     2    18
  3.9454549678841055E-01 a      1099     1     4     2    19
 -3.2039328707514275E-01 a      1100     1     4     2    20
 -2.6952132947184231E-02 a      1101     1     5     2     1
  5.2142114809060913E-01 a      1102     1     5     2     2
 -6.3707829225481627E-01 a      1103     1     5     2     3
  8.9274455039366407E-01 a      1104     1     5     2     4
 -4.1272172861672046E-01 a      1105     1     5     2     5
 -2.4406213089509290E-01 a      1106     1     5     2     6
 -3.6597674872630775E-01 a      1107     1     5     2     7
  2.3150837695824955E-01 a      1108     1     5     2     8
 -2.5682853372522940E-01 a      1109     1     5     2     9
  6.8918397355589489E-01 a      1110     1     5     2    10
  1.4116488372515945E-01 a      1111     1     5     2    11
 -6.2874075169110066E-01 a      1112     1     5     2    12
  2.7188331673375499E-01 a      1113     1     5     2    13
  7.4099004216660436E-01 a      1114     1     5     2    14
 -4.5451807959768620E-01 a      1115     1     5     2    15
  2.0666838243969313E-01 a      1116     1     5     2    16
  2.8119608659715273E-01 a      1117     1     5     2    17
  3.6490138176103382E-01 a      1118     1     5     2    18
 -5.7645032476789249E-01 a      1119     1     5     2    19
  5.7378507228283282E-01 a      1120     1     5     2    20
  1.2963043307546027E-01 a      1121     1     6     2     1
 -2.1075388565497857E-01 a      1122     1     6     2     2
  3.5339010424620058E-02 a      1123     1     6     2     3
  1.4414699275302259E-01 a      1124     1     6     2     4
 -3.0456997619284554E-01 a      1125     1     6     2     5
  2.0722719349237639E-01 a      1126     1     6     2     6
 -3.1365187813340956E-01 a      1127     1     6     2     7
  1.9682651890327330E-01 a      1128     1     6     2     8
  1.7094908882812568E-01 a      1129     1     6     2     9
  8.9241945211789298E-02 a      1130     1     6     2    10
  4.8509633515135675E-01 a      1131     1     6     2    11
 -4.2940548911084880E-01 a      1132     1     6     2    12
 -5.2059145174345234E-01 a      1133     1     6     2    13
  3.6495891844293922E-02 a      1134     1     6     2    14
  5.4887087648581923E-01 a      1135     1     6     2    15
 -4.3936413896796173E-02 a      1136     1     6     2    16
  4.0125964187107283E-01 a      1137     1     6     2    17
  2.9228310783050104E-01 a      1138     1     6     2    18
 -3.4774236268343522E-01 a      1139     1     6     2    19
 -4.6103507625718643E-01 a      1140     1     6     2    20
  4.7749589275486665E-01 a      1141     1     7     2     1
  1.0423266861103427E-01 a      1142     1     7     2     2
  2.7816113029042026E-02 a      1143     1     7     2     3
  3.7977694524470740E-01 a      1144     1     7     2     4
  1.1124463662108539E-02 a      1145     1     7     2     5
 -5.6522246984058522E-01 a      1146     1     7     2     6
  1.2240685811342084E-01 a      1147     1     7     2     7
  4.4369145410124144E-01 a      1148     1     7     2     8
  8.8497189437013214E-03 a      1149     1     7     2     9
  5.3200031461596541E-02 a      1150     1     7     2    10
  2.7831043589596471E-01 a      1151     1     7     2    11
 -1.5296208732270361E-01 a      1152     1     7     2    12
  1.6903469105721178E-01 a      1153     1     7     2    13
 -2.3164330714086176E-01 a      1154     1     7     2    14
 -5.9306833163342809E-01 a      1155     1     7     2    15
  9.8945522117377796E-02 a      1156     1     7     2    16
 -3.0589983626606476E-01 a      1157     1     7     2    17
  4.4809577658840444E-01 a      1158     1     7     2    18
 -1.8567141202795395E-01 a      1159     1     7     2    19
  5.2350210925955543E-01 a      1160     1     7     2    20
 -5.7029504489393623E-01 a      1161     1     8     2     1
 -6.0901112260813306E-01 a      1162     1     8     2     2
 -2.2148759305420185E-01 a      1163     1     8     2     3
  6.4694041050587708E-02 a      1164     1     8     2     4
  1.9915059697706333E-01 a      1165     1     8     2     5
  4.9763953092246405E-01 a      1166     1     8     2     6
  1.7353011450187830E-01 a      1167     1     8     2     7
  6.1112158460761734E-02 a      1168     1     8     2     8
  5.2376374505770340E-01 a      1169     1     8     2     9
 -4.7835955179995010E-01 a      1170     1     8     2    10
  1.8967016859753111E-01 a      1171     1     8     2    11
 -2.5492424639286404E-01 a      1172     1     8     2    12
  2.5174373925461346E-01 a      1173     1     8     2    13
  3.3547558660370802E-01 a      1174     1     8     2    14
 -4.2394425944860753E-01 a      1175     1     8     2    15
  2.3133468865745546E-01 a      1176     1     8     2    16
 -2.5976405197988911E-01 a      1177     1     8     2    17
  9.2354872815166841E-02 a      1178     1     8     2    18
 -2.5999339654121756E-01 a      1179     1     8     2    19
 -2.4456034510717847E-01 a      1180     1     8     2    20
 -5.0581382562795474E-01 a      1181     1     9     2     1
 -5.7688761785239073E-01 a      1182     1     9     2     2
  1.2185309063461355E-01 a      1183     1     9     2     3
 -3.3057769922557423E-01 a      1184     1     9     2     4
  4.2111571440864398E-01 a      1185     1     9     2     5
  5.1544279964072881E-01 a      1186     1     9     2     6
  1.7257135437755292E-01 a      1187     1     9     2     7
  2.1930424511088062E-01 a      1188     1     9     2     8
 -1.2094335436694367E-01 a      1189     1     9     2     9
  2.3414488762861763E-01 a      1190     1     9     2    10
  2.2133806092738081E-01 a      1191     1     9     2    11
  4.4427346865597439E-01 a      1192     1     9     2    12
  6.6465070480693578E-01 a      1193     1     9     2    13
 -3.7077392790528957E-01 a      1194     1     9     2    14
  1.7488296805939141E-01 a      1195     1     9     2    15
  2.1477826707643977E-02 a      1196     1     9     2    16
 -6.9449662611800952E-02 a      1197     1     9     2    17
 -5.5171992165723416E-01 a      1198     1     9     2    18
 -1.0408791377448290E-02 a      1199     1     9     2    19
  4.0962260542317613E-01 a      1200     1     9     2    20
 -5.2749091937586157E-01 a      1201     1    10     2     1
 -3.3622342149309620E-01 a      1202     1    10     2     2
 -2.9328655779062751E-01 a      1203     1    10     2     3
 -5.8218461161218671E-01 a      1204     1    10     2     4
 -4.6540093661325888E-01 a      1205     1    10     2     5
 -2.2103733637851594E-01 a      1206     1    10     2     6
 -5.0039034221423906E-01 a      1207     1    10     2     7
 -3.6070899549246088E-01 a      1208     1    10     2     8
  4.1685970232557107E-01 a      1209     1    10     2     9
 -5.9353731911990105E-03 a      1210     1    10     2    10
 -2.7859796620628718E-01 a      1211     1    10     2    11
  3.3618881911764931E-01 a      1212     1    10     2    12
 -1.4016064693593283E-01 a      1213     1    10     2    13
 -5.9117777508126457E-01 a      1214     1    10     2    14
 -2.1219190314748313E-03 a      1215     1    10     2    15
  1.7639182052350319E-01 a      1216     1    10     2    16
 -5.0407289769927754E-01 a      1217     1    10     2    17
 -1.9600068309914123E-01 a      1218     1    10     2    18
  4.5278487387399896E-01 a      1219     1    10     2    19
  9.0894797932341634E-02 a      1220     1    10     2    20
  4.2086975290222400E-01 a      1221     1    11     2     1
  7.2043753054911419E-01 a      1222     1    11     2     2
 -1.5599895521480209E-01 a      1223     1    11     2     3
 -9.5974934018570268E-02 a      1224     1    11     2     4
  4.7156256566093979E-01 a      1225     1    11     2     5
  1.5861644735581334E-01 a      1226     1    11     2     6
 -2.0155562487712708E-01 a      1227     1    11     2     7
  1.3824841546954313E-02 a      1228     1    11     2     8
  2.5543811736026162E-01 a      1229     1    11     2     9
 -2.8850977408127776E-01 a      1230     1    11     2    10
 -4.8441247240414470E-01 a      1231     1    11     2    11
  2.5196621548901016E-01 a      1232     1    11     2    12
  3.3558583668739983E-01 a      1233     1    11     2    13
 -2.8537563038590872E-02 a      1234     1    11     2    14
 -1.9853199967272364E-01 a      1235     1    11     2    15
 -4.7552413379493758E-01 a      1236     1    11     2    16
  2.7009105431791031E-01 a      1237     1    11     2    17
 -7.0934781978406303E-01 a      1238     1    11     2    18
 -4.0974548093325236E-01 a      1239     1    11     2    19
  2.5204230394335847E-01 a      1240     1    11     2    20
  3.6108745904382727E-01 a      1241     1    12     2     1
  4.9933336137688696E-02 a      1242     1    12     2     2
  4.4239812170484472E-01 a      1243     1    12     2     3
  6.9976249929832271E-02 a      1244     1    12     2     4
 -1.6377373581920082E-01 a      1245     1    12     2     5
 -5.0989952010225048E-01 a      1246     1    12     2     6
 -3.1349653921148357E-01 a      1247     1    12     2     7
 -4.9107114075644098E-01 a      1248     1    12     2     8
  5.6799438679855085E-01 a      1249     1    12     2     9
 -3.5121769627075194E-01 a      1250     1    12     2    10
 -5.4584470539975824E-02 a      1251     1    12     2    11
  3.5996166835363663E-01 a      1252     1    12     2    12
 -9.5542057377949879E-02 a      1253     1    12     2    13
 -1.6539760081770427E-01 a      1254     1    12     2    14
 -4.4546327527321877E-02 a      1255     1    12     2    15
 -4.7772848708251159E-01 a      1256     1    12     2    16
 -2.1669000786076583E-02 a      1257     1    12     2    17
 -2.3601456816549710E-01 a      1258     1    12     2    18
 -5.1251492401327237E-01 a      1259     1    12     2    19
 -1.7896094315127847E-01 a      1260     1    12     2    20
 -1.5122087393562292E-01 a      1261     1    13     2     1
  3.9734180526854214E-02 a      1262     1    13     2     2
  2.3316600026160120E-01 a      1263     1    13     2     3
 -2.4161178302568195E-01 a      1264     1    13     2     4
  2.9722017413749396E-01 a      1265     1    13     2     5
  2.7502043490318417E-01 a      1266     1    13     2     6
  1.0223114673745216E-01 a      1267     1    13     2     7
 -1.7630977775694867E-01 a      1268     1    13     2     8
  2.7691951384490243E-01 a      1269     1    13     2     9
  9.1102162867634034E-02 a      1270     1    13     2    10
  3.9920788327690587E-01 a      1271     1    13     2    11
  3.1705020875516304E-01 a      1272     1    13     2    12
  1.3367020017722556E-01 a      1273     1    13     2    13
  3.7219678851588467E-01 a      1274     1    13     2    14
  1.4481918327686824E-01 a      1275     1    13     2    15
 -1.9740255875042703E-01 a      1276     1    13     2    16
 -1.5817606646095222E-01 a      1277     1    13     2    17
  1.2773904950885440E-01 a      1278     1    13     2    18
 -4.3955416721756335E-01 a      1279     1    13     2    19
 -1.1048055206768101E-01 a      1280     1    13     2    20
  4.7072284108779094E-01 a      1281     1    14     2     1
 -9.2149855543847331E-02 a      1282     1    14     2     2
 -4.0556034358614929E-01 a      1283     1    14     2     3
 -1.2508843043167353E-01 a      1284     1    14     2     4
  4.0114557457731692E-01 a      1285     1    14     2     5
 -1.9395646691852195E-01 a      1286     1    14     2     6
  3.1144237805407499E-01 a      1287     1    14     2     7
  1.5037178077789090E-01 a      1288     1    14     2     8
 -4.9702596460957171E-01 a      1289     1    14     2     9
 -6.5596483651998228E-01 a      1290     1    14     2    10
  2.5528715902762378E-01 a      1291     1    14     2    11
  3.7057549743441442E-01 a      1292     1    14     2    12
  3.5093042061839314E-01 a      1293     1    14     2    13
 -2.4517417736785885E-01 a      1294     1    14     2    14
  2.5774228898454196E-02 a      1295     1    14     2    15
  7.7675977041222111E-01 a      1296     1    14     2    16
 -2.4946807367098001E-01 a      1297     1    14     2    17
 -1.9599174470601149E-02 a      1298     1    14     2    18
 -1.8379240237344446E-01 a      1299     1    14     2    19
  5.6857787316569486E-01 a      1300     1    14     2    20
 -4.2127048321596733E-01 a      1301     1    15     2     1
  5.6625817400336409E-01 a      1302     1    15     2     2
 -3.6979383549375459E-02 a      1303     1    15     2     3
  6.6632428678443223E-01 a      1304     1    15     2     4
  2.4342910554757666E-01 a      1305     1    15     2     5
 -3.7652342451910886E-01 a      1306     1    15     2     6
  1.3160365443732681E-02 a      1307     1    15     2     7
  1.6970421303045047E-01 a      1308     1    15     2     8
 -4.3697786177085401E-01 a      1309     1    15     2     9
  9.3118234894396315E-02 a      1310     1    15     2    10
  6.1752172807683214E-01 a      1311     1    15     2    11
  8.2496024300088663E-02 a      1312     1    15     2    12
  1.5236659599118263E-01 a      1313     1    15     2    13
  2.3820455897734394E-01 a      1314     1    15     2    14
  8.7990057593431559E-01 a      1315     1    15     2    15
  6.4673994285485470E-01 a      1316     1    15     2    16
  3.0666205287560411E-01 a      1317     1    15     2    17
 -5.1180743782921423E-01 a      1318     1    15     2    18
 -3.8725727130302384E-01 a      1319     1    15     2    19
  5.6002611832274052E-01 a      1320     1    15     2    20
 -9.3471977845972817E-02 a      1321     1    16     2     1
 -6.8613775744710936E-01 a      1322     1    16     2     2
 -1.7519704213865522E-01 a      1323     1    16     2     3
  3.1115906092394802E-01 a      1324     1    16     2     4
 -4.9786009592694486E-01 a      1325     1    16     2     5
  2.6362297064087853E-01 a      1326     1    16     2     6
  1.5799195571296576E-01 a      1327     1    16     2     7
  3.5121378302987105E-01 a      1328     1    16     2     8
 -2.5768534104967683E-01 a      1329     1    16     2     9
 -4.8796029111704992E-01 a      1330     1    16     2    10
  1.5936172686709957E-01 a      1331     1    16     2    11
  5.3564356298641025E-01 a      1332     1    16     2    12
  2.2910264176432585E-01 a      1333     1    16     2    13
  2.2339423889697521E-01 a      1334     1    16     2    14
 -3.8466688140641669E-01 a      1335     1    16     2    15
  6.3111297462048899E-01 a      1336     1    16     2    16
 -3.7340064371132237E-01 a      1337     1    16     2    17
  3.5410071429239971E-02 a      1338     1    16     2    18
 -2.3793607878259609E-01 a      1339     1    16     2    19
 -5.8681443338374595E-01 a      1340     1    16     2    20
 -5.2547096989502251E-01 a      1341     1    17     2     1
  5.9860345376076651E-01 a      1342     1    17     2     2
  2.3526545504194360E-01 a      1343     1    17     2     3
  3.1251802220982267E-01 a      1344     1    17     2     4
 -2.5887137364908874E-01 a      1345     1    17     2     5
 -5.8008139368872536E-01 a      1346     1    17     2     6
 -2.1551189755041289E-01 a      1347     1    17     2     7
 -7.1650597662788207E-01 a      1348     1    17     2     8
  6.2455373812743054E-01 a      1349     1    17     2     9
  3.7072579380188592E-01 a      1350     1    17     2    10
 -6.5307076286022314E-01 a      1351     1    17     2    11
  5.9297644129207538E-01 a      1352     1    17     2    12
 -1.6004012299056036E-01 a      1353     1    17     2    13
 -3.5246082777349741E-01 a      1354     1    17     2    14
 -5.5561968636747305E-01 a      1355     1    17     2    15
  6.3058864433797635E-01 a      1356     1    17     2    16
  4.1006496338894866E-01 a      1357     1    17     2    17
 -1.9479534472416887E-01 a      1358     1    17     2    18
  4.1314527029014747E-01 a      1359     1    17     2    19
 -5.1022142143155660E-02 a      1360     1    17     2    20
  9.9312528362755129E-02 a      1361     1    18     2     1
  2.9559045689472313E-01 a      1362     1    18     2     2
 -3.0913259166371171E-01 a      1363     1    18     2     3
  2.0768607286260343E-01 a      1364     1    18     2     4
  3.9191533894846314E-01 a      1365     1    18     2     5
  1.9495013137767025E-01 a      1366     1    18     2     6
 -6.2414658976204951E-01 a      1367     1    18     2     7
  2.0387064372208186E-01 a      1368     1    18     2     8
 -2.3898690970271017E-01 a      1369     1    18     2     9
 -1.8236527785071041E-01 a      1370     1    18     2    10
 -2.0243491803387453E-01 a      1371     1    18     2    11
 -3.3509312629658133E-01 a      1372     1    18     2    12
 -6.5845582419599591E-01 a      1373     1    18     2    13
 -1.5126952599164875E-01 a      1374     1    18     2    14
 -3.0929001769596114E-02 a      1375     1    18     2    15
  3.8997164832965830E-01 a      1376     1    18     2    16
 -9.3760825971125630E-02 a      1377     1    18     2    17
  3.9775211164238494E-01 a      1378     1    18     2    18
 -2.8256859591253486E-01 a      1379     1    18     2    19
  2.8857276597117308E-02 a      1380     1    18     2    20
  3.0723357506237958E-01 a      1381     1    19     2     1
 -3.3817570342644721E-01 a      1382     1    19     2     2
 -1.7657322236078540E-01 a      1383     1    19     2     3
 -3.9745664380680479E-01 a      1384     1    19     2     4
 -3.9489164651028730E-01 a      1385     1    19     2     5
  2.3689770931501716E-01 a      1386     1    19     2     6
  3.8642085197165560E-01 a      1387     1    19     2     7
  1.6381821552597264E-01 a      1388     1    19     2     8
 -5.3702695753368224E-01 a      1389     1    19     2     9
 -4.9457846043198783E-01 a      1390     1    19     2    10
  4.8731142520461584E-01 a      1391     1    19     2    11
 -3.9356703278385702E-01 a      1392     1    19     2    12
  4.8375725712865941E-02 a      1393     1    19     2    13
  9.4118509831082761E-02 a      1394     1    19     2    14
  3.8006056483096795E-01 a      1395     1    19     2    15
  9.7427346330060366E-02 a      1396     1    19     2    16
  7.2646996260291818E-01 a      1397     1    19     2    17
 -6.1272729217936472E-02 a      1398     1    19     2    18
  5.1684257172564980E-02 a      1399     1    19     2    19
 -8.6635586435432579E-02 a      1400     1    19     2    20
 -4.8493618392167259E-01 a      1401     1    20     2     1
 -2.1033091308678303E-01 a      1402     1    20     2     2
  2.0946820298113741E-01 a      1403     1    20     2     3
 -2.0729180131237726E-01 a      1404     1    20     2     4
  3.4440172971831268E-01 a      1405     1    20     2     5
 -7.5626491834954790E-02 a      1406     1    20     2     6
  4.4731142207539526E-01 a      1407     1    20     2     7
  2.2871713833901938E-01 a      1408     1    20     2     8
 -6.3155255933985563E-02 a      1409     1    20     2     9
  3.8301554338008587E-01 a      1410     1    20     2    10
 -3.8084731934584298E-01 a      1411     1    20     2    11
  3.3021634688583429E-01 a      1412     1    20     2    12
  2.5870653500254071E-01 a      1413     1    20     2    13
 -2.5196653314333403E-03 a      1414     1    20     2    14
 -5.0477694383907601E-01 a      1415     1    20     2    15
 -4.2491612540237450E-01 a      1416     1    20     2    16
  6.2315458574466742E-03 a      1417     1    20     2    17
  1.9433126631978864E-01 a      1418     1    20     2    18
  3.6537562585568240E-01 a      1419     1    20     2    19
 -8.9746919869724023E-02 a      1420     1    20     2    20
  1.1330018245543410E+00 b      1421     2     1
 -1.1439305300469405E+00 b      1422     2     2
  5.9719721576514083E-02 b      1423     2     3
 -2.2908254064134884E-01 b      1424     2     4
 -5.2100310678190728E-03 b      1425     2     5
  1.1351632322192324E+00 b      1426     2     6
 -1.1961342553841792E+00 b      1427     2     7
  1.2722348578491767E+00 b      1428     2     8
 -7.1518096834011746E-01 b      1429     2     9
  7.3459458215000473E-01 b      1430     2    10
  6.5620895335507434E-01 b      1431     2    11
  9.4712493513608320E-01 b      1432     2    12
  9.0199891176178243E-02 b      1433     2    13
 -1.8552187175972296E-01 b      1434     2    14
 -1.4701199734267347E+00 b      1435     2    15
  8.7631180537948727E-01 b      1436     2    16
 -8.1807013973015752E-01 b      1437     2    17
  1.0105787889435269E+00 b      1438     2    18
 -1.0175500244712827E+00 b      1439     2    19
 -1.9419917943932496E-01 b      1440     2    20
 -3.9137502426979665E-01 a      1441     2     1     3     1
  4.6968478764208843E-01 a      1442     2     2     3     1
 -4.2407270216711718E-01 a      1443     2     3     3     1
  2.3505107793824107E-01 a      1444     2     4     3     1
 -2.0092006740725316E-01 a      1445     2     5     3     1
 -8.6736523102060537E-02 a      1446     2     6     3     1
  8.9977492457517105E-01 a      1447     2     7     3     1
 -9.1074021319929688E-01 a      1448     2     8     3     1
 -1.2143265528149202E-01 a      1449     2     9     3     1
  1.4589049501231777E-01 a      1450     2    10     3     1
  3.0974384700169694E-01 a      1451     2    11     3     1
  1.5128012984296868E-01 a      1452     2    12     3     1
  1.2539924894884920E+00 a      1453     2    13     3     1
 -1.0232561726479164E+00 a      1454     2    14     3     1
  2.0672906055199888E-01 a      1455     2    15     3     1
 -1.5196968358049272E+00 a      1456     2    16     3     1
  5.4801464405374423E-01 a      1457     2    17     3     1
  2.9181557856374440E-01 a      1458     2    18     3     1
  6.0062453796678694E-01 a      1459     2    19     3     1
 -8.7607356993186114E-01 a      1460     2    20     3     1
 -4.8472351295658794E-01 b      1461     3     1
