################################################################################
# Neural network connection values (weights and biases).
################################################################################
# Col  Name       Description
################################################################################
# 1    connection Neural network connection value.
# 2    t          Connection type (a = weight, b = bias).
# 3    index      Index enumerating weights.
# 4    l_s        Starting point layer (end point layer for biases).
# 5    n_s        Starting point neuron in starting layer (end point neuron for biases).
# 6    l_e        End point layer.
# 7    n_e        End point neuron in end layer.
################################################################################
#                      1 2         3     4     5     6     7
#             connection t     index   l_s   n_s   l_e   n_e
############################################################
  1.8278522326974389E-01 a         1     0     1     1     1
 -1.3656383418376755E-01 a         2     0     1     1     2
  3.6475060170159765E-02 a         3     0     1     1     3
 -2.4001073279428034E-01 a         4     0     1     1     4
  3.2943218174852545E-01 a         5     0     1     1     5
 -3.5415213374852861E-01 a         6     0     1     1     6
 -2.3484673599129285E-01 a         7     0     1     1     7
 -2.0814738015925785E-01 a         8     0     1     1     8
  1.9354831047426588E-01 a         9     0     1     1     9
 -4.0420904127150509E-01 a        10     0     1     1    10
  2.7565107391796267E-01 a        11     0     1     1    11
  3.9036345779262779E-02 a        12     0     1     1    12
  5.4190451150814134E-01 a        13     0     1     1    13
 -1.2900931078794636E-01 a        14     0     1     1    14
  1.2510048260360734E-01 a        15     0     1     1    15
 -1.9791124414251243E-01 a        16     0     1     1    16
 -2.7773648431846026E-01 a        17     0     1     1    17
  1.8259165025320362E-01 a        18     0     1     1    18
  4.0939330189051870E-01 a        19     0     1     1    19
 -1.4136855806744189E-01 a        20     0     1     1    20
 -4.3985817552194342E-02 a        21     0     2     1     1
 -3.6737881078951751E-01 a        22     0     2     1     2
  5.7185003364280985E-02 a        23     0     2     1     3
  3.1899688520548081E-01 a        24     0     2     1     4
  2.2219766145952880E-02 a        25     0     2     1     5
  1.1179076633480448E-01 a        26     0     2     1     6
  3.6634943781341467E-01 a        27     0     2     1     7
  3.0686883511749127E-02 a        28     0     2     1     8
 -7.9880302896307612E-02 a        29     0     2     1     9
  1.7993825322676346E-01 a        30     0     2     1    10
 -1.8573111228600311E-01 a        31     0     2     1    11
 -1.1214712648248723E-01 a        32     0     2     1    12
 -8.4381433009913451E-03 a        33     0     2     1    13
  1.6209751599367941E-01 a        34     0     2     1    14
  9.7952571543988259E-02 a        35     0     2     1    15
 -1.1551481816046870E-02 a        36     0     2     1    16
  3.5866528628720756E-01 a        37     0     2     1    17
  3.5665957790457575E-01 a        38     0     2     1    18
 -3.4360186478565019E-01 a        39     0     2     1    19
  1.2046902685973399E-01 a        40     0     2     1    20
 -9.0066584777508785E-02 a        41     0     3     1     1
 -2.8392233756946378E-01 a        42     0     3     1     2
  2.7946717780775454E-02 a        43     0     3     1     3
  3.3896696028976947E-01 a        44     0     3     1     4
  1.8298929906830710E-01 a        45     0     3     1     5
 -2.5741730619952788E-02 a        46     0     3     1     6
  2.5886749799843966E-02 a        47     0     3     1     7
 -3.4289852550414744E-02 a        48     0     3     1     8
 -8.1576661558133201E-02 a        49     0     3     1     9
  5.5667106544551526E-01 a        50     0     3     1    10
 -5.0978612337726520E-02 a        51     0     3     1    11
 -1.2671266366266612E-01 a        52     0     3     1    12
  7.7274347587828598E-02 a        53     0     3     1    13
 -1.3799145250341346E-01 a        54     0     3     1    14
 -4.3653357156700284E-01 a        55     0     3     1    15
  9.9164502567972920E-02 a        56     0     3     1    16
  3.4367204411919894E-01 a        57     0     3     1    17
 -1.8336326109688503E-01 a        58     0     3     1    18
 -5.0082090036629189E-02 a        59     0     3     1    19
 -1.6540609124786632E-01 a        60     0     3     1    20
 -9.8161356154502638E-02 a        61     0     4     1     1
  3.8791924212961892E-01 a        62     0     4     1     2
  8.4870835324166533E-02 a        63     0     4     1     3
 -1.9724616867814720E-01 a        64     0     4     1     4
  2.6947901582274669E-01 a        65     0     4     1     5
 -3.3326213013672867E-01 a        66     0     4     1     6
 -3.8054268578445510E-01 a        67     0     4     1     7
  2.0083163360945989E-02 a        68     0     4     1     8
 -3.9910756257091257E-01 a        69     0     4     1     9
 -2.4296315717690298E-01 a        70     0     4     1    10
 -6.3628634118481950E-02 a        71     0     4     1    11
  2.1297202432402240E-02 a        72     0     4     1    12
 -1.3703174199742404E-01 a        73     0     4     1    13
 -3.4889416459537920E-01 a        74     0     4     1    14
 -1.9927408310189654E-01 a        75     0     4     1    15
  4.5016327010218304E-01 a        76     0     4     1    16
  1.1302862159222599E-01 a        77     0     4     1    17
 -1.8002369962946727E-01 a        78     0     4     1    18
 -3.2659845248508007E-01 a        79     0     4     1    19
  1.2998667454940369E-01 a        80     0     4     1    20
 -2.9579385988795703E-01 a        81     0     5     1     1
 -1.7158379971934401E-01 a        82     0     5     1     2
  3.1921100717925432E-01 a        83     0     5     1     3
 -4.1623498008191850E-01 a        84     0     5     1     4
 -2.4628327768338265E-01 a        85     0     5     1     5
 -9.4460058591380722E-02 a        86     0     5     1     6
 -2.9320746051796398E-01 a        87     0     5     1     7
 -2.4783152062334723E-01 a        88     0     5     1     8
  1.1134737552203952E-01 a        89     0     5     1     9
 -3.9746394346283948E-01 a        90     0     5     1    10
 -4.2019618144115528E-01 a        91     0     5     1    11
  1.2681954747653132E-01 a        92     0     5     1    12
 -3.4661918915533096E-01 a        93     0     5     1    13
  3.2937953725253827E-01 a        94     0     5     1    14
  2.1277171899188069E-01 a        95     0     5     1    15
  2.7201359741193882E-02 a        96     0     5     1    16
  8.1207497763456024E-02 a        97     0     5     1    17
 -2.6976586705464056E-01 a        98     0     5     1    18
  1.6179777824900218E-01 a        99     0     5     1    19
 -8.9513575354962127E-02 a       100     0     5     1    20
  3.1500161933345816E-01 a       101     0     6     1     1
  2.3772541022168803E-01 a       102     0     6     1     2
  4.2588308128536129E-01 a       103     0     6     1     3
 -6.3250294155183545E-02 a       104     0     6     1     4
 -2.7395513916738629E-01 a       105     0     6     1     5
 -3.4921282776977391E-01 a       106     0     6     1     6
 -1.2825240095454102E-01 a       107     0     6     1     7
  2.4047191193008521E-01 a       108     0     6     1     8
  6.1093309006907341E-02 a       109     0     6     1     9
  7.4933837272209295E-03 a       110     0     6     1    10
  2.2772186055941310E-02 a       111     0     6     1    11
 -2.6338658847086854E-01 a       112     0     6     1    12
 -9.9688735808074122E-02 a       113     0     6     1    13
  5.4349801355883395E-02 a       114     0     6     1    14
 -1.6111146604601351E-01 a       115     0     6     1    15
  2.5391439105404445E-01 a       116     0     6     1    16
 -1.6506628017999747E-01 a       117     0     6     1    17
 -1.5951288290309065E-01 a       118     0     6     1    18
  3.4897724065538893E-01 a       119     0     6     1    19
  3.1549005693117299E-01 a       120     0     6     1    20
 -2.5150172983642777E-01 a       121     0     7     1     1
  5.7363607173674933E-02 a       122     0     7     1     2
  3.4195225992721390E-01 a       123     0     7     1     3
  1.7900355983987609E-01 a       124     0     7     1     4
 -2.7893903359642958E-01 a       125     0     7     1     5
 -3.8854517513381254E-01 a       126     0     7     1     6
 -1.7238340785990572E-01 a       127     0     7     1     7
  4.8175284653774630E-02 a       128     0     7     1     8
 -2.8899397701745883E-01 a       129     0     7     1     9
  7.1028702769975582E-02 a       130     0     7     1    10
 -4.2105624923129642E-01 a       131     0     7     1    11
 -1.3433241866380902E-01 a       132     0     7     1    12
 -7.1921650662325129E-02 a       133     0     7     1    13
  9.4038663755163246E-02 a       134     0     7     1    14
 -1.9643026704558986E-01 a       135     0     7     1    15
  2.1391114288756924E-01 a       136     0     7     1    16
 -1.6950512449922314E-01 a       137     0     7     1    17
 -2.6246403059923146E-01 a       138     0     7     1    18
 -2.9427029562985080E-01 a       139     0     7     1    19
  1.4448535842363686E-01 a       140     0     7     1    20
 -3.9410954342045015E-02 a       141     0     8     1     1
 -2.9346970885239265E-01 a       142     0     8     1     2
  1.4743396767459463E-01 a       143     0     8     1     3
 -1.1249123914910822E-02 a       144     0     8     1     4
  3.8754726480410628E-01 a       145     0     8     1     5
  2.8762234467613973E-01 a       146     0     8     1     6
  3.8694829942551612E-01 a       147     0     8     1     7
 -8.1176100721861433E-02 a       148     0     8     1     8
  4.9566729163312694E-02 a       149     0     8     1     9
  1.4315646787663117E-01 a       150     0     8     1    10
  9.3358034388152378E-02 a       151     0     8     1    11
 -9.7332256011260387E-02 a       152     0     8     1    12
 -1.0929299417233132E-01 a       153     0     8     1    13
  5.9772781866171992E-02 a       154     0     8     1    14
  3.6468508258327786E-01 a       155     0     8     1    15
 -1.4231670720494305E-01 a       156     0     8     1    16
  4.3908652661925152E-01 a       157     0     8     1    17
  2.7164344096047188E-01 a       158     0     8     1    18
 -1.4755646789604274E-01 a       159     0     8     1    19
  2.1485964235478222E-01 a       160     0     8     1    20
  1.9524026734079461E-01 a       161     0     9     1     1
 -3.8232612545865607E-01 a       162     0     9     1     2
  1.0498846624676467E-01 a       163     0     9     1     3
 -3.4648226414348227E-01 a       164     0     9     1     4
 -1.4909690286230723E-01 a       165     0     9     1     5
  2.1787970621804681E-01 a       166     0     9     1     6
  4.1101514838304168E-02 a       167     0     9     1     7
 -3.7607972274923385E-01 a       168     0     9     1     8
  2.1828464301756142E-01 a       169     0     9     1     9
  2.0083228215589966E-01 a       170     0     9     1    10
  2.9271101204816202E-01 a       171     0     9     1    11
  2.0605798151566107E-01 a       172     0     9     1    12
 -9.8651669751986901E-02 a       173     0     9     1    13
  5.0801855884151495E-02 a       174     0     9     1    14
  2.5521346047246718E-01 a       175     0     9     1    15
  1.4802915985377910E-01 a       176     0     9     1    16
  1.8262171323591009E-01 a       177     0     9     1    17
 -3.0010851409540262E-01 a       178     0     9     1    18
 -2.9204000311667647E-02 a       179     0     9     1    19
 -3.7121704326143345E-01 a       180     0     9     1    20
  3.5370789440055933E-01 a       181     0    10     1     1
 -5.3011611125660038E-02 a       182     0    10     1     2
  2.0055045129210658E-01 a       183     0    10     1     3
 -1.4882728566387873E-01 a       184     0    10     1     4
  1.1557107477745102E-01 a       185     0    10     1     5
 -1.6479942509216017E-02 a       186     0    10     1     6
  3.5738629025095298E-01 a       187     0    10     1     7
  7.3462144259940881E-02 a       188     0    10     1     8
  9.8956181690281850E-02 a       189     0    10     1     9
 -1.9767490115457123E-01 a       190     0    10     1    10
  3.1290645937480127E-01 a       191     0    10     1    11
 -1.0774786507904885E-01 a       192     0    10     1    12
  3.2306997044482255E-02 a       193     0    10     1    13
 -3.9155880844966567E-01 a       194     0    10     1    14
 -3.0098639569192476E-01 a       195     0    10     1    15
  1.9342889757713611E-01 a       196     0    10     1    16
  3.9562866292176685E-01 a       197     0    10     1    17
 -2.4084851392423112E-02 a       198     0    10     1    18
  4.1082938719929057E-01 a       199     0    10     1    19
  1.1443584343923775E-01 a       200     0    10     1    20
  1.6618014470105602E-01 a       201     0    11     1     1
  3.4499932976332104E-01 a       202     0    11     1     2
  1.5889550886333786E-01 a       203     0    11     1     3
  9.3786856740197946E-02 a       204     0    11     1     4
  1.1088221095413199E-01 a       205     0    11     1     5
 -6.3799698524648077E-02 a       206     0    11     1     6
 -1.7059109787296578E-01 a       207     0    11     1     7
 -8.8338296090258200E-02 a       208     0    11     1     8
 -5.1299086534897009E-01 a       209     0    11     1     9
 -3.4607171795112607E-01 a       210     0    11     1    10
 -1.2442242349735594E-01 a       211     0    11     1    11
 -4.1859477391490357E-01 a       212     0    11     1    12
  6.0776753003402538E-02 a       213     0    11     1    13
  4.2074223196765786E-01 a       214     0    11     1    14
 -5.8652248798797345E-02 a       215     0    11     1    15
 -1.1500669616563768E-01 a       216     0    11     1    16
 -3.1675996782849630E-01 a       217     0    11     1    17
  3.0173293616751412E-01 a       218     0    11     1    18
 -1.9566021064275929E-01 a       219     0    11     1    19
  1.2146261814895407E-01 a       220     0    11     1    20
  1.2733607658174600E-01 a       221     0    12     1     1
  1.8207705070075403E-01 a       222     0    12     1     2
 -1.1212372465031972E-01 a       223     0    12     1     3
 -3.0164592598959517E-01 a       224     0    12     1     4
 -3.5160904697397882E-02 a       225     0    12     1     5
  7.6317661971985890E-02 a       226     0    12     1     6
  1.2222294113233248E-01 a       227     0    12     1     7
 -9.0455131353696580E-02 a       228     0    12     1     8
 -1.7375146584903113E-02 a       229     0    12     1     9
  8.6128509731930217E-02 a       230     0    12     1    10
 -4.4089317428843305E-01 a       231     0    12     1    11
 -4.9745769621739461E-02 a       232     0    12     1    12
 -2.2601154801587683E-01 a       233     0    12     1    13
  2.0407600531896863E-01 a       234     0    12     1    14
 -7.8584281364984090E-02 a       235     0    12     1    15
  1.0740421393987007E-01 a       236     0    12     1    16
  2.8318544783183941E-01 a       237     0    12     1    17
 -2.9208046149955763E-01 a       238     0    12     1    18
  1.6659571248578714E-01 a       239     0    12     1    19
  3.0609315018456995E-01 a       240     0    12     1    20
 -4.4562025598779736E-01 a       241     0    13     1     1
 -2.9509861877241017E-01 a       242     0    13     1     2
 -5.8328616558246713E-02 a       243     0    13     1     3
  4.7955341431257853E-01 a       244     0    13     1     4
  1.4251875022031948E-01 a       245     0    13     1     5
  3.9568945958883592E-02 a       246     0    13     1     6
 -2.7253128678855465E-01 a       247     0    13     1     7
  1.6140626292489685E-01 a       248     0    13     1     8
  3.9299778189199601E-02 a       249     0    13     1     9
  3.1789187182289713E-01 a       250     0    13     1    10
 -2.8218727594201487E-01 a       251     0    13     1    11
  1.8234446434431334E-01 a       252     0    13     1    12
  5.2717645474469790E-02 a       253     0    13     1    13
 -1.4540461209046696E-01 a       254     0    13     1    14
  1.4279580285054910E-01 a       255     0    13     1    15
  4.2930647289871129E-03 a       256     0    13     1    16
 -2.1700772766292023E-01 a       257     0    13     1    17
  1.6567026969794382E-01 a       258     0    13     1    18
  1.4665237759632274E-01 a       259     0    13     1    19
 -1.9052330600813908E-01 a       260     0    13     1    20
  3.1285893619076555E-03 a       261     0    14     1     1
  1.8123399858666713E-03 a       262     0    14     1     2
  1.2577441187789068E-01 a       263     0    14     1     3
  3.5446222980270681E-01 a       264     0    14     1     4
 -2.4111742898537702E-01 a       265     0    14     1     5
  4.5509884794092056E-02 a       266     0    14     1     6
  3.1807939306927580E-01 a       267     0    14     1     7
  2.5005263521024496E-01 a       268     0    14     1     8
  4.4152588944362031E-01 a       269     0    14     1     9
 -3.0083308767950800E-01 a       270     0    14     1    10
 -3.4922694370346219E-01 a       271     0    14     1    11
 -2.8238850207169514E-01 a       272     0    14     1    12
 -2.2952636987586875E-01 a       273     0    14     1    13
 -1.3593165674043756E-01 a       274     0    14     1    14
  3.0802288757654867E-01 a       275     0    14     1    15
  3.1020834554142290E-01 a       276     0    14     1    16
  1.2989678172877051E-01 a       277     0    14     1    17
  7.0991541255031224E-02 a       278     0    14     1    18
  1.5796172389391316E-01 a       279     0    14     1    19
  6.3879036446674822E-02 a       280     0    14     1    20
 -1.8936726196308587E-01 a       281     0    15     1     1
  1.3005695541998211E-01 a       282     0    15     1     2
  3.5508562869627386E-01 a       283     0    15     1     3
  8.6386158292156068E-02 a       284     0    15     1     4
 -1.0762866063117865E-01 a       285     0    15     1     5
 -2.2117039069034747E-01 a       286     0    15     1     6
 -1.4968830050704557E-01 a       287     0    15     1     7
  1.7892067790015553E-01 a       288     0    15     1     8
 -2.9734424071255822E-01 a       289     0    15     1     9
 -1.6628403052167384E-01 a       290     0    15     1    10
 -1.9508807761768240E-01 a       291     0    15     1    11
  2.5264267308126809E-01 a       292     0    15     1    12
  3.6593321185827893E-01 a       293     0    15     1    13
 -8.0533451322163038E-02 a       294     0    15     1    14
  6.9765395320220608E-02 a       295     0    15     1    15
 -1.0057198808877167E-01 a       296     0    15     1    16
 -2.4940178860068266E-01 a       297     0    15     1    17
  8.8591883075901962E-02 a       298     0    15     1    18
 -2.3656546961499972E-01 a       299     0    15     1    19
 -8.8754784206519929E-02 a       300     0    15     1    20
  3.5909800952400245E-01 a       301     0    16     1     1
  4.4163290858460197E-01 a       302     0    16     1     2
 -1.3075194180499453E-01 a       303     0    16     1     3
 -1.3015780703266203E-01 a       304     0    16     1     4
 -1.8562704249274273E-01 a       305     0    16     1     5
  7.5533096372161115E-02 a       306     0    16     1     6
 -3.2275791913265170E-02 a       307     0    16     1     7
  1.3218777776434421E-01 a       308     0    16     1     8
  4.1554497864488820E-03 a       309     0    16     1     9
 -5.2019298032843213E-02 a       310     0    16     1    10
 -4.4794297057545962E-01 a       311     0    16     1    11
  2.4183874030656291E-01 a       312     0    16     1    12
  2.3016513421775697E-01 a       313     0    16     1    13
 -5.9989689181403696E-02 a       314     0    16     1    14
  4.0787734341686241E-02 a       315     0    16     1    15
 -2.5923023964683978E-01 a       316     0    16     1    16
 -1.0269021848343188E-01 a       317     0    16     1    17
 -2.4179946883513315E-01 a       318     0    16     1    18
 -1.8460127895983336E-01 a       319     0    16     1    19
  3.3974133268555551E-01 a       320     0    16     1    20
 -9.5569967186471871E-02 a       321     0    17     1     1
 -2.8550858077613300E-02 a       322     0    17     1     2
 -3.0527946673337814E-01 a       323     0    17     1     3
 -9.3601733044739233E-02 a       324     0    17     1     4
  9.6525017286615569E-02 a       325     0    17     1     5
  1.3741442166508261E-01 a       326     0    17     1     6
 -6.7480869050581080E-02 a       327     0    17     1     7
 -3.9554230481559434E-02 a       328     0    17     1     8
 -1.5235144755611291E-01 a       329     0    17     1     9
  1.9846738744386808E-01 a       330     0    17     1    10
  2.6440754267707804E-02 a       331     0    17     1    11
 -9.7529681586020003E-02 a       332     0    17     1    12
 -1.7162606155242413E-01 a       333     0    17     1    13
  1.0948467944809645E-02 a       334     0    17     1    14
 -1.4540477477335637E-01 a       335     0    17     1    15
  1.2872638027099256E-01 a       336     0    17     1    16
 -1.0131584283514355E-01 a       337     0    17     1    17
  1.2798825782110881E-01 a       338     0    17     1    18
 -2.7780537080813791E-02 a       339     0    17     1    19
  2.0449593623613693E-01 a       340     0    17     1    20
  1.7093725424982759E-01 a       341     0    18     1     1
 -2.3269051490640960E-01 a       342     0    18     1     2
 -2.0323685943283795E-01 a       343     0    18     1     3
 -4.6954900286089324E-01 a       344     0    18     1     4
 -7.2131806505401699E-02 a       345     0    18     1     5
  2.4388561784995669E-01 a       346     0    18     1     6
 -3.3900439198752619E-01 a       347     0    18     1     7
  1.9170622109865626E-01 a       348     0    18     1     8
  1.6769342527828329E-01 a       349     0    18     1     9
 -2.9508993658373867E-01 a       350     0    18     1    10
 -9.3165278397886298E-02 a       351     0    18     1    11
  1.1114229121079962E-01 a       352     0    18     1    12
  2.8974711810008996E-01 a       353     0    18     1    13
 -3.4636650820576498E-01 a       354     0    18     1    14
  2.6677045246267517E-01 a       355     0    18     1    15
  2.4030769783315098E-01 a       356     0    18     1    16
 -3.8105389166952935E-01 a       357     0    18     1    17
  3.3133986682492483E-01 a       358     0    18     1    18
 -6.5298352688975048E-02 a       359     0    18     1    19
 -4.2289138056846365E-02 a       360     0    18     1    20
 -1.4413799584781764E-01 a       361     0    19     1     1
 -1.0324656827526424E-01 a       362     0    19     1     2
  4.6345869065514703E-02 a       363     0    19     1     3
  6.7261491868637863E-02 a       364     0    19     1     4
  9.4072745375135172E-02 a       365     0    19     1     5
 -4.7988646964653818E-02 a       366     0    19     1     6
  1.0852107845569498E-02 a       367     0    19     1     7
 -4.1653148655865141E-02 a       368     0    19     1     8
  5.8878458010373285E-03 a       369     0    19     1     9
 -1.4038924457855509E-01 a       370     0    19     1    10
 -1.1677735487682996E-01 a       371     0    19     1    11
 -4.8740355455646658E-02 a       372     0    19     1    12
  1.2890052648153677E-01 a       373     0    19     1    13
 -1.5480204858095864E-02 a       374     0    19     1    14
 -1.0126509164620698E-02 a       375     0    19     1    15
  2.6309573158764277E-01 a       376     0    19     1    16
  2.6413098174129024E-01 a       377     0    19     1    17
 -5.0822691428552641E-02 a       378     0    19     1    18
  5.2175774636493727E-02 a       379     0    19     1    19
 -2.7684123513049763E-01 a       380     0    19     1    20
 -3.3372899175488469E-01 a       381     0    20     1     1
  7.4479473436303886E-02 a       382     0    20     1     2
  3.0749405355304915E-01 a       383     0    20     1     3
 -5.7229917416155879E-02 a       384     0    20     1     4
 -1.8593490337146035E-01 a       385     0    20     1     5
 -1.4965178010363323E-01 a       386     0    20     1     6
 -2.5252499724775634E-01 a       387     0    20     1     7
 -7.3416277578371908E-02 a       388     0    20     1     8
 -3.7151266099081148E-01 a       389     0    20     1     9
  3.3888743257702952E-01 a       390     0    20     1    10
  1.9802512474489289E-01 a       391     0    20     1    11
  2.7083054747877522E-01 a       392     0    20     1    12
 -3.7771924535216578E-01 a       393     0    20     1    13
  1.9241328499217056E-01 a       394     0    20     1    14
  1.8994598870514701E-03 a       395     0    20     1    15
 -2.9347621017683016E-02 a       396     0    20     1    16
 -1.6519070431298280E-01 a       397     0    20     1    17
 -2.5713080585110293E-01 a       398     0    20     1    18
 -8.9559896245016077E-02 a       399     0    20     1    19
 -8.9552351326343919E-03 a       400     0    20     1    20
  3.5107792135931806E-02 a       401     0    21     1     1
  3.5073526468179167E-01 a       402     0    21     1     2
 -1.2977574538513576E-02 a       403     0    21     1     3
 -2.1881207197879260E-01 a       404     0    21     1     4
  3.2625500197012230E-01 a       405     0    21     1     5
  4.6561262424613697E-01 a       406     0    21     1     6
  2.6875345623795310E-01 a       407     0    21     1     7
 -3.6638559824188555E-01 a       408     0    21     1     8
  2.0153358956442824E-01 a       409     0    21     1     9
  8.3066030054006076E-02 a       410     0    21     1    10
 -2.6581001265412546E-01 a       411     0    21     1    11
 -2.6472389146996606E-01 a       412     0    21     1    12
  2.7290126660287423E-01 a       413     0    21     1    13
 -2.3843204974975210E-01 a       414     0    21     1    14
  2.3661012847588814E-01 a       415     0    21     1    15
  4.9092341061868422E-01 a       416     0    21     1    16
  2.2614446261866938E-02 a       417     0    21     1    17
 -2.1721971287772560E-01 a       418     0    21     1    18
 -3.6434000908380099E-01 a       419     0    21     1    19
 -4.5341619381633513E-01 a       420     0    21     1    20
 -7.1770938383054927E-02 a       421     0    22     1     1
  7.9185556709550506E-02 a       422     0    22     1     2
 -3.4874963321397096E-01 a       423     0    22     1     3
  1.0274036832750338E-01 a       424     0    22     1     4
 -3.6829836672553062E-01 a       425     0    22     1     5
  5.1978285873071364E-02 a       426     0    22     1     6
  2.4413508600893205E-01 a       427     0    22     1     7
  6.3053152399487400E-01 a       428     0    22     1     8
 -1.7404707480405849E-02 a       429     0    22     1     9
 -3.2971886341786320E-02 a       430     0    22     1    10
 -4.9295912088064830E-01 a       431     0    22     1    11
  2.0703772262646822E-01 a       432     0    22     1    12
  3.0608187819359867E-01 a       433     0    22     1    13
  6.0420016317421180E-02 a       434     0    22     1    14
  4.9903025183315151E-02 a       435     0    22     1    15
  2.8416887385121013E-02 a       436     0    22     1    16
 -4.6978676053821711E-01 a       437     0    22     1    17
  4.7320802652910982E-01 a       438     0    22     1    18
  1.2742241352215194E-01 a       439     0    22     1    19
 -4.9231335321439376E-02 a       440     0    22     1    20
 -5.2611587844830512E-02 a       441     0    23     1     1
 -3.1577806845737144E-01 a       442     0    23     1     2
 -2.7970599833673843E-01 a       443     0    23     1     3
  2.9204798391195191E-01 a       444     0    23     1     4
 -1.6677778949267630E-01 a       445     0    23     1     5
 -1.6201215901660387E-01 a       446     0    23     1     6
  3.7714862365775004E-01 a       447     0    23     1     7
 -4.3760415918615586E-01 a       448     0    23     1     8
  2.9274434254308185E-01 a       449     0    23     1     9
 -2.3383458761928183E-02 a       450     0    23     1    10
 -3.6478771825712852E-03 a       451     0    23     1    11
 -3.8094349268707756E-01 a       452     0    23     1    12
  1.0163974551578565E-01 a       453     0    23     1    13
  8.9696868988487555E-02 a       454     0    23     1    14
  1.2510293580172208E-01 a       455     0    23     1    15
  2.3860833721402006E-01 a       456     0    23     1    16
  1.0124791512960191E-01 a       457     0    23     1    17
 -1.7607427960750832E-01 a       458     0    23     1    18
 -2.3686405044144107E-01 a       459     0    23     1    19
 -2.9428869059462770E-01 a       460     0    23     1    20
 -2.1397976005952041E-01 a       461     0    24     1     1
  2.0235936991376713E-01 a       462     0    24     1     2
  1.8878584892595206E-02 a       463     0    24     1     3
  2.2437025465344418E-01 a       464     0    24     1     4
  3.6844703367097198E-01 a       465     0    24     1     5
 -4.1260941649613264E-01 a       466     0    24     1     6
  3.1125956810775424E-01 a       467     0    24     1     7
  1.7652927534950799E-01 a       468     0    24     1     8
 -3.2005146804464500E-02 a       469     0    24     1     9
  1.7407352464145695E-01 a       470     0    24     1    10
  3.0064792803896251E-01 a       471     0    24     1    11
  9.1053226343881279E-03 a       472     0    24     1    12
 -1.4587759877521374E-02 a       473     0    24     1    13
 -9.8514933476799033E-03 a       474     0    24     1    14
  4.1255023443805733E-01 a       475     0    24     1    15
 -3.8897865001629028E-01 a       476     0    24     1    16
 -1.3452742155633240E-01 a       477     0    24     1    17
  3.7687372312754847E-01 a       478     0    24     1    18
  3.3010957922316941E-01 a       479     0    24     1    19
  3.0197813736080514E-01 a       480     0    24     1    20
  1.3708523469351921E-01 a       481     0    25     1     1
 -1.1459729886538869E-01 a       482     0    25     1     2
  2.3171892256870558E-01 a       483     0    25     1     3
  8.2690615644378393E-02 a       484     0    25     1     4
  3.8560091912266820E-01 a       485     0    25     1     5
 -1.9161683655821710E-01 a       486     0    25     1     6
 -1.3984319709057472E-01 a       487     0    25     1     7
 -3.4382830340946041E-01 a       488     0    25     1     8
  1.1560691710688099E-01 a       489     0    25     1     9
  1.3747528676098167E-01 a       490     0    25     1    10
 -3.1151454391827343E-01 a       491     0    25     1    11
 -5.2571944822568406E-01 a       492     0    25     1    12
 -3.6040152722890667E-01 a       493     0    25     1    13
  1.6217963720457911E-02 a       494     0    25     1    14
 -4.8416245715672629E-01 a       495     0    25     1    15
  4.1205994742147350E-01 a       496     0    25     1    16
  5.2646169865018522E-01 a       497     0    25     1    17
 -4.9415334097226791E-03 a       498     0    25     1    18
 -3.4356462411992328E-01 a       499     0    25     1    19
 -1.1024051278223032E-01 a       500     0    25     1    20
 -2.6718326861702046E-01 a       501     0    26     1     1
 -2.4159972641052690E-01 a       502     0    26     1     2
 -3.6769736984812708E-02 a       503     0    26     1     3
 -1.5985491747235026E-01 a       504     0    26     1     4
  3.0259629416843337E-02 a       505     0    26     1     5
  3.5013183275500848E-01 a       506     0    26     1     6
 -2.9457413993319181E-01 a       507     0    26     1     7
  1.2349743321688150E-01 a       508     0    26     1     8
 -2.4546992222158279E-01 a       509     0    26     1     9
 -1.0681644383999467E-01 a       510     0    26     1    10
  2.8516997557452572E-01 a       511     0    26     1    11
  4.5469715244504988E-01 a       512     0    26     1    12
  4.8806716629697794E-02 a       513     0    26     1    13
 -1.0194371237755616E-01 a       514     0    26     1    14
 -1.4683086968020920E-01 a       515     0    26     1    15
  1.2949169113737177E-01 a       516     0    26     1    16
 -1.0370058351449675E-01 a       517     0    26     1    17
 -1.6595561281205118E-01 a       518     0    26     1    18
 -2.4959799868589630E-01 a       519     0    26     1    19
 -1.8418265679285042E-01 a       520     0    26     1    20
 -1.8000324860038713E-01 a       521     0    27     1     1
  1.4211213454282592E-01 a       522     0    27     1     2
 -3.7783887347921391E-01 a       523     0    27     1     3
 -9.9921145022164426E-02 a       524     0    27     1     4
 -2.6037444159573220E-01 a       525     0    27     1     5
  4.8153129386508975E-01 a       526     0    27     1     6
  2.7332623851307120E-01 a       527     0    27     1     7
 -3.1610225600913790E-02 a       528     0    27     1     8
  8.3272037536884849E-02 a       529     0    27     1     9
 -5.8551940034394151E-02 a       530     0    27     1    10
  3.9779262074806859E-01 a       531     0    27     1    11
  3.5412121021212828E-01 a       532     0    27     1    12
 -1.2982612518082404E-01 a       533     0    27     1    13
  1.5330418446387117E-01 a       534     0    27     1    14
  2.0508092514598744E-01 a       535     0    27     1    15
  3.4900725006698957E-01 a       536     0    27     1    16
  2.7194506625989939E-01 a       537     0    27     1    17
  9.8519244869455808E-03 a       538     0    27     1    18
 -5.1797269641846118E-02 a       539     0    27     1    19
 -8.7192404315420316E-02 a       540     0    27     1    20
 -1.5735859927932083E-01 a       541     0    28     1     1
 -1.9170437620731948E-01 a       542     0    28     1     2
  4.2831776053624682E-01 a       543     0    28     1     3
 -1.8302266842632606E-01 a       544     0    28     1     4
 -3.5467909530029817E-01 a       545     0    28     1     5
 -1.9295698398466743E-01 a       546     0    28     1     6
  1.5164536643894222E-01 a       547     0    28     1     7
  1.8773786769923484E-01 a       548     0    28     1     8
  1.8873499305389763E-01 a       549     0    28     1     9
  3.5090740021315889E-02 a       550     0    28     1    10
 -1.2800264712609729E-02 a       551     0    28     1    11
 -2.0486708735929884E-01 a       552     0    28     1    12
  5.4316483471497456E-01 a       553     0    28     1    13
 -4.3826969811440319E-01 a       554     0    28     1    14
  9.1754604930478299E-03 a       555     0    28     1    15
  4.4122788122478933E-02 a       556     0    28     1    16
 -7.9895763666434680E-02 a       557     0    28     1    17
 -4.4263440009265881E-01 a       558     0    28     1    18
 -2.3581681761554149E-01 a       559     0    28     1    19
 -1.4992590911039602E-01 a       560     0    28     1    20
  2.9947709039581960E-01 a       561     0    29     1     1
  1.6173206290348216E-01 a       562     0    29     1     2
 -2.2299383056330943E-01 a       563     0    29     1     3
  2.5197175018505141E-01 a       564     0    29     1     4
 -1.2403553691686546E-01 a       565     0    29     1     5
  1.1240047274337724E-01 a       566     0    29     1     6
 -6.9745833131206511E-02 a       567     0    29     1     7
 -1.6710124392627805E-02 a       568     0    29     1     8
  2.9958844775138771E-01 a       569     0    29     1     9
 -2.0990599857589656E-01 a       570     0    29     1    10
 -1.8274720349029033E-01 a       571     0    29     1    11
  1.4304492013183770E-01 a       572     0    29     1    12
 -4.1526455491367775E-01 a       573     0    29     1    13
  2.7760494882226555E-01 a       574     0    29     1    14
  2.2509085382325197E-01 a       575     0    29     1    15
 -3.4740107761302447E-01 a       576     0    29     1    16
 -8.4028189259633804E-02 a       577     0    29     1    17
 -7.8666392429761381E-02 a       578     0    29     1    18
  1.9251545514108434E-01 a       579     0    29     1    19
  5.3084442544931207E-02 a       580     0    29     1    20
  3.3179471672012170E-02 a       581     0    30     1     1
  2.7685547586562448E-01 a       582     0    30     1     2
  3.1309057570129067E-01 a       583     0    30     1     3
  2.1606572440972299E-01 a       584     0    30     1     4
 -1.8943831140608858E-01 a       585     0    30     1     5
 -2.7422276941795226E-01 a       586     0    30     1     6
  3.3735231065198151E-01 a       587     0    30     1     7
  2.1293370564810607E-01 a       588     0    30     1     8
  4.3047891752212908E-01 a       589     0    30     1     9
  1.5923756358564312E-01 a       590     0    30     1    10
  1.9371086338680044E-01 a       591     0    30     1    11
  1.3382334525664560E-01 a       592     0    30     1    12
  4.4336490904605369E-01 a       593     0    30     1    13
 -1.9319753727068431E-01 a       594     0    30     1    14
  5.2336321204685197E-02 a       595     0    30     1    15
 -3.8536409239183250E-01 a       596     0    30     1    16
  1.0635182393344364E-01 a       597     0    30     1    17
 -2.6100361816666762E-01 a       598     0    30     1    18
 -2.1911443464488520E-02 a       599     0    30     1    19
 -1.4457093825988354E-01 a       600     0    30     1    20
  3.6759328075857162E-01 a       601     0    31     1     1
 -2.2790396791558679E-01 a       602     0    31     1     2
 -1.9499379381245285E-01 a       603     0    31     1     3
 -3.6591697065172579E-01 a       604     0    31     1     4
 -1.6819512936032913E-01 a       605     0    31     1     5
 -1.6677023126008533E-01 a       606     0    31     1     6
 -7.0898080003537534E-02 a       607     0    31     1     7
 -2.8964546543459846E-01 a       608     0    31     1     8
 -1.0684686860915502E-01 a       609     0    31     1     9
  1.9012507087047983E-01 a       610     0    31     1    10
 -5.2563998619811048E-01 a       611     0    31     1    11
  4.6089740894410602E-01 a       612     0    31     1    12
 -4.0948246425400414E-01 a       613     0    31     1    13
  1.7192838886883519E-01 a       614     0    31     1    14
 -9.8693001363788946E-02 a       615     0    31     1    15
 -8.9071799499915047E-02 a       616     0    31     1    16
  9.6273262713379576E-02 a       617     0    31     1    17
  5.7559503784625050E-02 a       618     0    31     1    18
  1.0429662580684720E-02 a       619     0    31     1    19
  3.2237562752704529E-01 a       620     0    31     1    20
 -1.2366864126840618E-01 a       621     0    32     1     1
 -3.0326869526502054E-01 a       622     0    32     1     2
 -1.8284823390620195E-02 a       623     0    32     1     3
 -3.6212571252316450E-01 a       624     0    32     1     4
  3.8055304132088852E-02 a       625     0    32     1     5
 -1.9163211534881042E-01 a       626     0    32     1     6
  1.4957257557432518E-01 a       627     0    32     1     7
 -2.7549393898034794E-02 a       628     0    32     1     8
  1.4943474521388678E-01 a       629     0    32     1     9
  1.4531459384223397E-01 a       630     0    32     1    10
  1.1829346529756328E-01 a       631     0    32     1    11
 -3.8972580005860673E-02 a       632     0    32     1    12
  2.4859525273461661E-01 a       633     0    32     1    13
 -3.1721843749212342E-01 a       634     0    32     1    14
 -1.8558371316066938E-01 a       635     0    32     1    15
 -8.5072187854955780E-02 a       636     0    32     1    16
 -1.1469447099181808E-01 a       637     0    32     1    17
  8.2476232838003247E-02 a       638     0    32     1    18
 -7.1281004794890537E-02 a       639     0    32     1    19
  3.3056820137407246E-02 a       640     0    32     1    20
  1.4559423156364149E+00 b       641     1     1
 -1.1482848145446840E+00 b       642     1     2
 -1.0135529104918091E+00 b       643     1     3
 -1.2572595530943853E+00 b       644     1     4
  2.1890836527828675E-01 b       645     1     5
 -1.3067281444522849E+00 b       646     1     6
 -1.1684262439034816E+00 b       647     1     7
  5.9887802978533744E-01 b       648     1     8
 -9.2291105468219203E-01 b       649     1     9
  2.0041906347154825E-01 b       650     1    10
 -1.6909086793824986E+00 b       651     1    11
 -1.4246333548377732E+00 b       652     1    12
  1.1192935698188022E+00 b       653     1    13
 -1.2980464283567452E+00 b       654     1    14
 -3.6356893425414943E-01 b       655     1    15
 -7.2720289729258680E-01 b       656     1    16
 -1.4113717949506384E+00 b       657     1    17
 -5.9447584289044308E-01 b       658     1    18
  4.0454073278896674E-01 b       659     1    19
  2.7214315225282164E-02 b       660     1    20
  3.4600447387846667E-01 a       661     1     1     2     1
 -9.5387192880051624E-02 a       662     1     1     2     2
  1.6601653134000610E-01 a       663     1     1     2     3
  5.9367217245589610E-01 a       664     1     1     2     4
 -4.3870804483768143E-02 a       665     1     1     2     5
  4.2792714447000385E-01 a       666     1     1     2     6
 -4.4406337303544524E-01 a       667     1     1     2     7
  4.6558664661377902E-01 a       668     1     1     2     8
 -1.1152545300771402E-02 a       669     1     1     2     9
  4.7507177549689683E-01 a       670     1     1     2    10
 -5.0357300951948891E-01 a       671     1     1     2    11
 -1.9319877777904695E-01 a       672     1     1     2    12
  1.4149349883825900E-02 a       673     1     1     2    13
 -5.6223213469817579E-01 a       674     1     1     2    14
  4.1880856931932026E-01 a       675     1     1     2    15
  2.6455887132731737E-01 a       676     1     1     2    16
  4.9986435445284066E-01 a       677     1     1     2    17
  2.5050649149983895E-01 a       678     1     1     2    18
  5.2658355817504154E-01 a       679     1     1     2    19
 -5.1970476628787798E-01 a       680     1     1     2    20
 -2.3058784654390360E-01 a       681     1     2     2     1
 -3.4847786022198940E-01 a       682     1     2     2     2
 -3.6595411271641431E-01 a       683     1     2     2     3
  5.0711562410289257E-01 a       684     1     2     2     4
  6.3352797086804491E-01 a       685     1     2     2     5
 -1.8973470180919834E-02 a       686     1     2     2     6
  2.6116927016124153E-01 a       687     1     2     2     7
  2.4275955738502647E-01 a       688     1     2     2     8
  5.9263912014206199E-01 a       689     1     2     2     9
 -8.0891159103244500E-02 a       690     1     2     2    10
 -1.5868319750413906E-01 a       691     1     2     2    11
  8.1489911566635834E-02 a       692     1     2     2    12
 -1.4200395603139856E-01 a       693     1     2     2    13
  2.5160637835682870E-01 a       694     1     2     2    14
 -3.7060600638982677E-01 a       695     1     2     2    15
  4.3315746104784469E-01 a       696     1     2     2    16
  3.8970652429337288E-01 a       697     1     2     2    17
 -6.1482833695664962E-01 a       698     1     2     2    18
  1.1574837778523071E-01 a       699     1     2     2    19
  6.8732872912658741E-02 a       700     1     2     2    20
  2.3764854297608673E-01 a       701     1     3     2     1
 -2.4240647586101025E-01 a       702     1     3     2     2
  4.4714661257213734E-01 a       703     1     3     2     3
 -5.8130380841880869E-01 a       704     1     3     2     4
  6.0915394926072952E-02 a       705     1     3     2     5
 -1.5124792922422808E-01 a       706     1     3     2     6
  3.6867017918402845E-01 a       707     1     3     2     7
  3.1548624375023993E-01 a       708     1     3     2     8
 -2.5037423701127171E-01 a       709     1     3     2     9
 -5.0951237355653145E-01 a       710     1     3     2    10
  3.3750715259971628E-02 a       711     1     3     2    11
  5.6471418839382947E-01 a       712     1     3     2    12
 -4.4598134505094594E-01 a       713     1     3     2    13
 -1.1116323184896096E-01 a       714     1     3     2    14
 -2.8677868572048842E-01 a       715     1     3     2    15
 -4.8819664948411762E-01 a       716     1     3     2    16
  4.0992994971773949E-01 a       717     1     3     2    17
  5.2379961770992967E-01 a       718     1     3     2    18
  2.3627634654799737E-01 a       719     1     3     2    19
  3.0966333526082124E-01 a       720     1     3     2    20
 -2.8016010751506445E-02 a       721     1     4     2     1
 -4.2835430271004843E-01 a       722     1     4     2     2
  1.5986080533243760E-01 a       723     1     4     2     3
 -1.5711255069714355E-01 a       724     1     4     2     4
 -3.4823874535168370E-01 a       725     1     4     2     5
  2.5921807898346688E-01 a       726     1     4     2     6
 -4.3343474168480778E-01 a       727     1     4     2     7
  5.7652380052162300E-01 a       728     1     4     2     8
 -4.2312371669274379E-01 a       729     1     4     2     9
  5.6796269777005759E-01 a       730     1     4     2    10
  3.1574877912896565E-01 a       731     1     4     2    11
 -2.4775727724056135E-01 a       732     1     4     2    12
 -4.8644021610965560E-01 a       733     1     4     2    13
  5.2630949837158769E-01 a       734     1     4     2    14
 -5.2725824175328018E-01 a       735     1     4     2    15
 -5.0908378389183917E-01 a       736     1     4     2    16
 -3.9798111563439786E-01 a       737     1     4     2    17
 -5.1484174836855900E-01 a       738     1     4     2    18
  7.9784681921433818E-03 a       739     1     4     2    19
  4.2136196479866779E-02 a       740     1     4     2    20
  2.6594177379766293E-01 a       741     1     5     2     1
 -3.7624214127465588E-01 a       742     1     5     2     2
 -1.3106465453300870E-01 a       743     1     5     2     3
  3.3708570409181549E-01 a       744     1     5     2     4
 -4.4003314408221389E-01 a       745     1     5     2     5
  6.0638215642360827E-01 a       746     1     5     2     6
 -3.1592176051048138E-01 a       747     1     5     2     7
  5.2000521106714070E-01 a       748     1     5     2     8
 -4.5073240242861723E-01 a       749     1     5     2     9
 -8.8109461622571966E-02 a       750     1     5     2    10
 -6.3313251137702853E-01 a       751     1     5     2    11
 -2.9160983796654388E-01 a       752     1     5     2    12
 -2.5050856880877787E-01 a       753     1     5     2    13
  3.2311732518369402E-01 a       754     1     5     2    14
 -1.9450191243231935E-01 a       755     1     5     2    15
 -4.5208978972780034E-01 a       756     1     5     2    16
  5.6342460132343175E-01 a       757     1     5     2    17
  4.7796366988807437E-01 a       758     1     5     2    18
 -9.8242021516373138E-02 a       759     1     5     2    19
 -1.8201335019503887E-02 a       760     1     5     2    20
  5.2697612216887672E-02 a       761     1     6     2     1
 -3.7342794298488485E-01 a       762     1     6     2     2
  4.4517243812036400E-01 a       763     1     6     2     3
 -4.1876884449244461E-01 a       764     1     6     2     4
 -3.7988737697362207E-01 a       765     1     6     2     5
  6.6225227262315459E-02 a       766     1     6     2     6
  5.3013088649237161E-01 a       767     1     6     2     7
  6.4376937549444979E-01 a       768     1     6     2     8
 -2.9901152145820098E-01 a       769     1     6     2     9
  1.4905189327213442E-01 a       770     1     6     2    10
 -3.4346513136541590E-01 a       771     1     6     2    11
 -1.3957275538411729E-01 a       772     1     6     2    12
 -1.3449268960311883E-01 a       773     1     6     2    13
 -9.8488884854601236E-02 a       774     1     6     2    14
  5.3924469194945757E-01 a       775     1     6     2    15
  6.1753606105850137E-02 a       776     1     6     2    16
  1.4639597532154597E-01 a       777     1     6     2    17
  3.0536676702139143E-01 a       778     1     6     2    18
  2.6391929413663279E-01 a       779     1     6     2    19
  2.5551966494544037E-01 a       780     1     6     2    20
 -4.8974352909602431E-01 a       781     1     7     2     1
 -4.7628925773996889E-01 a       782     1     7     2     2
  1.0668672251349991E-01 a       783     1     7     2     3
  1.4909405318232127E-02 a       784     1     7     2     4
  8.2373925500480866E-02 a       785     1     7     2     5
 -4.0192476921822756E-01 a       786     1     7     2     6
  2.8368799510253617E-01 a       787     1     7     2     7
  2.1070885109177045E-01 a       788     1     7     2     8
  2.7596145277967893E-01 a       789     1     7     2     9
  7.7359325957902264E-02 a       790     1     7     2    10
  5.2082317891749963E-01 a       791     1     7     2    11
  3.9166799102858224E-02 a       792     1     7     2    12
  2.2012371160026706E-01 a       793     1     7     2    13
  1.9449433755370540E-01 a       794     1     7     2    14
  2.4509154176774484E-01 a       795     1     7     2    15
  2.9548846854591243E-01 a       796     1     7     2    16
 -8.1342873605359745E-02 a       797     1     7     2    17
  2.8444439318343839E-01 a       798     1     7     2    18
 -9.8993381345778605E-02 a       799     1     7     2    19
  5.4751532976443562E-01 a       800     1     7     2    20
 -1.9885181790801429E-01 a       801     1     8     2     1
 -3.3771888919463833E-01 a       802     1     8     2     2
  1.7385535055516788E-01 a       803     1     8     2     3
  3.3625474074198497E-02 a       804     1     8     2     4
  4.5317395990699769E-02 a       805     1     8     2     5
 -5.8174383798317686E-01 a       806     1     8     2     6
 -5.3125705722730254E-01 a       807     1     8     2     7
 -4.3726719269102932E-01 a       808     1     8     2     8
  1.6894267461640308E-01 a       809     1     8     2     9
  2.1047827801548645E-02 a       810     1     8     2    10
  4.9647482265642984E-01 a       811     1     8     2    11
 -4.9408637031995095E-01 a       812     1     8     2    12
  3.4564345090758308E-01 a       813     1     8     2    13
 -6.0406393919276269E-02 a       814     1     8     2    14
  2.2428009538774610E-02 a       815     1     8     2    15
  5.3397223133180627E-01 a       816     1     8     2    16
  1.8849228263364626E-01 a       817     1     8     2    17
  3.0669241920672996E-01 a       818     1     8     2    18
  1.7756109301898353E-02 a       819     1     8     2    19
  6.7533287652882003E-03 a       820     1     8     2    20
  1.2377173569146346E-01 a       821     1     9     2     1
 -5.3220865243212112E-01 a       822     1     9     2     2
  4.6033136124758167E-01 a       823     1     9     2     3
  2.2312083169860905E-01 a       824     1     9     2     4
 -4.6927642415007498E-01 a       825     1     9     2     5
 -5.3835766389276223E-02 a       826     1     9     2     6
 -4.0299867600732758E-01 a       827     1     9     2     7
  2.0459836053527217E-01 a       828     1     9     2     8
 -2.5360480262155111E-01 a       829     1     9     2     9
 -4.9697732770319564E-01 a       830     1     9     2    10
 -2.4098636983776162E-01 a       831     1     9     2    11
 -4.1356346517294229E-01 a       832     1     9     2    12
  8.2134042207808941E-02 a       833     1     9     2    13
  4.4692890620061883E-02 a       834     1     9     2    14
  6.5515214821074974E-01 a       835     1     9     2    15
 -5.1726332045068746E-01 a       836     1     9     2    16
 -4.3730435364500814E-01 a       837     1     9     2    17
  6.9947320791373432E-02 a       838     1     9     2    18
  1.2473859328838996E-01 a       839     1     9     2    19
 -6.0071239653633557E-01 a       840     1     9     2    20
  5.1089295363494325E-01 a       841     1    10     2     1
  3.6562619161523746E-01 a       842     1    10     2     2
  3.3433316379583666E-01 a       843     1    10     2     3
  2.2664087481928621E-01 a       844     1    10     2     4
  1.3303471244251935E-01 a       845     1    10     2     5
  6.1604531109993577E-01 a       846     1    10     2     6
  3.5763839415882187E-01 a       847     1    10     2     7
  3.3080805514978046E-01 a       848     1    10     2     8
  5.2992909489498585E-01 a       849     1    10     2     9
 -5.3125032357085911E-01 a       850     1    10     2    10
 -2.6315884778109984E-02 a       851     1    10     2    11
 -1.4051843362576702E-01 a       852     1    10     2    12
  4.9826118931375002E-01 a       853     1    10     2    13
 -4.1768475591046411E-01 a       854     1    10     2    14
  3.7983061905524851E-01 a       855     1    10     2    15
  8.3544689416814970E-03 a       856     1    10     2    16
  4.5445470570102930E-01 a       857     1    10     2    17
 -3.5483012267516462E-01 a       858     1    10     2    18
  4.0323994071083291E-01 a       859     1    10     2    19
 -3.0096307221541113E-01 a       860     1    10     2    20
 -1.7833430468980452E-01 a       861     1    11     2     1
 -2.2040685394009590E-01 a       862     1    11     2     2
  5.3011482165159940E-01 a       863     1    11     2     3
  6.4049648553513985E-02 a       864     1    11     2     4
  4.0585202697492884E-01 a       865     1    11     2     5
  4.4576717913118591E-01 a       866     1    11     2     6
  4.7008013424610873E-01 a       867     1    11     2     7
  4.1366384456885558E-01 a       868     1    11     2     8
  1.3164331473944776E-01 a       869     1    11     2     9
  5.3099120969455471E-01 a       870     1    11     2    10
 -5.2168267040631233E-01 a       871     1    11     2    11
  3.5919026231408469E-01 a       872     1    11     2    12
 -1.5985027773747484E-01 a       873     1    11     2    13
  2.6004352953633852E-01 a       874     1    11     2    14
  1.5012120896586151E-01 a       875     1    11     2    15
 -4.8759431781506357E-01 a       876     1    11     2    16
  6.7417416670878694E-02 a       877     1    11     2    17
 -9.3572199227248375E-03 a       878     1    11     2    18
  1.4154978215627125E-03 a       879     1    11     2    19
 -2.4590153904446188E-01 a       880     1    11     2    20
 -4.2372276989413088E-01 a       881     1    12     2     1
 -3.7282861892745073E-01 a       882     1    12     2     2
 -1.6876499081981722E-01 a       883     1    12     2     3
  5.4204470008342120E-01 a       884     1    12     2     4
 -3.6429304209100949E-01 a       885     1    12     2     5
  3.6282948822255429E-01 a       886     1    12     2     6
  9.8244674089005599E-02 a       887     1    12     2     7
 -5.9333714548761227E-02 a       888     1    12     2     8
 -8.3320017186991016E-02 a       889     1    12     2     9
  3.8605270913023171E-01 a       890     1    12     2    10
 -5.7063141628274472E-01 a       891     1    12     2    11
  6.2033151608957815E-01 a       892     1    12     2    12
 -5.7745232786251299E-01 a       893     1    12     2    13
  2.2647442040086516E-01 a       894     1    12     2    14
  6.5725232558799432E-02 a       895     1    12     2    15
 -2.7508011920433911E-01 a       896     1    12     2    16
 -2.8944817118569471E-01 a       897     1    12     2    17
  2.7256265612383102E-01 a       898     1    12     2    18
  5.3980887551254031E-01 a       899     1    12     2    19
  1.1700985578796146E-01 a       900     1    12     2    20
 -1.7140483974030011E-02 a       901     1    13     2     1
 -5.6077978582812182E-01 a       902     1    13     2     2
 -5.1250038511452256E-01 a       903     1    13     2     3
  7.3782194721666639E-02 a       904     1    13     2     4
 -1.0657390294828088E-01 a       905     1    13     2     5
 -4.2115189682098590E-02 a       906     1    13     2     6
 -1.1494494574307809E-01 a       907     1    13     2     7
 -2.3190988653627390E-01 a       908     1    13     2     8
  1.6887096039314325E-01 a       909     1    13     2     9
  3.8701782080716057E-01 a       910     1    13     2    10
 -5.9358091273271130E-01 a       911     1    13     2    11
 -2.2662835118640243E-01 a       912     1    13     2    12
  4.3285183472127436E-01 a       913     1    13     2    13
  4.7075079925498597E-01 a       914     1    13     2    14
  2.0508544834171305E-01 a       915     1    13     2    15
  4.3858362254562938E-01 a       916     1    13     2    16
  4.8673180321538184E-01 a       917     1    13     2    17
  3.2090135622010979E-01 a       918     1    13     2    18
 -1.3581800090862545E-01 a       919     1    13     2    19
  5.7053260117968252E-01 a       920     1    13     2    20
 -3.7439422823090690E-01 a       921     1    14     2     1
 -6.1422623028327149E-02 a       922     1    14     2     2
  9.0947347340119916E-02 a       923     1    14     2     3
  4.5123662234704542E-02 a       924     1    14     2     4
  1.7432667464788898E-01 a       925     1    14     2     5
 -3.2038988942772462E-02 a       926     1    14     2     6
 -8.3954225766987939E-02 a       927     1    14     2     7
 -1.2847688537728333E-01 a       928     1    14     2     8
 -2.9968029183096828E-01 a       929     1    14     2     9
  4.3108316007212161E-01 a       930     1    14     2    10
  3.0938078871040670E-01 a       931     1    14     2    11
  6.2203712362330055E-01 a       932     1    14     2    12
 -2.3427653936612292E-01 a       933     1    14     2    13
  6.6491216874661863E-01 a       934     1    14     2    14
  1.0963503240907385E-02 a       935     1    14     2    15
  1.1532913537388738E-01 a       936     1    14     2    16
 -3.7730497401767343E-01 a       937     1    14     2    17
 -3.5313708262329463E-01 a       938     1    14     2    18
  2.8519068653633500E-01 a       939     1    14     2    19
 -5.1800380335374585E-01 a       940     1    14     2    20
  4.4763781722141266E-02 a       941     1    15     2     1
  1.9345716700064422E-02 a       942     1    15     2     2
  2.1079495259242817E-01 a       943     1    15     2     3
 -1.6216391856967105E-01 a       944     1    15     2     4
 -1.0764556001266659E-01 a       945     1    15     2     5
  5.3197956137584668E-01 a       946     1    15     2     6
 -4.6724833589767834E-01 a       947     1    15     2     7
 -1.7250247660595519E-01 a       948     1    15     2     8
 -1.8953434098327968E-01 a       949     1    15     2     9
  3.0223410452872296E-01 a       950     1    15     2    10
  7.0972239672019460E-02 a       951     1    15     2    11
 -7.1823715740099048E-01 a       952     1    15     2    12
 -8.4921077992578031E-02 a       953     1    15     2    13
 -4.4816287751942618E-01 a       954     1    15     2    14
 -3.6851973385350245E-01 a       955     1    15     2    15
 -4.1699176247058167E-01 a       956     1    15     2    16
 -2.5820854725975251E-01 a       957     1    15     2    17
  3.4883895330188996E-01 a       958     1    15     2    18
 -2.4588023839890491E-01 a       959     1    15     2    19
 -1.3011398746131797E-01 a       960     1    15     2    20
 -4.9156676799410132E-01 a       961     1    16     2     1
 -3.6658397143447219E-01 a       962     1    16     2     2
 -4.6299073015551118E-01 a       963     1    16     2     3
  2.7587939989725579E-01 a       964     1    16     2     4
  1.5127562151747610E-02 a       965     1    16     2     5
 -5.7029502640474750E-01 a       966     1    16     2     6
 -2.8707250346733687E-01 a       967     1    16     2     7
  2.4319755513250663E-01 a       968     1    16     2     8
 -8.1488538957318196E-03 a       969     1    16     2     9
 -9.1946238832119470E-02 a       970     1    16     2    10
 -9.7097781333022271E-02 a       971     1    16     2    11
 -2.2327827069619557E-01 a       972     1    16     2    12
  2.3012807400893084E-01 a       973     1    16     2    13
  3.8515422966209045E-01 a       974     1    16     2    14
  5.0012091196680886E-01 a       975     1    16     2    15
  1.7166179172802148E-02 a       976     1    16     2    16
 -3.4186923789052626E-01 a       977     1    16     2    17
  3.8473597893464845E-01 a       978     1    16     2    18
 -2.2637686852058406E-01 a       979     1    16     2    19
  1.2545946285228457E-01 a       980     1    16     2    20
  1.9233015059622507E-01 a       981     1    17     2     1
  4.2574092419262133E-01 a       982     1    17     2     2
  3.9858482803260503E-01 a       983     1    17     2     3
 -5.2931988941167418E-01 a       984     1    17     2     4
  1.1063985984750709E-01 a       985     1    17     2     5
  3.2274689252308986E-01 a       986     1    17     2     6
 -1.5765927678129423E-02 a       987     1    17     2     7
  3.5996140917760722E-01 a       988     1    17     2     8
 -2.2930670106405687E-01 a       989     1    17     2     9
 -4.2596108120707638E-01 a       990     1    17     2    10
 -3.0062557613570967E-01 a       991     1    17     2    11
 -1.9678751270071060E-01 a       992     1    17     2    12
 -6.8602409839159384E-02 a       993     1    17     2    13
 -2.6338406855053309E-01 a       994     1    17     2    14
 -5.0691578196421916E-01 a       995     1    17     2    15
 -1.3725248779669924E-01 a       996     1    17     2    16
 -3.0053531813306716E-01 a       997     1    17     2    17
 -5.1286571687704507E-01 a       998     1    17     2    18
 -3.6339123595798212E-01 a       999     1    17     2    19
 -2.8338473814122966E-01 a      1000     1    17     2    20
 -5.7938546041463324E-01 a      1001     1    18     2     1
 -2.7314810664344069E-01 a      1002     1    18     2     2
  4.3905805920702262E-01 a      1003     1    18     2     3
  1.4758347892357673E-01 a      1004     1    18     2     4
  3.9330336576461206E-01 a      1005     1    18     2     5
  4.5737570383354836E-01 a      1006     1    18     2     6
 -8.9588163461970710E-02 a      1007     1    18     2     7
 -5.1465012986274060E-02 a      1008     1    18     2     8
  3.5520730130259981E-01 a      1009     1    18     2     9
 -1.0881471331219711E-01 a      1010     1    18     2    10
 -4.9077100053612158E-03 a      1011     1    18     2    11
  2.9777892375099835E-01 a      1012     1    18     2    12
 -3.1123874212853286E-02 a      1013     1    18     2    13
 -4.3014798000278948E-01 a      1014     1    18     2    14
 -5.5417533969541487E-02 a      1015     1    18     2    15
 -1.6460433495849380E-01 a      1016     1    18     2    16
  1.2971465279586164E-01 a      1017     1    18     2    17
  2.2274879764717284E-01 a      1018     1    18     2    18
 -5.9361822700921787E-02 a      1019     1    18     2    19
 -5.8836907776721414E-01 a      1020     1    18     2    20
 -5.8752840541434070E-01 a      1021     1    19     2     1
 -3.8528425912255732E-01 a      1022     1    19     2     2
  4.7090197425551289E-01 a      1023     1    19     2     3
 -4.3637975259784723E-01 a      1024     1    19     2     4
  4.9674416505612870E-02 a      1025     1    19     2     5
 -2.0662726632234169E-01 a      1026     1    19     2     6
 -5.3504669550262063E-01 a      1027     1    19     2     7
  3.2636662501879249E-01 a      1028     1    19     2     8
 -3.0166126558036477E-01 a      1029     1    19     2     9
 -1.2542764073081331E-01 a      1030     1    19     2    10
 -3.5548719808521506E-01 a      1031     1    19     2    11
  1.1831975611162329E-02 a      1032     1    19     2    12
  5.6930034360402268E-02 a      1033     1    19     2    13
  2.3581803425945253E-02 a      1034     1    19     2    14
 -1.6325361648009221E-01 a      1035     1    19     2    15
 -2.0774685057667117E-01 a      1036     1    19     2    16
  4.9631902936251771E-01 a      1037     1    19     2    17
 -5.5457262815746866E-01 a      1038     1    19     2    18
 -5.0847519535982666E-01 a      1039     1    19     2    19
  4.7536811932908307E-01 a      1040     1    19     2    20
  6.3254983364954809E-01 a      1041     1    20     2     1
  5.1656315445237511E-01 a      1042     1    20     2     2
  4.9086765164123985E-01 a      1043     1    20     2     3
  6.1536690419454765E-01 a      1044     1    20     2     4
  5.3113114322429167E-01 a      1045     1    20     2     5
  1.5060253139198854E-01 a      1046     1    20     2     6
  4.1288931860481198E-01 a      1047     1    20     2     7
 -5.0642279715937233E-01 a      1048     1    20     2     8
  6.8804236492224824E-01 a      1049     1    20     2     9
  1.3136223471555272E-01 a      1050     1    20     2    10
  4.9927925213949303E-01 a      1051     1    20     2    11
  1.7727182983275969E-01 a      1052     1    20     2    12
  3.8654057332812297E-01 a      1053     1    20     2    13
  6.0805324766093305E-01 a      1054     1    20     2    14
  2.4561102888271821E-01 a      1055     1    20     2    15
  4.5723383158357028E-01 a      1056     1    20     2    16
 -2.3166885983524843E-01 a      1057     1    20     2    17
 -3.3973620499477991E-01 a      1058     1    20     2    18
  4.8404131042233833E-01 a      1059     1    20     2    19
 -2.2661310684650708E-02 a      1060     1    20     2    20
 -5.9496144344208157E-01 b      1061     2     1
  6.3429273076402704E-01 b      1062     2     2
 -1.4845656139498771E+00 b      1063     2     3
 -1.4799113262667531E+00 b      1064     2     4
  1.5127271601951926E+00 b      1065     2     5
 -1.4489890275797936E+00 b      1066     2     6
 -3.7925085640952189E-01 b      1067     2     7
 -1.1486112908077315E+00 b      1068     2     8
  2.8560626514224641E-02 b      1069     2     9
 -1.5391961010919695E+00 b      1070     2    10
 -9.1470593543012324E-01 b      1071     2    11
  1.4297394370433258E-01 b      1072     2    12
 -1.3854134849048942E+00 b      1073     2    13
  3.7154445790546442E-01 b      1074     2    14
  2.3593398576919342E-01 b      1075     2    15
  9.3979475814230040E-01 b      1076     2    16
 -2.4057250897492224E-01 b      1077     2    17
 -1.2102861681183710E+00 b      1078     2    18
  1.2033478213324849E+00 b      1079     2    19
  1.2572091058136017E+00 b      1080     2    20
  3.2297645005044473E-01 a      1081     2     1     3     1
  3.4070056171027457E-01 a      1082     2     2     3     1
  3.3275887781960911E-01 a      1083     2     3     3     1
  1.5856206281508373E-01 a      1084     2     4     3     1
 -6.1340178674985468E-01 a      1085     2     5     3     1
  3.4870542725040438E-01 a      1086     2     6     3     1
  1.4756433460821181E-01 a      1087     2     7     3     1
 -8.5854548225396776E-01 a      1088     2     8     3     1
  5.4764179460205653E-01 a      1089     2     9     3     1
 -2.5922361952362977E-01 a      1090     2    10     3     1
 -6.2457887847088681E-02 a      1091     2    11     3     1
 -4.8561207192498385E-01 a      1092     2    12     3     1
 -1.0161700157516294E+00 a      1093     2    13     3     1
 -3.0026610790041608E-01 a      1094     2    14     3     1
  2.2588908858218298E-01 a      1095     2    15     3     1
 -6.9602723630914443E-01 a      1096     2    16     3     1
 -1.3826744754715092E-01 a      1097     2    17     3     1
  2.0547801218657642E-02 a      1098     2    18     3     1
 -6.1082107824105802E-01 a      1099     2    19     3     1
  1.0209268450843736E+00 a      1100     2    20     3     1
 -6.0824382791161080E-01 b      1101     3     1
