################################################################################
# Neural network connection values (weights and biases).
################################################################################
# Col  Name       Description
################################################################################
# 1    connection Neural network connection value.
# 2    t          Connection type (a = weight, b = bias).
# 3    index      Index enumerating weights.
# 4    l_s        Starting point layer (end point layer for biases).
# 5    n_s        Starting point neuron in starting layer (end point neuron for biases).
# 6    l_e        End point layer.
# 7    n_e        End point neuron in end layer.
################################################################################
#                      1 2         3     4     5     6     7
#             connection t     index   l_s   n_s   l_e   n_e
############################################################
  1.4072324361209057E-01 a         1     0     1     1     1
  8.2567533490957995E-02 a         2     0     1     1     2
  2.1567631644932216E-02 a         3     0     1     1     3
  1.5420793913044592E-01 a         4     0     1     1     4
  7.9568088543383916E-02 a         5     0     1     1     5
  3.6412418489104104E-01 a         6     0     1     1     6
 -2.8763195354815707E-01 a         7     0     1     1     7
  2.0126499290550701E-02 a         8     0     1     1     8
 -1.5221713174058440E-01 a         9     0     1     1     9
  5.3976837451351484E-03 a        10     0     1     1    10
 -2.0414201629858342E-01 a        11     0     1     1    11
  1.3199583744632160E-01 a        12     0     1     1    12
 -9.6026044704198201E-03 a        13     0     1     1    13
  2.1896591722480586E-02 a        14     0     1     1    14
 -3.7901727456891424E-02 a        15     0     1     1    15
  2.1355404226406574E-01 a        16     0     1     1    16
 -1.8453165285262957E-01 a        17     0     1     1    17
 -1.5457586520090832E-01 a        18     0     1     1    18
 -1.0785728971461164E-01 a        19     0     1     1    19
  1.5721769454697512E-01 a        20     0     1     1    20
  8.6946033154900862E-02 a        21     0     2     1     1
 -3.6794087636265582E-01 a        22     0     2     1     2
  9.9803643499745704E-03 a        23     0     2     1     3
  3.5521803626068035E-02 a        24     0     2     1     4
 -5.0853932715834459E-02 a        25     0     2     1     5
 -2.8308559552361662E-01 a        26     0     2     1     6
 -1.7017687298535381E-01 a        27     0     2     1     7
 -2.0844556945392234E-01 a        28     0     2     1     8
 -1.9790217010164304E-01 a        29     0     2     1     9
  1.2004299081193991E-01 a        30     0     2     1    10
  1.6150757395974000E-01 a        31     0     2     1    11
  8.2773597172543414E-02 a        32     0     2     1    12
  2.5679142941992951E-02 a        33     0     2     1    13
 -3.5544673946480705E-02 a        34     0     2     1    14
  3.3469523104857221E-02 a        35     0     2     1    15
 -1.5669563509276474E-01 a        36     0     2     1    16
 -5.1033425869197124E-02 a        37     0     2     1    17
  2.8958607070597173E-03 a        38     0     2     1    18
  1.4698086897655505E-02 a        39     0     2     1    19
 -8.4188740466946688E-02 a        40     0     2     1    20
 -1.2618784550589485E-01 a        41     0     3     1     1
 -4.8321973656700518E-02 a        42     0     3     1     2
 -8.8629280226633467E-02 a        43     0     3     1     3
 -1.6131800322856971E-01 a        44     0     3     1     4
 -1.6881280076473820E-01 a        45     0     3     1     5
  3.1052208921758184E-01 a        46     0     3     1     6
  8.9525098002915998E-02 a        47     0     3     1     7
  1.9289077314752281E-01 a        48     0     3     1     8
 -1.5824409449439419E-01 a        49     0     3     1     9
 -7.0862683956155262E-02 a        50     0     3     1    10
  1.3554780642386285E-01 a        51     0     3     1    11
 -7.1165753998275058E-02 a        52     0     3     1    12
 -1.4219711492047366E-01 a        53     0     3     1    13
  5.7235433559113223E-02 a        54     0     3     1    14
 -1.9962822573406153E-01 a        55     0     3     1    15
 -2.6135682147372152E-01 a        56     0     3     1    16
 -1.2458180267770795E-01 a        57     0     3     1    17
 -6.9748169922104516E-02 a        58     0     3     1    18
 -2.9947914832045436E-01 a        59     0     3     1    19
  1.2395080235308960E-01 a        60     0     3     1    20
 -2.0073187691968225E-01 a        61     0     4     1     1
 -2.3961492099581180E-01 a        62     0     4     1     2
 -2.7482303141971892E-01 a        63     0     4     1     3
  1.3092936723967782E-01 a        64     0     4     1     4
 -1.3417903731527867E-01 a        65     0     4     1     5
 -7.1704380357532016E-01 a        66     0     4     1     6
  5.6103396123705229E-01 a        67     0     4     1     7
  1.4645789224630687E-01 a        68     0     4     1     8
  4.5623722864040440E-03 a        69     0     4     1     9
 -9.8161459674148160E-02 a        70     0     4     1    10
 -1.8641311927768522E-02 a        71     0     4     1    11
  1.8073937951808064E-01 a        72     0     4     1    12
 -4.5825316366905643E-02 a        73     0     4     1    13
  1.8029137636120185E-01 a        74     0     4     1    14
 -1.8877168760715238E-01 a        75     0     4     1    15
 -5.9939258147380624E-02 a        76     0     4     1    16
  2.3675121719561681E-01 a        77     0     4     1    17
 -2.0808393359904723E-01 a        78     0     4     1    18
  1.3538271938609836E-01 a        79     0     4     1    19
 -1.2336582055018203E-01 a        80     0     4     1    20
 -1.6182282002295476E-01 a        81     0     5     1     1
  5.3683895123894258E-02 a        82     0     5     1     2
  7.7150118014670003E-03 a        83     0     5     1     3
 -5.9712929157053445E-02 a        84     0     5     1     4
  2.5031768840386576E-01 a        85     0     5     1     5
  1.0743054883787791E-01 a        86     0     5     1     6
 -8.9219501410158719E-02 a        87     0     5     1     7
  1.1810052041927333E-02 a        88     0     5     1     8
  1.3595654804421774E-02 a        89     0     5     1     9
 -1.1238071404634518E-01 a        90     0     5     1    10
 -1.7021137185712096E-01 a        91     0     5     1    11
 -6.8698174605584014E-02 a        92     0     5     1    12
 -6.5870229556749774E-02 a        93     0     5     1    13
 -2.0501664955918625E-01 a        94     0     5     1    14
  2.2729536824624372E-01 a        95     0     5     1    15
 -1.1324261323590834E-01 a        96     0     5     1    16
 -5.7558434834203268E-02 a        97     0     5     1    17
 -1.9130738062972555E-01 a        98     0     5     1    18
 -1.4602824531030681E-01 a        99     0     5     1    19
  2.1642063900941025E-01 a       100     0     5     1    20
  3.9438497856847021E-01 a       101     0     6     1     1
  9.0885782375660834E-02 a       102     0     6     1     2
  1.6747258206978891E-01 a       103     0     6     1     3
  2.5291073892005794E-01 a       104     0     6     1     4
  2.6267583413509865E-01 a       105     0     6     1     5
 -2.4018527586629024E-03 a       106     0     6     1     6
 -2.6279569611804970E-01 a       107     0     6     1     7
  2.2654137526924481E-01 a       108     0     6     1     8
  7.9835092764607471E-02 a       109     0     6     1     9
 -1.0363050023802381E-01 a       110     0     6     1    10
 -8.3046902317349819E-02 a       111     0     6     1    11
  2.8730704356537967E-01 a       112     0     6     1    12
 -1.7926713672009312E-01 a       113     0     6     1    13
 -2.5799572620314789E-02 a       114     0     6     1    14
  1.8988048542247829E-01 a       115     0     6     1    15
 -2.3530623953892130E-01 a       116     0     6     1    16
 -1.3116909832978543E-01 a       117     0     6     1    17
  2.9818538211537671E-01 a       118     0     6     1    18
  1.4538460718804505E-01 a       119     0     6     1    19
 -1.5585743299534321E-01 a       120     0     6     1    20
  2.8902327594726496E-02 a       121     0     7     1     1
  1.5420403661050300E-01 a       122     0     7     1     2
  1.5197512262347587E-01 a       123     0     7     1     3
  1.6472669760848752E-01 a       124     0     7     1     4
  4.2288286283635165E-02 a       125     0     7     1     5
 -1.5102099710815048E-01 a       126     0     7     1     6
 -1.7150679294842597E-01 a       127     0     7     1     7
 -2.8846576833072729E-01 a       128     0     7     1     8
 -5.4229239491807475E-02 a       129     0     7     1     9
  7.6732632040087817E-02 a       130     0     7     1    10
 -1.8970238782576862E-01 a       131     0     7     1    11
 -2.0586686804548501E-02 a       132     0     7     1    12
 -3.0572944961964166E-02 a       133     0     7     1    13
  1.0820133911235712E-01 a       134     0     7     1    14
 -1.3975471290257589E-02 a       135     0     7     1    15
 -1.0055439649106979E-01 a       136     0     7     1    16
 -2.0377300004636151E-01 a       137     0     7     1    17
 -1.4199745540868328E-01 a       138     0     7     1    18
  1.0655255048701834E-01 a       139     0     7     1    19
 -1.4326381106851244E-01 a       140     0     7     1    20
  2.3345949875170055E-01 a       141     0     8     1     1
  1.3712714299841608E-01 a       142     0     8     1     2
  8.1977536409768834E-02 a       143     0     8     1     3
 -1.0416705840724932E-01 a       144     0     8     1     4
  9.1744536330952448E-02 a       145     0     8     1     5
  1.3054731833451910E-01 a       146     0     8     1     6
 -9.6188083268432270E-02 a       147     0     8     1     7
 -3.6129222405303653E-03 a       148     0     8     1     8
 -2.3889493043825655E-01 a       149     0     8     1     9
  1.1334711496434165E-01 a       150     0     8     1    10
  2.2318151221407093E-01 a       151     0     8     1    11
 -1.5686283073267915E-02 a       152     0     8     1    12
  5.7018851110308905E-03 a       153     0     8     1    13
  2.8133214719346850E-01 a       154     0     8     1    14
  9.2760859075631696E-02 a       155     0     8     1    15
 -2.8800560875067571E-01 a       156     0     8     1    16
  9.2317328824556052E-02 a       157     0     8     1    17
  1.5605319350129713E-02 a       158     0     8     1    18
 -3.3142687427257955E-02 a       159     0     8     1    19
 -1.3657154722347581E-01 a       160     0     8     1    20
 -2.0694578788217560E-01 a       161     0     9     1     1
 -1.5823941713248582E-01 a       162     0     9     1     2
  1.8153685783024323E-01 a       163     0     9     1     3
 -4.8843554288548523E-02 a       164     0     9     1     4
 -3.2210366917504812E-01 a       165     0     9     1     5
 -3.8783200821036623E-01 a       166     0     9     1     6
 -2.6916776132220065E-02 a       167     0     9     1     7
 -3.4628989582918976E-02 a       168     0     9     1     8
  1.0013371433999196E-01 a       169     0     9     1     9
 -8.9421017825634344E-02 a       170     0     9     1    10
  7.9059304574928560E-02 a       171     0     9     1    11
 -1.9712927825835283E-01 a       172     0     9     1    12
  3.5038888367983007E-01 a       173     0     9     1    13
  2.2208866882298395E-01 a       174     0     9     1    14
 -2.1984062268832108E-02 a       175     0     9     1    15
  3.3431332491999888E-01 a       176     0     9     1    16
  3.5569986299313222E-01 a       177     0     9     1    17
 -2.1259236473141108E-01 a       178     0     9     1    18
 -1.1146699210030572E-01 a       179     0     9     1    19
 -1.7332810653453778E-01 a       180     0     9     1    20
  8.9096595267977072E-02 a       181     0    10     1     1
 -1.8571985942847782E-01 a       182     0    10     1     2
 -2.0206256089646946E-01 a       183     0    10     1     3
  2.4910457462191776E-01 a       184     0    10     1     4
  9.9464189111028570E-02 a       185     0    10     1     5
 -4.3833220436550901E-01 a       186     0    10     1     6
  3.9134315430359545E-01 a       187     0    10     1     7
  3.3676401004230377E-01 a       188     0    10     1     8
 -1.3264418474717438E-01 a       189     0    10     1     9
 -8.3779894770426938E-02 a       190     0    10     1    10
  1.9371628730221895E-02 a       191     0    10     1    11
  4.5890105543826241E-02 a       192     0    10     1    12
  5.8684406886280273E-02 a       193     0    10     1    13
  1.5595245302218166E-01 a       194     0    10     1    14
 -1.3981801232180557E-01 a       195     0    10     1    15
  1.1149298074474222E-01 a       196     0    10     1    16
  2.0683202650066596E-01 a       197     0    10     1    17
 -3.3272541506654801E-01 a       198     0    10     1    18
  1.5568632586768827E-01 a       199     0    10     1    19
  4.8284742791118086E-02 a       200     0    10     1    20
 -7.6900629794078579E-02 a       201     0    11     1     1
 -2.5726476323701164E-01 a       202     0    11     1     2
  6.5276153427329092E-02 a       203     0    11     1     3
 -2.6696348441442636E-01 a       204     0    11     1     4
  5.9581286736753704E-02 a       205     0    11     1     5
  2.2374953323745495E-01 a       206     0    11     1     6
  1.2656575496016023E-01 a       207     0    11     1     7
  2.1678972469961824E-01 a       208     0    11     1     8
  2.4277831547631371E-01 a       209     0    11     1     9
  3.1220097953969828E-01 a       210     0    11     1    10
 -1.8787722630067985E-01 a       211     0    11     1    11
  1.7659778761887601E-01 a       212     0    11     1    12
 -1.3543733799969127E-01 a       213     0    11     1    13
 -3.4344704714317137E-01 a       214     0    11     1    14
 -9.2489302597204920E-02 a       215     0    11     1    15
  1.5508613792414097E-01 a       216     0    11     1    16
 -4.3584548045485068E-02 a       217     0    11     1    17
  3.8597855464502673E-01 a       218     0    11     1    18
 -2.2052636869968859E-01 a       219     0    11     1    19
  1.2100646942047218E-01 a       220     0    11     1    20
 -2.8288738386010942E-01 a       221     0    12     1     1
  7.3275245572957254E-02 a       222     0    12     1     2
 -1.0159309478346674E-01 a       223     0    12     1     3
 -1.1936632084509614E-01 a       224     0    12     1     4
 -1.5746645679990512E-01 a       225     0    12     1     5
  1.5411972502356605E-01 a       226     0    12     1     6
 -1.0164130111682631E-02 a       227     0    12     1     7
  1.6995723108141420E-01 a       228     0    12     1     8
  1.7455862369873146E-01 a       229     0    12     1     9
 -1.8047844348970027E-01 a       230     0    12     1    10
  1.8770010698517892E-01 a       231     0    12     1    11
  3.9095008427183303E-02 a       232     0    12     1    12
  7.5589258902004309E-03 a       233     0    12     1    13
 -1.4580081902764089E-02 a       234     0    12     1    14
 -3.3514396637249777E-01 a       235     0    12     1    15
 -1.3355863907032963E-02 a       236     0    12     1    16
 -1.8739766176500325E-01 a       237     0    12     1    17
 -1.4832077585664694E-01 a       238     0    12     1    18
 -1.4131391436960514E-01 a       239     0    12     1    19
 -1.4521172031085536E-01 a       240     0    12     1    20
  1.0797157747986587E-01 a       241     0    13     1     1
 -6.5493510429608257E-02 a       242     0    13     1     2
  1.2281991217456426E-01 a       243     0    13     1     3
  1.0357234277137786E-01 a       244     0    13     1     4
 -4.2922339033575792E-02 a       245     0    13     1     5
 -4.6712032291180100E-01 a       246     0    13     1     6
 -6.5124578235527364E-02 a       247     0    13     1     7
  1.9485073705080785E-01 a       248     0    13     1     8
 -8.0165344831690209E-03 a       249     0    13     1     9
  6.9216586615737596E-02 a       250     0    13     1    10
 -1.9185532181765430E-01 a       251     0    13     1    11
 -4.1699376157982672E-02 a       252     0    13     1    12
  1.0330642169824170E-03 a       253     0    13     1    13
  1.0644994524084424E-01 a       254     0    13     1    14
 -9.3116897211896490E-02 a       255     0    13     1    15
 -1.7153666563089770E-01 a       256     0    13     1    16
 -1.9516666305819841E-01 a       257     0    13     1    17
 -7.4929876776495929E-02 a       258     0    13     1    18
  5.1658285412014816E-02 a       259     0    13     1    19
 -3.6592398970099029E-03 a       260     0    13     1    20
 -1.7032412298100122E-01 a       261     0    14     1     1
 -1.0547418816934041E-01 a       262     0    14     1     2
  6.6892075299707601E-02 a       263     0    14     1     3
 -8.1608763456680083E-02 a       264     0    14     1     4
 -9.1334339749353399E-02 a       265     0    14     1     5
  2.1549974964606722E-01 a       266     0    14     1     6
 -1.5963814033851226E-01 a       267     0    14     1     7
 -3.0320934931461391E-02 a       268     0    14     1     8
 -3.6080637897137813E-01 a       269     0    14     1     9
 -6.4069762277575298E-02 a       270     0    14     1    10
  2.1706008091955573E-01 a       271     0    14     1    11
  7.7669091862608841E-02 a       272     0    14     1    12
 -8.8935830647802111E-02 a       273     0    14     1    13
  4.5969285023122260E-02 a       274     0    14     1    14
  1.7524607959255759E-01 a       275     0    14     1    15
 -1.6364758105413979E-01 a       276     0    14     1    16
 -3.0778311756333759E-02 a       277     0    14     1    17
  1.0616298983367907E-01 a       278     0    14     1    18
 -1.7269299277772898E-01 a       279     0    14     1    19
 -1.1499657882603471E-01 a       280     0    14     1    20
 -4.3959219023432375E-02 a       281     0    15     1     1
  4.7407192560619260E-01 a       282     0    15     1     2
  9.0355209786579654E-02 a       283     0    15     1     3
  5.2887215577954144E-02 a       284     0    15     1     4
 -3.2595485485538850E-01 a       285     0    15     1     5
 -9.7594946532365973E-02 a       286     0    15     1     6
 -1.1167343803260327E-01 a       287     0    15     1     7
 -4.3819292364107490E-02 a       288     0    15     1     8
  6.8861110641890724E-02 a       289     0    15     1     9
 -4.1835902843729941E-02 a       290     0    15     1    10
  9.9182691861285019E-02 a       291     0    15     1    11
  9.3289821710837439E-02 a       292     0    15     1    12
  1.1473923287528448E-01 a       293     0    15     1    13
 -2.4798555775012743E-04 a       294     0    15     1    14
  1.8151448981259138E-01 a       295     0    15     1    15
 -3.3175605882907949E-01 a       296     0    15     1    16
  9.4202294979443338E-02 a       297     0    15     1    17
  7.1042341726373096E-02 a       298     0    15     1    18
  2.0216470758102531E-01 a       299     0    15     1    19
 -1.1382102509916749E-01 a       300     0    15     1    20
 -8.7114280056133142E-02 a       301     0    16     1     1
  5.6046056959931187E-02 a       302     0    16     1     2
 -3.2136768060520349E-01 a       303     0    16     1     3
  1.2081992304538876E-01 a       304     0    16     1     4
 -2.1781995510132976E-01 a       305     0    16     1     5
  1.1188357914825205E-03 a       306     0    16     1     6
  2.2600518240411083E-01 a       307     0    16     1     7
  1.1149178724208827E-01 a       308     0    16     1     8
  2.3071850968182397E-02 a       309     0    16     1     9
 -2.3130505284115140E-02 a       310     0    16     1    10
 -7.6987531684298838E-02 a       311     0    16     1    11
  1.3512226893603230E-01 a       312     0    16     1    12
 -1.2289333679707919E-01 a       313     0    16     1    13
  1.0234017163670033E-01 a       314     0    16     1    14
 -1.7441609690129031E-01 a       315     0    16     1    15
  9.8991154009403864E-02 a       316     0    16     1    16
 -1.9596300240116871E-02 a       317     0    16     1    17
  1.2721025181147860E-01 a       318     0    16     1    18
  1.6257619294392051E-01 a       319     0    16     1    19
 -1.0452522360448166E-01 a       320     0    16     1    20
 -1.2133368638231017E-01 a       321     0    17     1     1
 -6.5565214508168573E-02 a       322     0    17     1     2
  3.3205419414001036E-01 a       323     0    17     1     3
 -1.7656006378686637E-01 a       324     0    17     1     4
  1.6221627375047210E-01 a       325     0    17     1     5
  2.9477277259648593E-01 a       326     0    17     1     6
 -7.6086960108392540E-02 a       327     0    17     1     7
 -7.0416251706621510E-02 a       328     0    17     1     8
  2.4159705574164525E-01 a       329     0    17     1     9
  2.0569678438817052E-01 a       330     0    17     1    10
  2.0200675063209869E-02 a       331     0    17     1    11
 -2.6502020926436672E-02 a       332     0    17     1    12
  1.0803054907477067E-01 a       333     0    17     1    13
 -1.7469778189023696E-01 a       334     0    17     1    14
  1.1918017351188598E-01 a       335     0    17     1    15
  6.5834675961294151E-02 a       336     0    17     1    16
  1.8136691827353513E-01 a       337     0    17     1    17
  3.6193440358670255E-03 a       338     0    17     1    18
 -1.6491764887462533E-02 a       339     0    17     1    19
  1.4081699521591057E-01 a       340     0    17     1    20
 -2.8104639740925746E-01 a       341     0    18     1     1
 -1.3346946905490992E-01 a       342     0    18     1     2
  1.4524344031241788E-03 a       343     0    18     1     3
 -5.6536156579522816E-02 a       344     0    18     1     4
  1.9704674555076029E-01 a       345     0    18     1     5
  1.7777743156951920E-01 a       346     0    18     1     6
  1.4147851649368587E-01 a       347     0    18     1     7
 -3.2751085580282314E-02 a       348     0    18     1     8
  5.1157151578613565E-02 a       349     0    18     1     9
 -4.2746798852971835E-02 a       350     0    18     1    10
  4.9186930710526496E-02 a       351     0    18     1    11
 -1.5460596397212504E-02 a       352     0    18     1    12
 -1.2693653584619410E-01 a       353     0    18     1    13
  7.1828895048535138E-02 a       354     0    18     1    14
 -1.6316831823165015E-01 a       355     0    18     1    15
  1.5054208806088593E-01 a       356     0    18     1    16
 -3.9783455930481368E-02 a       357     0    18     1    17
  8.6898421251492941E-02 a       358     0    18     1    18
 -9.9764295159133251E-02 a       359     0    18     1    19
 -1.5183569919047152E-01 a       360     0    18     1    20
 -4.3653554547579548E-02 a       361     0    19     1     1
 -1.9513042916098441E-02 a       362     0    19     1     2
 -2.1443527570728055E-01 a       363     0    19     1     3
 -9.2332285786288059E-03 a       364     0    19     1     4
 -1.8965634515592333E-01 a       365     0    19     1     5
 -1.3312640323492306E-01 a       366     0    19     1     6
 -2.0394833298235126E-03 a       367     0    19     1     7
 -4.9512208781168727E-03 a       368     0    19     1     8
  1.0345087291901392E-01 a       369     0    19     1     9
  3.3800020207385484E-02 a       370     0    19     1    10
 -1.0140960187302342E-01 a       371     0    19     1    11
 -1.1066524978764475E-01 a       372     0    19     1    12
 -1.2176276773981209E-01 a       373     0    19     1    13
  2.9014079159239040E-02 a       374     0    19     1    14
  1.7112678552693389E-01 a       375     0    19     1    15
 -2.5568772042214150E-01 a       376     0    19     1    16
 -1.1435572729877876E-01 a       377     0    19     1    17
 -3.0433327970644724E-02 a       378     0    19     1    18
 -8.1734946980778947E-02 a       379     0    19     1    19
  5.2004263203509662E-02 a       380     0    19     1    20
  1.8214618210339220E-01 a       381     0    20     1     1
  9.4460319209785884E-02 a       382     0    20     1     2
 -4.9813468547986565E-02 a       383     0    20     1     3
  1.5452737326841722E-03 a       384     0    20     1     4
 -5.5712268460960772E-02 a       385     0    20     1     5
  4.9314539476491117E-03 a       386     0    20     1     6
 -1.2397335421978661E-01 a       387     0    20     1     7
 -1.2533755320259707E-01 a       388     0    20     1     8
 -2.8961795355724247E-02 a       389     0    20     1     9
 -1.2647000089267424E-01 a       390     0    20     1    10
  1.2294380161416357E-01 a       391     0    20     1    11
 -5.7222354052168549E-03 a       392     0    20     1    12
  3.7512890846306390E-03 a       393     0    20     1    13
 -5.2802700864080676E-02 a       394     0    20     1    14
  8.1518292349707464E-02 a       395     0    20     1    15
  7.3765321747876977E-02 a       396     0    20     1    16
  1.2109592003295677E-02 a       397     0    20     1    17
 -1.0782999462885276E-01 a       398     0    20     1    18
 -1.6469339791934165E-01 a       399     0    20     1    19
 -8.6072285260151385E-02 a       400     0    20     1    20
  1.8593873744381048E-01 a       401     0    21     1     1
  1.1204545613845027E-01 a       402     0    21     1     2
 -1.5211380896129711E-01 a       403     0    21     1     3
  9.8294847485752165E-02 a       404     0    21     1     4
  1.1113253904623104E-02 a       405     0    21     1     5
 -1.7567358485052134E-01 a       406     0    21     1     6
 -2.2130975546468359E-01 a       407     0    21     1     7
 -2.3839366505869605E-01 a       408     0    21     1     8
 -1.1338679494237151E-01 a       409     0    21     1     9
 -1.6335248222087811E-01 a       410     0    21     1    10
 -1.4223824612645442E-01 a       411     0    21     1    11
  5.0665465065244837E-02 a       412     0    21     1    12
  1.0104808973193902E-01 a       413     0    21     1    13
  1.1224047771302206E-01 a       414     0    21     1    14
 -4.8597848648896387E-02 a       415     0    21     1    15
 -2.7990158298664181E-01 a       416     0    21     1    16
 -4.8198525439438998E-02 a       417     0    21     1    17
 -1.6808131208975638E-01 a       418     0    21     1    18
 -8.9908277265620937E-02 a       419     0    21     1    19
 -7.5504431654191809E-02 a       420     0    21     1    20
 -6.5977798826181572E-02 a       421     0    22     1     1
 -1.0878646589796408E-01 a       422     0    22     1     2
  7.3791881139158827E-02 a       423     0    22     1     3
  1.6388913131431228E-02 a       424     0    22     1     4
 -1.2195986721438784E-01 a       425     0    22     1     5
 -7.7336060978561265E-03 a       426     0    22     1     6
  1.7711144203669738E-01 a       427     0    22     1     7
  1.6543873855063687E-01 a       428     0    22     1     8
 -1.9416384924572080E-01 a       429     0    22     1     9
 -2.1727981290414148E-03 a       430     0    22     1    10
  2.0222059624471749E-02 a       431     0    22     1    11
  1.2072452722895333E-01 a       432     0    22     1    12
 -1.4997891035864212E-02 a       433     0    22     1    13
  8.0842691161288380E-02 a       434     0    22     1    14
 -2.0980508947321747E-01 a       435     0    22     1    15
 -3.6771364840795802E-02 a       436     0    22     1    16
 -3.3667422132144915E-02 a       437     0    22     1    17
  1.8851628576570462E-01 a       438     0    22     1    18
  1.1860091199591825E-01 a       439     0    22     1    19
 -1.3716878981367750E-01 a       440     0    22     1    20
 -3.1013553038490172E-02 a       441     0    23     1     1
  2.0445090899400034E-01 a       442     0    23     1     2
  2.4439318556194700E-01 a       443     0    23     1     3
 -3.1725829355046996E-02 a       444     0    23     1     4
  2.6844698253545241E-01 a       445     0    23     1     5
  2.0356663380646320E-01 a       446     0    23     1     6
 -6.2624410712899897E-02 a       447     0    23     1     7
 -9.1596473981611540E-02 a       448     0    23     1     8
 -1.5305946440619821E-02 a       449     0    23     1     9
  1.2551539050038413E-01 a       450     0    23     1    10
 -1.5458662752971764E-01 a       451     0    23     1    11
  5.8954241892773152E-02 a       452     0    23     1    12
  2.2407715232145558E-02 a       453     0    23     1    13
  5.9832690947089658E-03 a       454     0    23     1    14
  6.5226861940798866E-02 a       455     0    23     1    15
  1.9361566057969076E-01 a       456     0    23     1    16
  1.4154316627656720E-02 a       457     0    23     1    17
 -2.5254346857321024E-02 a       458     0    23     1    18
  3.1815736302481350E-02 a       459     0    23     1    19
  1.8255645519279340E-01 a       460     0    23     1    20
 -3.0252264816282914E-02 a       461     0    24     1     1
  2.1889020073125032E-01 a       462     0    24     1     2
  1.1425986295695874E-01 a       463     0    24     1     3
 -5.0079083430113296E-02 a       464     0    24     1     4
  1.9121307498232415E-01 a       465     0    24     1     5
  2.6699303563036469E-01 a       466     0    24     1     6
  1.4630148143171076E-01 a       467     0    24     1     7
  2.7605772641263057E-02 a       468     0    24     1     8
  2.1476459752423044E-02 a       469     0    24     1     9
  7.5533675941503592E-02 a       470     0    24     1    10
  2.0265040278976243E-02 a       471     0    24     1    11
  1.0321831730457838E-01 a       472     0    24     1    12
 -1.1370369308792339E-01 a       473     0    24     1    13
  8.8429406983242288E-03 a       474     0    24     1    14
 -1.0968975508186769E-01 a       475     0    24     1    15
  2.5871671005562580E-01 a       476     0    24     1    16
 -6.2363893560678466E-02 a       477     0    24     1    17
  1.6042127018692762E-01 a       478     0    24     1    18
 -7.6375420586433304E-02 a       479     0    24     1    19
  1.2004200591407700E-01 a       480     0    24     1    20
  1.2924989150259598E-02 a       481     0    25     1     1
  3.7373530637996762E-02 a       482     0    25     1     2
 -1.2335978973732918E-01 a       483     0    25     1     3
  7.1679222886437211E-03 a       484     0    25     1     4
 -3.5576250435741252E-02 a       485     0    25     1     5
 -7.8380584468040138E-02 a       486     0    25     1     6
 -7.3533427298760390E-02 a       487     0    25     1     7
 -8.3435552421086204E-02 a       488     0    25     1     8
  1.0812345991695753E-01 a       489     0    25     1     9
 -2.2664738066124464E-02 a       490     0    25     1    10
  1.6923000516164220E-02 a       491     0    25     1    11
 -1.5272484812260159E-01 a       492     0    25     1    12
  4.5640145716311191E-02 a       493     0    25     1    13
 -3.3330056141719473E-02 a       494     0    25     1    14
  1.0317311786030610E-01 a       495     0    25     1    15
 -9.5554683733609161E-02 a       496     0    25     1    16
  4.7494906657307670E-02 a       497     0    25     1    17
 -1.3542770597124423E-01 a       498     0    25     1    18
 -2.7491727948117217E-02 a       499     0    25     1    19
  3.3673770534318741E-02 a       500     0    25     1    20
  1.5143274694165902E-02 a       501     0    26     1     1
 -2.1548047230048586E-01 a       502     0    26     1     2
 -2.3761398898460162E-01 a       503     0    26     1     3
  4.4686919723056648E-02 a       504     0    26     1     4
  2.3364285525274398E-01 a       505     0    26     1     5
 -2.8834038580958798E-02 a       506     0    26     1     6
 -1.4537660771201116E-01 a       507     0    26     1     7
 -1.3014553243849403E-01 a       508     0    26     1     8
  1.8442363766323877E-01 a       509     0    26     1     9
 -1.8597478844492604E-01 a       510     0    26     1    10
  1.1543509605295901E-01 a       511     0    26     1    11
 -1.0453879125341771E-02 a       512     0    26     1    12
 -6.0367410097602534E-02 a       513     0    26     1    13
 -5.6043457704391869E-02 a       514     0    26     1    14
 -8.8369537214062641E-02 a       515     0    26     1    15
  1.3768351809734922E-01 a       516     0    26     1    16
  2.0172473060817882E-02 a       517     0    26     1    17
 -6.0705807972660881E-03 a       518     0    26     1    18
 -1.3377600795692288E-01 a       519     0    26     1    19
 -9.2163167218286102E-02 a       520     0    26     1    20
 -4.2603525521713592E-03 a       521     0    27     1     1
 -2.3007687487866488E-01 a       522     0    27     1     2
 -2.8690506071081392E-02 a       523     0    27     1     3
  3.4010661428633834E-02 a       524     0    27     1     4
 -1.2313376717610515E-01 a       525     0    27     1     5
 -1.7844102082954308E-01 a       526     0    27     1     6
 -1.1023668850617463E-01 a       527     0    27     1     7
  1.3752688673296160E-01 a       528     0    27     1     8
  9.0617392713772005E-02 a       529     0    27     1     9
  4.5542595083471286E-04 a       530     0    27     1    10
  2.7098298680422409E-02 a       531     0    27     1    11
 -9.7490336458391821E-02 a       532     0    27     1    12
  4.4829888803104644E-02 a       533     0    27     1    13
 -3.6227637095310308E-02 a       534     0    27     1    14
  1.4457782426880289E-01 a       535     0    27     1    15
 -6.8237693346646436E-02 a       536     0    27     1    16
  4.9356649436504391E-02 a       537     0    27     1    17
 -9.1394534677655237E-02 a       538     0    27     1    18
  6.0693215711653023E-02 a       539     0    27     1    19
 -6.9473611946219316E-02 a       540     0    27     1    20
  1.1283156650445406E-01 a       541     0    28     1     1
  8.6107635178164832E-02 a       542     0    28     1     2
 -2.2623762658287503E-02 a       543     0    28     1     3
  2.6082630434441957E-02 a       544     0    28     1     4
  1.5709243930850111E-01 a       545     0    28     1     5
  1.3231698809893527E-01 a       546     0    28     1     6
  1.2424763075924475E-02 a       547     0    28     1     7
  1.7465003635868848E-01 a       548     0    28     1     8
 -1.7943980912245874E-02 a       549     0    28     1     9
 -3.5807500721271208E-02 a       550     0    28     1    10
 -3.8538432661800376E-02 a       551     0    28     1    11
  1.2461215086575973E-01 a       552     0    28     1    12
 -1.2241280102182285E-01 a       553     0    28     1    13
  4.2580249333634426E-02 a       554     0    28     1    14
 -1.1179384718850811E-01 a       555     0    28     1    15
  1.2439425056017699E-01 a       556     0    28     1    16
 -1.2010471665799659E-01 a       557     0    28     1    17
  7.4577354652015149E-02 a       558     0    28     1    18
 -1.5537930250648274E-01 a       559     0    28     1    19
  7.0128436995489818E-02 a       560     0    28     1    20
 -8.8893715978437642E-03 a       561     0    29     1     1
  2.2263487838421116E-02 a       562     0    29     1     2
  2.7079523783478038E-01 a       563     0    29     1     3
 -3.3021188590231954E-02 a       564     0    29     1     4
 -4.2113433768656380E-02 a       565     0    29     1     5
  2.7093524194813170E-02 a       566     0    29     1     6
  9.3192701728317895E-02 a       567     0    29     1     7
  5.3234578515201303E-02 a       568     0    29     1     8
 -8.2191187830129769E-02 a       569     0    29     1     9
  7.7686070382422159E-02 a       570     0    29     1    10
  2.4320759657159956E-02 a       571     0    29     1    11
 -4.0175208877622715E-02 a       572     0    29     1    12
  1.6873324926842481E-01 a       573     0    29     1    13
 -2.7577778999985213E-02 a       574     0    29     1    14
 -1.4117646190705657E-02 a       575     0    29     1    15
  9.5033282902724281E-02 a       576     0    29     1    16
  9.7947413979909581E-02 a       577     0    29     1    17
  3.7338646182997247E-03 a       578     0    29     1    18
  1.8792146118164643E-01 a       579     0    29     1    19
  5.5042140114568559E-02 a       580     0    29     1    20
  2.8969086234247564E-02 a       581     0    30     1     1
 -1.1667505084643695E-01 a       582     0    30     1     2
  6.2112220286771359E-02 a       583     0    30     1     3
 -3.4892069325091285E-02 a       584     0    30     1     4
 -7.1943038126286565E-02 a       585     0    30     1     5
  4.4333504938680726E-02 a       586     0    30     1     6
  3.0966271420184686E-02 a       587     0    30     1     7
  7.1959123444793480E-02 a       588     0    30     1     8
  4.2880094593007248E-02 a       589     0    30     1     9
  6.3423325386857174E-02 a       590     0    30     1    10
  4.8323212003031002E-03 a       591     0    30     1    11
  1.3053727200826225E-02 a       592     0    30     1    12
  2.4493999121435728E-02 a       593     0    30     1    13
 -4.9874986569934998E-02 a       594     0    30     1    14
 -2.3302760823666539E-03 a       595     0    30     1    15
  5.4688006764872073E-02 a       596     0    30     1    16
  1.3533661979484189E-02 a       597     0    30     1    17
  2.3259954994788438E-02 a       598     0    30     1    18
  3.0148100908267843E-02 a       599     0    30     1    19
  7.7910374961390069E-02 a       600     0    30     1    20
 -1.3788474348007149E-01 a       601     0    31     1     1
 -1.9930773518658790E-01 a       602     0    31     1     2
 -3.3264537736915983E-01 a       603     0    31     1     3
 -2.4504246461263443E-01 a       604     0    31     1     4
 -3.4285436835628028E-02 a       605     0    31     1     5
 -7.8913319187432773E-02 a       606     0    31     1     6
 -2.8417434704902195E-01 a       607     0    31     1     7
 -1.2541348059919361E-01 a       608     0    31     1     8
  1.2034129511597015E-01 a       609     0    31     1     9
 -1.1870687938642850E-01 a       610     0    31     1    10
  1.9535993961521922E-01 a       611     0    31     1    11
 -2.9774686220406049E-02 a       612     0    31     1    12
  2.6056847308141923E-01 a       613     0    31     1    13
 -2.3205908264838901E-01 a       614     0    31     1    14
 -1.8995803554143251E-01 a       615     0    31     1    15
  3.5022928453191682E-01 a       616     0    31     1    16
 -2.1171049324544444E-01 a       617     0    31     1    17
  3.4695119891131898E-01 a       618     0    31     1    18
  1.2160312781696528E-01 a       619     0    31     1    19
  4.8753251721253221E-02 a       620     0    31     1    20
 -2.5787394324242935E-01 a       621     0    32     1     1
  2.8947629274688474E-01 a       622     0    32     1     2
  7.3347562106078146E-01 a       623     0    32     1     3
  1.0691991680663515E-01 a       624     0    32     1     4
  1.3161729323865057E-01 a       625     0    32     1     5
  2.1188706167938012E-01 a       626     0    32     1     6
  4.9258743335368740E-02 a       627     0    32     1     7
 -1.8693906713679925E-01 a       628     0    32     1     8
 -2.8554169055150008E-01 a       629     0    32     1     9
  4.6132962618480086E-02 a       630     0    32     1    10
 -6.9427690793615274E-03 a       631     0    32     1    11
 -3.7656189670167962E-02 a       632     0    32     1    12
 -3.4495815725957002E-01 a       633     0    32     1    13
  2.4550451693326475E-01 a       634     0    32     1    14
  5.4732201040904149E-01 a       635     0    32     1    15
 -7.6499445572162664E-02 a       636     0    32     1    16
  1.7823990823666352E-01 a       637     0    32     1    17
 -2.6750785347575057E-01 a       638     0    32     1    18
 -1.5749158530707291E-01 a       639     0    32     1    19
 -2.2371892715689631E-01 a       640     0    32     1    20
  2.0221215359874117E-01 a       641     0    33     1     1
 -3.1670960606395215E-01 a       642     0    33     1     2
  2.6109739928483033E-01 a       643     0    33     1     3
 -7.5199034565791092E-02 a       644     0    33     1     4
  2.0089991098243815E-01 a       645     0    33     1     5
  6.5658067299565706E-02 a       646     0    33     1     6
 -6.3566202615709999E-02 a       647     0    33     1     7
  3.0258177104295701E-02 a       648     0    33     1     8
 -8.1023761340270783E-02 a       649     0    33     1     9
  7.6439995840948571E-02 a       650     0    33     1    10
 -1.2125497170282259E-01 a       651     0    33     1    11
  7.3919085085468447E-02 a       652     0    33     1    12
  5.9093487583801320E-02 a       653     0    33     1    13
 -4.7458480957105406E-02 a       654     0    33     1    14
 -2.0444713903190614E-01 a       655     0    33     1    15
  2.3247014691695461E-01 a       656     0    33     1    16
 -5.3214933355702584E-02 a       657     0    33     1    17
 -1.0005689724805333E-01 a       658     0    33     1    18
 -2.2738785587011151E-01 a       659     0    33     1    19
  1.9606758776823136E-01 a       660     0    33     1    20
 -8.5344130365381646E-02 a       661     0    34     1     1
 -2.5621087214646170E-02 a       662     0    34     1     2
  5.4051247545136086E-02 a       663     0    34     1     3
  6.4951378529343129E-02 a       664     0    34     1     4
  2.7195184628154195E-01 a       665     0    34     1     5
 -1.8450202900341214E-02 a       666     0    34     1     6
  4.0537955633772648E-03 a       667     0    34     1     7
 -3.4198104509213192E-02 a       668     0    34     1     8
  1.0830094557389904E-03 a       669     0    34     1     9
  5.4735785362915075E-02 a       670     0    34     1    10
  8.8536319714451278E-02 a       671     0    34     1    11
 -5.8478193409768425E-02 a       672     0    34     1    12
  1.2460875758662655E-01 a       673     0    34     1    13
  1.0153305889762310E-01 a       674     0    34     1    14
 -1.2260108720295873E-01 a       675     0    34     1    15
  1.1665368419900310E-02 a       676     0    34     1    16
 -1.5638944780208794E-01 a       677     0    34     1    17
 -7.6262808939016012E-03 a       678     0    34     1    18
 -1.4700034499227671E-01 a       679     0    34     1    19
  1.2671449623834966E-01 a       680     0    34     1    20
 -3.5876055641376586E-01 a       681     0    35     1     1
  6.4101268903737517E-03 a       682     0    35     1     2
  4.0666642461814638E-02 a       683     0    35     1     3
 -9.1372210272028145E-02 a       684     0    35     1     4
 -3.0554996077534775E-02 a       685     0    35     1     5
 -8.1738715651149318E-02 a       686     0    35     1     6
  1.1402764047315335E-01 a       687     0    35     1     7
  6.1872330495682380E-02 a       688     0    35     1     8
 -8.3889051026430725E-02 a       689     0    35     1     9
 -3.7820632303603559E-02 a       690     0    35     1    10
  5.9791629868323100E-02 a       691     0    35     1    11
 -8.8554357979305984E-02 a       692     0    35     1    12
 -4.9908921367148151E-03 a       693     0    35     1    13
 -5.2745892084118472E-02 a       694     0    35     1    14
  2.9974971693639424E-01 a       695     0    35     1    15
  3.8794109512451397E-01 a       696     0    35     1    16
  2.1684856223785828E-01 a       697     0    35     1    17
  5.9914336142842459E-02 a       698     0    35     1    18
  2.6265837850114615E-01 a       699     0    35     1    19
 -2.9372362578490796E-01 a       700     0    35     1    20
  3.4585614944510756E-01 a       701     0    36     1     1
  1.7920727750021914E-01 a       702     0    36     1     2
 -4.9107914654538981E-02 a       703     0    36     1     3
  3.4880006434014205E-02 a       704     0    36     1     4
 -1.6955311381346067E-01 a       705     0    36     1     5
 -3.4736145751528064E-01 a       706     0    36     1     6
  3.7907442139467595E-01 a       707     0    36     1     7
 -4.7547298194942675E-02 a       708     0    36     1     8
 -2.5970377009586029E-02 a       709     0    36     1     9
 -2.4465149932651847E-01 a       710     0    36     1    10
 -4.3592809521128262E-01 a       711     0    36     1    11
 -1.5093524625293434E-01 a       712     0    36     1    12
 -1.2677065137763627E-01 a       713     0    36     1    13
  2.9293165295043455E-01 a       714     0    36     1    14
 -2.9411734403083323E-01 a       715     0    36     1    15
  1.1298947375513508E-02 a       716     0    36     1    16
  2.5767363528757720E-01 a       717     0    36     1    17
  3.2889699882349493E-01 a       718     0    36     1    18
  2.0045427501300662E-02 a       719     0    36     1    19
 -3.0626733589084598E-01 a       720     0    36     1    20
  1.7263081390312024E-01 a       721     0    37     1     1
  4.2888909210302628E-01 a       722     0    37     1     2
 -6.1048543548499512E-01 a       723     0    37     1     3
  1.9996356916162170E-01 a       724     0    37     1     4
 -9.7316460965984147E-02 a       725     0    37     1     5
  3.4829780797638349E-01 a       726     0    37     1     6
 -1.4612105142508103E-01 a       727     0    37     1     7
  6.3666016646749368E-02 a       728     0    37     1     8
  2.4637703609662800E-01 a       729     0    37     1     9
  3.6588602500042205E-01 a       730     0    37     1    10
  3.6693282474863165E-01 a       731     0    37     1    11
 -2.4344316689956236E-01 a       732     0    37     1    12
  5.0604367840421249E-01 a       733     0    37     1    13
 -3.4417899714030931E-01 a       734     0    37     1    14
  3.5927433499081346E-01 a       735     0    37     1    15
  2.9824950279089052E-01 a       736     0    37     1    16
 -4.1720466114336080E-01 a       737     0    37     1    17
 -3.4910225442363207E-01 a       738     0    37     1    18
  7.8094373194996805E-02 a       739     0    37     1    19
  2.5425160632404636E-01 a       740     0    37     1    20
 -1.2603609194748676E-02 a       741     0    38     1     1
 -2.6592619838493164E-01 a       742     0    38     1     2
  3.7309689929799071E-02 a       743     0    38     1     3
  5.4044878997434931E-02 a       744     0    38     1     4
 -2.4636714149849237E-01 a       745     0    38     1     5
 -1.4072836435749925E-01 a       746     0    38     1     6
 -2.6368177398919923E-01 a       747     0    38     1     7
  2.3545795749341861E-01 a       748     0    38     1     8
 -1.2712665320052907E-01 a       749     0    38     1     9
  9.1577363493288891E-02 a       750     0    38     1    10
  2.5437448420886710E-01 a       751     0    38     1    11
  7.8719769180499138E-02 a       752     0    38     1    12
 -9.4468284531970412E-02 a       753     0    38     1    13
 -7.9775571499237002E-02 a       754     0    38     1    14
 -2.2415676897386380E-01 a       755     0    38     1    15
 -2.2637490796369511E-01 a       756     0    38     1    16
  1.6460619264350936E-02 a       757     0    38     1    17
  4.1805122158572010E-02 a       758     0    38     1    18
 -2.0052151331915316E-01 a       759     0    38     1    19
  9.5615198526004128E-02 a       760     0    38     1    20
  1.9126559736702717E-01 a       761     0    39     1     1
 -2.8808540948217720E-01 a       762     0    39     1     2
 -3.6228802754172806E-01 a       763     0    39     1     3
 -1.4532122073849527E-01 a       764     0    39     1     4
  6.7234572255774241E-02 a       765     0    39     1     5
 -2.2047359072713804E-01 a       766     0    39     1     6
  1.4472507492210563E-02 a       767     0    39     1     7
  9.1787463382230983E-02 a       768     0    39     1     8
  1.4038055252761247E-01 a       769     0    39     1     9
 -3.1305909231788204E-01 a       770     0    39     1    10
 -2.8522203326615558E-01 a       771     0    39     1    11
  3.1162699673361061E-01 a       772     0    39     1    12
 -2.7342387557423542E-01 a       773     0    39     1    13
 -5.2605370281360662E-02 a       774     0    39     1    14
 -1.7495731718384006E-01 a       775     0    39     1    15
  1.0791945610625948E-01 a       776     0    39     1    16
  1.1906291180609753E-01 a       777     0    39     1    17
  2.2270540675599940E-01 a       778     0    39     1    18
  2.0027811688669259E-01 a       779     0    39     1    19
 -1.8725771289151122E-01 a       780     0    39     1    20
 -5.1021430559592433E-03 a       781     0    40     1     1
 -1.3805039438344813E-01 a       782     0    40     1     2
 -1.3424915062164079E-02 a       783     0    40     1     3
  1.0118717790562494E-01 a       784     0    40     1     4
  6.1874353516712700E-02 a       785     0    40     1     5
  6.8072949412765330E-02 a       786     0    40     1     6
  5.0425112128319891E-02 a       787     0    40     1     7
  9.1439928088220476E-02 a       788     0    40     1     8
 -4.3918000144322282E-02 a       789     0    40     1     9
 -4.2227123219354436E-02 a       790     0    40     1    10
  4.4545525556211475E-02 a       791     0    40     1    11
 -6.2274910732273890E-02 a       792     0    40     1    12
  7.2920857524701024E-02 a       793     0    40     1    13
  1.5401542674345856E-01 a       794     0    40     1    14
 -1.3612640485733207E-01 a       795     0    40     1    15
 -1.6342071502775654E-02 a       796     0    40     1    16
 -7.6863226839225862E-02 a       797     0    40     1    17
 -2.5990089453618741E-02 a       798     0    40     1    18
 -1.1802076926708978E-01 a       799     0    40     1    19
  2.2924221203881984E-01 a       800     0    40     1    20
  3.2458349686138938E-01 a       801     0    41     1     1
 -7.2215194746711703E-02 a       802     0    41     1     2
 -4.2244078943452217E-02 a       803     0    41     1     3
 -1.8892104890789790E-01 a       804     0    41     1     4
 -1.4795540197281593E-01 a       805     0    41     1     5
 -8.3759402751006226E-02 a       806     0    41     1     6
  3.9616178641290883E-02 a       807     0    41     1     7
  4.3296475507145049E-02 a       808     0    41     1     8
 -1.9531241829165571E-02 a       809     0    41     1     9
 -1.8705313465758996E-01 a       810     0    41     1    10
  5.2358306886783182E-02 a       811     0    41     1    11
  1.1952157765998590E-01 a       812     0    41     1    12
  6.6171934995047407E-02 a       813     0    41     1    13
 -2.0426795023799049E-01 a       814     0    41     1    14
 -1.6462610570381250E-01 a       815     0    41     1    15
  6.0750211050982997E-03 a       816     0    41     1    16
  5.6996212714031297E-02 a       817     0    41     1    17
  3.8887329440189598E-02 a       818     0    41     1    18
  1.7503664038540451E-01 a       819     0    41     1    19
  2.4339293852588736E-01 a       820     0    41     1    20
 -3.3049823138783158E-01 a       821     0    42     1     1
 -5.1926186181427213E-02 a       822     0    42     1     2
 -3.4535869473390893E-02 a       823     0    42     1     3
  1.9836625020496332E-01 a       824     0    42     1     4
  4.5187374160748021E-02 a       825     0    42     1     5
  2.3455938550335376E-01 a       826     0    42     1     6
 -1.4133427509613437E-02 a       827     0    42     1     7
  1.0978091252870864E-01 a       828     0    42     1     8
 -4.6548542995063134E-02 a       829     0    42     1     9
  3.4551372911061984E-01 a       830     0    42     1    10
 -1.0942904054812978E-01 a       831     0    42     1    11
 -2.8553515497018489E-01 a       832     0    42     1    12
  4.2935621771500586E-02 a       833     0    42     1    13
  2.2145358826151645E-01 a       834     0    42     1    14
  3.7060706636963148E-01 a       835     0    42     1    15
 -1.8903150296065555E-02 a       836     0    42     1    16
 -1.4091044836730470E-02 a       837     0    42     1    17
 -1.8286978804251250E-01 a       838     0    42     1    18
 -2.1716324350091637E-01 a       839     0    42     1    19
 -2.4587608895912758E-01 a       840     0    42     1    20
 -8.6489906193570665E-02 a       841     0    43     1     1
 -9.8409811493983895E-02 a       842     0    43     1     2
  2.0947501529521451E-01 a       843     0    43     1     3
  4.7427222192516598E-02 a       844     0    43     1     4
 -4.6584049493294595E-02 a       845     0    43     1     5
  2.0276460716570616E-01 a       846     0    43     1     6
  9.1717504984428141E-02 a       847     0    43     1     7
  2.4662332913502241E-01 a       848     0    43     1     8
 -2.9361286887386312E-01 a       849     0    43     1     9
 -5.6713944063852953E-02 a       850     0    43     1    10
  1.0083728397559145E-01 a       851     0    43     1    11
  1.8229057437062336E-03 a       852     0    43     1    12
  4.4384192107154469E-02 a       853     0    43     1    13
  5.8305889523818814E-02 a       854     0    43     1    14
 -1.7364581859432268E-01 a       855     0    43     1    15
  1.5913719941149504E-01 a       856     0    43     1    16
  2.0557612820589776E-02 a       857     0    43     1    17
  1.1554597469691325E-01 a       858     0    43     1    18
 -8.1409654123844585E-02 a       859     0    43     1    19
  1.9436694578166477E-02 a       860     0    43     1    20
  2.1096853854989867E-01 a       861     0    44     1     1
 -3.8620346009846672E-02 a       862     0    44     1     2
 -1.4822757177806500E-01 a       863     0    44     1     3
 -6.9457720205101464E-02 a       864     0    44     1     4
 -1.9200638770040454E-01 a       865     0    44     1     5
 -2.6993553540360798E-02 a       866     0    44     1     6
  1.2736136741309897E-02 a       867     0    44     1     7
  1.6184752831738455E-01 a       868     0    44     1     8
  2.7165658591986280E-01 a       869     0    44     1     9
 -1.8172055377458354E-01 a       870     0    44     1    10
 -6.1226796585825013E-02 a       871     0    44     1    11
  5.6979993135052594E-02 a       872     0    44     1    12
  3.2356645347245291E-02 a       873     0    44     1    13
 -1.0242535074066418E-01 a       874     0    44     1    14
 -1.4215359233184166E-01 a       875     0    44     1    15
  8.6121260983410095E-02 a       876     0    44     1    16
  1.3434457372694597E-01 a       877     0    44     1    17
  2.3753135499676635E-02 a       878     0    44     1    18
 -1.4986024787886226E-02 a       879     0    44     1    19
  9.9966948598061142E-02 a       880     0    44     1    20
  5.6631126228087600E-03 a       881     0    45     1     1
  4.0744883741647371E-02 a       882     0    45     1     2
 -1.7700824107443430E-01 a       883     0    45     1     3
  1.0979191363461548E-01 a       884     0    45     1     4
 -2.5003850760439583E-01 a       885     0    45     1     5
 -3.6906114007595670E-01 a       886     0    45     1     6
  2.6513233813687830E-02 a       887     0    45     1     7
 -1.9353801710049471E-02 a       888     0    45     1     8
  2.9334870150189379E-01 a       889     0    45     1     9
 -1.0773247859990824E-01 a       890     0    45     1    10
  2.8632894014219173E-02 a       891     0    45     1    11
 -2.0673168841014322E-01 a       892     0    45     1    12
 -6.9300455213605686E-02 a       893     0    45     1    13
  1.6832328813896019E-01 a       894     0    45     1    14
 -6.5507329337417847E-02 a       895     0    45     1    15
 -1.0410858730272961E-01 a       896     0    45     1    16
 -1.0520784920987040E-02 a       897     0    45     1    17
  2.3978513722432440E-02 a       898     0    45     1    18
 -1.0221033080786904E-01 a       899     0    45     1    19
 -4.2459110202848795E-02 a       900     0    45     1    20
 -3.2308244814116632E-01 a       901     0    46     1     1
  1.1317746404857397E-01 a       902     0    46     1     2
 -9.6631018343400488E-02 a       903     0    46     1     3
  2.1228928626116929E-03 a       904     0    46     1     4
  1.4780023111789650E-01 a       905     0    46     1     5
  4.0422860575460334E-01 a       906     0    46     1     6
  7.0934080206866895E-02 a       907     0    46     1     7
 -4.2098179333076430E-01 a       908     0    46     1     8
 -2.6285603242095345E-02 a       909     0    46     1     9
  1.9161747193386359E-02 a       910     0    46     1    10
  2.2131115181041258E-01 a       911     0    46     1    11
  2.9055860462828806E-02 a       912     0    46     1    12
 -3.6989488742881563E-02 a       913     0    46     1    13
 -1.1987275153255279E-01 a       914     0    46     1    14
 -6.2811328048450868E-02 a       915     0    46     1    15
  7.7961770435431135E-02 a       916     0    46     1    16
  9.8902230452210266E-03 a       917     0    46     1    17
  1.1609524717896330E-01 a       918     0    46     1    18
  6.3096272086511319E-03 a       919     0    46     1    19
  3.0160245819088476E-02 a       920     0    46     1    20
  1.8832612942709739E-01 a       921     0    47     1     1
  1.1121360587787482E-01 a       922     0    47     1     2
  5.0662573202043681E-01 a       923     0    47     1     3
 -3.2311513138384163E-01 a       924     0    47     1     4
  5.4878150383184589E-02 a       925     0    47     1     5
 -6.9078266432485672E-02 a       926     0    47     1     6
 -7.4522614225045003E-01 a       927     0    47     1     7
  1.6613511441487097E-01 a       928     0    47     1     8
  2.5537206186604777E-01 a       929     0    47     1     9
 -4.7942333768830298E-01 a       930     0    47     1    10
  3.1412212448114640E-01 a       931     0    47     1    11
  1.7608601427513532E-01 a       932     0    47     1    12
 -1.4970054552573411E-02 a       933     0    47     1    13
 -2.8879398645142329E-01 a       934     0    47     1    14
 -2.4840123009877482E-01 a       935     0    47     1    15
 -4.3067089600276987E-01 a       936     0    47     1    16
  3.9125543867613820E-02 a       937     0    47     1    17
 -1.3101537356912224E-01 a       938     0    47     1    18
  2.2772915190022922E-01 a       939     0    47     1    19
  2.5432810635354708E-01 a       940     0    47     1    20
  2.0624136655597561E-01 a       941     0    48     1     1
  1.8550889059813314E-01 a       942     0    48     1     2
  1.0635638165147010E-02 a       943     0    48     1     3
 -2.0313181851983955E-01 a       944     0    48     1     4
  3.9784067809387752E-01 a       945     0    48     1     5
  2.3938584534362387E-01 a       946     0    48     1     6
 -2.1542555572401586E-02 a       947     0    48     1     7
 -2.3768206276863230E-01 a       948     0    48     1     8
  4.5249006693289890E-03 a       949     0    48     1     9
  1.1133965416915705E-01 a       950     0    48     1    10
 -2.2043466372675738E-01 a       951     0    48     1    11
  1.3637906862621554E-01 a       952     0    48     1    12
  2.0889429153088707E-01 a       953     0    48     1    13
 -1.9260792856162146E-01 a       954     0    48     1    14
  1.3382892679457378E-01 a       955     0    48     1    15
 -2.1720093862605394E-01 a       956     0    48     1    16
 -5.2166922361667053E-03 a       957     0    48     1    17
  3.2226009373782658E-02 a       958     0    48     1    18
  4.3330951178208527E-01 a       959     0    48     1    19
 -4.6395306732267393E-03 a       960     0    48     1    20
 -3.2328515106456804E-02 a       961     0    49     1     1
 -2.4715562022025364E-01 a       962     0    49     1     2
  3.0957238329520753E-01 a       963     0    49     1     3
  1.3379585875882449E-01 a       964     0    49     1     4
 -6.6848827097159474E-02 a       965     0    49     1     5
 -1.1586919689808771E-01 a       966     0    49     1     6
  1.3089287204121264E-01 a       967     0    49     1     7
  3.7242398839314260E-02 a       968     0    49     1     8
 -6.9937085779792518E-02 a       969     0    49     1     9
  1.8423071673846006E-01 a       970     0    49     1    10
  9.8117300322480366E-02 a       971     0    49     1    11
 -2.0488646532097590E-01 a       972     0    49     1    12
  2.4842072941178259E-01 a       973     0    49     1    13
  1.1135464336238417E-01 a       974     0    49     1    14
  3.6921023018152067E-02 a       975     0    49     1    15
  2.2143061078128155E-02 a       976     0    49     1    16
  3.5802405641065238E-02 a       977     0    49     1    17
 -1.1757887574452562E-01 a       978     0    49     1    18
 -6.1153728492303390E-02 a       979     0    49     1    19
  4.1436015118058112E-02 a       980     0    49     1    20
  2.0120350815995394E-01 a       981     0    50     1     1
 -5.8534448009468790E-02 a       982     0    50     1     2
  6.6572750168619868E-02 a       983     0    50     1     3
  5.0310161035399134E-02 a       984     0    50     1     4
  4.4781134373197229E-01 a       985     0    50     1     5
 -1.2759894750106249E-01 a       986     0    50     1     6
  1.1242922256743289E-01 a       987     0    50     1     7
 -1.6250072511199315E-01 a       988     0    50     1     8
 -1.3148522518211603E-01 a       989     0    50     1     9
 -1.5736243923689561E-01 a       990     0    50     1    10
  3.2712287907048040E-02 a       991     0    50     1    11
 -4.6421003356662452E-02 a       992     0    50     1    12
 -9.2143988170512892E-02 a       993     0    50     1    13
  3.9283682954225983E-02 a       994     0    50     1    14
 -1.7710279125902006E-01 a       995     0    50     1    15
 -1.3603883955255433E-01 a       996     0    50     1    16
 -2.9150063028483934E-02 a       997     0    50     1    17
  3.8452853883933380E-02 a       998     0    50     1    18
 -1.3308754166429554E-01 a       999     0    50     1    19
 -8.6849517575513596E-02 a      1000     0    50     1    20
 -1.0027057002872437E+00 b      1001     1     1
  1.2969846483061647E+00 b      1002     1     2
  5.1477622319119420E-01 b      1003     1     3
  9.1678997454953470E-01 b      1004     1     4
 -1.4068040096465217E+00 b      1005     1     5
 -1.5143997045114841E+00 b      1006     1     6
  1.8718627013655190E-01 b      1007     1     7
  9.9151375802091113E-01 b      1008     1     8
 -1.2498242785114970E+00 b      1009     1     9
  3.5901993427978444E-02 b      1010     1    10
  6.5378195601994860E-01 b      1011     1    11
 -4.0297308312178531E-01 b      1012     1    12
 -4.9417362537451220E-01 b      1013     1    13
 -5.8747048465367357E-01 b      1014     1    14
  8.6352007438205744E-02 b      1015     1    15
 -1.3927941511028614E+00 b      1016     1    16
  1.9277466837870247E-01 b      1017     1    17
  4.6854235145214312E-01 b      1018     1    18
  6.3782370395791776E-01 b      1019     1    19
  1.3136740986340858E+00 b      1020     1    20
  5.5026973739668839E-01 a      1021     1     1     2     1
  3.7194213800385428E-01 a      1022     1     1     2     2
 -3.0276145647921476E-01 a      1023     1     1     2     3
 -4.7735937524631394E-01 a      1024     1     1     2     4
 -6.7192604330669781E-01 a      1025     1     1     2     5
 -4.4435713605235594E-01 a      1026     1     1     2     6
  2.9338728957627191E-01 a      1027     1     1     2     7
  9.8074747452951364E-03 a      1028     1     1     2     8
 -3.8191304615056543E-01 a      1029     1     1     2     9
  3.4384715738419241E-01 a      1030     1     1     2    10
 -1.2936593872052191E-01 a      1031     1     1     2    11
  5.7800448358434731E-01 a      1032     1     1     2    12
 -3.8225684034203733E-01 a      1033     1     1     2    13
 -5.5850736324538741E-01 a      1034     1     1     2    14
  2.9217199605040889E-01 a      1035     1     1     2    15
 -1.3502087494249662E-01 a      1036     1     1     2    16
  8.3712496626584809E-02 a      1037     1     1     2    17
 -1.2793993503369019E-01 a      1038     1     1     2    18
 -2.9810195728699823E-01 a      1039     1     1     2    19
 -3.5621619579685071E-01 a      1040     1     1     2    20
  1.6187726470219549E-01 a      1041     1     2     2     1
  3.7369303260790926E-01 a      1042     1     2     2     2
 -1.8018009814679781E-01 a      1043     1     2     2     3
  1.2441992603950942E-01 a      1044     1     2     2     4
 -3.2488229416668435E-01 a      1045     1     2     2     5
  2.2591274805662306E-01 a      1046     1     2     2     6
  1.4960364003976950E-01 a      1047     1     2     2     7
  8.5123339124385980E-02 a      1048     1     2     2     8
  1.4204548414510618E-01 a      1049     1     2     2     9
 -2.5215296670501303E-01 a      1050     1     2     2    10
  2.0167095238900981E-01 a      1051     1     2     2    11
 -2.8734059679319934E-01 a      1052     1     2     2    12
  1.8520291943526609E-01 a      1053     1     2     2    13
 -9.3972877763387738E-02 a      1054     1     2     2    14
 -2.4676840368385075E-01 a      1055     1     2     2    15
  1.6302285941316036E-01 a      1056     1     2     2    16
 -1.6788538218418683E-01 a      1057     1     2     2    17
  2.6292710777625622E-01 a      1058     1     2     2    18
  5.9483884561323447E-02 a      1059     1     2     2    19
  1.9834153659323189E-01 a      1060     1     2     2    20
  1.0303474834944901E-01 a      1061     1     3     2     1
  8.5213244685933232E-01 a      1062     1     3     2     2
  1.3456523982672886E-02 a      1063     1     3     2     3
  4.1158754602218156E-01 a      1064     1     3     2     4
 -2.9314725689348836E-01 a      1065     1     3     2     5
 -2.3589420295530689E-01 a      1066     1     3     2     6
 -6.8317521407467041E-01 a      1067     1     3     2     7
  1.1332917609614375E-01 a      1068     1     3     2     8
  4.3599951425399658E-02 a      1069     1     3     2     9
 -3.1936792057792679E-01 a      1070     1     3     2    10
  6.5224891617430469E-01 a      1071     1     3     2    11
  3.4519534351748710E-01 a      1072     1     3     2    12
  4.5975147117974641E-01 a      1073     1     3     2    13
 -1.4919665541353138E-02 a      1074     1     3     2    14
  1.5799948698830316E-01 a      1075     1     3     2    15
 -1.0446536412025724E-01 a      1076     1     3     2    16
 -3.6426600596363429E-01 a      1077     1     3     2    17
  1.4543123916603926E-01 a      1078     1     3     2    18
  7.5156135857053108E-01 a      1079     1     3     2    19
  3.2903789087806157E-01 a      1080     1     3     2    20
 -2.4118588574080563E-01 a      1081     1     4     2     1
 -2.8803550815647322E-03 a      1082     1     4     2     2
 -6.0705741959190818E-01 a      1083     1     4     2     3
  2.5780244698683630E-01 a      1084     1     4     2     4
 -6.1056858439729556E-01 a      1085     1     4     2     5
 -1.9228028658158963E-02 a      1086     1     4     2     6
  4.7768309571370327E-01 a      1087     1     4     2     7
 -6.1659918333579233E-01 a      1088     1     4     2     8
  2.3370171469896811E-01 a      1089     1     4     2     9
  4.9635751828945146E-01 a      1090     1     4     2    10
 -3.8256404556476170E-01 a      1091     1     4     2    11
 -5.3033863258545488E-01 a      1092     1     4     2    12
  5.2215018459872542E-01 a      1093     1     4     2    13
 -1.0602136930595810E-01 a      1094     1     4     2    14
 -5.3839705131859061E-01 a      1095     1     4     2    15
  1.1358889659262257E-01 a      1096     1     4     2    16
 -2.3103144631885400E-01 a      1097     1     4     2    17
 -1.5841693380969019E-01 a      1098     1     4     2    18
  4.9695436729874176E-01 a      1099     1     4     2    19
 -4.4681845091734274E-01 a      1100     1     4     2    20
  2.5761597622733856E-01 a      1101     1     5     2     1
 -3.3116991915599919E-01 a      1102     1     5     2     2
  3.0832447731769441E-01 a      1103     1     5     2     3
 -5.6503414534952161E-02 a      1104     1     5     2     4
 -4.7362305775317876E-01 a      1105     1     5     2     5
 -1.5484065629966796E-02 a      1106     1     5     2     6
  2.1493709603262204E-01 a      1107     1     5     2     7
 -3.0502148310822591E-01 a      1108     1     5     2     8
  3.0406266652251340E-01 a      1109     1     5     2     9
  5.6405571935488730E-01 a      1110     1     5     2    10
  4.0405454965406838E-02 a      1111     1     5     2    11
  1.1950300391771664E-01 a      1112     1     5     2    12
 -2.9981178731600089E-01 a      1113     1     5     2    13
 -3.0333344623346220E-02 a      1114     1     5     2    14
  2.1879848035586555E-01 a      1115     1     5     2    15
  2.0035006814987999E-01 a      1116     1     5     2    16
 -4.4086759461919439E-01 a      1117     1     5     2    17
  2.5658184990369587E-01 a      1118     1     5     2    18
 -4.1127514572523494E-01 a      1119     1     5     2    19
  3.1583281000231045E-01 a      1120     1     5     2    20
 -2.5870161072292852E-01 a      1121     1     6     2     1
 -4.3595160942881739E-02 a      1122     1     6     2     2
  4.1400108222782922E-01 a      1123     1     6     2     3
 -4.3154217852147242E-01 a      1124     1     6     2     4
 -4.1859444869815632E-01 a      1125     1     6     2     5
 -2.1281331057413904E-02 a      1126     1     6     2     6
 -7.3207752664606074E-01 a      1127     1     6     2     7
  5.5267879162617297E-03 a      1128     1     6     2     8
  4.9827241180021098E-01 a      1129     1     6     2     9
 -2.3047489375021282E-01 a      1130     1     6     2    10
 -1.9422114595169546E-01 a      1131     1     6     2    11
 -5.5089118163850259E-01 a      1132     1     6     2    12
 -4.6112598045930303E-01 a      1133     1     6     2    13
  3.1798665762650380E-01 a      1134     1     6     2    14
 -5.1359789261640654E-01 a      1135     1     6     2    15
 -2.2677790630946623E-01 a      1136     1     6     2    16
  1.5892778349875827E-01 a      1137     1     6     2    17
  5.2093847262754556E-01 a      1138     1     6     2    18
 -5.9859883934198943E-01 a      1139     1     6     2    19
  8.9107651805358845E-02 a      1140     1     6     2    20
 -5.1609073111140480E-01 a      1141     1     7     2     1
 -7.2036915342802710E-01 a      1142     1     7     2     2
  3.9520871764638060E-01 a      1143     1     7     2     3
  1.4580286716819521E-01 a      1144     1     7     2     4
  8.7589609135544685E-02 a      1145     1     7     2     5
 -4.2033616970186866E-01 a      1146     1     7     2     6
 -1.6854712166994726E-01 a      1147     1     7     2     7
 -2.5452456798322626E-01 a      1148     1     7     2     8
 -2.5640918036286070E-01 a      1149     1     7     2     9
 -2.4394475234896237E-01 a      1150     1     7     2    10
 -4.8923434868361337E-01 a      1151     1     7     2    11
  5.2922776773090141E-01 a      1152     1     7     2    12
  1.8138822186112952E-01 a      1153     1     7     2    13
 -4.0854714840582318E-01 a      1154     1     7     2    14
 -5.2384250415082634E-01 a      1155     1     7     2    15
  5.8460798679217563E-01 a      1156     1     7     2    16
 -6.0849574048637334E-01 a      1157     1     7     2    17
 -4.2924788301848199E-01 a      1158     1     7     2    18
 -4.4296434932761397E-01 a      1159     1     7     2    19
 -1.9722300001319759E-01 a      1160     1     7     2    20
  1.0159199988875821E-01 a      1161     1     8     2     1
 -1.3674187777199245E-01 a      1162     1     8     2     2
  4.4661488908359076E-01 a      1163     1     8     2     3
 -3.5152441837359555E-01 a      1164     1     8     2     4
 -3.3351977917338582E-01 a      1165     1     8     2     5
  4.9017155090108572E-01 a      1166     1     8     2     6
  5.8234432860601271E-01 a      1167     1     8     2     7
  2.5987694982109039E-01 a      1168     1     8     2     8
  1.9517709947275064E-01 a      1169     1     8     2     9
 -2.6907723624389090E-01 a      1170     1     8     2    10
  1.8553938300809464E-01 a      1171     1     8     2    11
  1.7342368127624411E-01 a      1172     1     8     2    12
 -3.1859139545636239E-01 a      1173     1     8     2    13
 -3.5920695980782902E-01 a      1174     1     8     2    14
 -4.3495498201367988E-01 a      1175     1     8     2    15
  7.4093428236312084E-02 a      1176     1     8     2    16
  4.6537529696335467E-01 a      1177     1     8     2    17
 -1.9870591891889389E-01 a      1178     1     8     2    18
 -3.1799685558768281E-01 a      1179     1     8     2    19
 -2.3159796952370254E-01 a      1180     1     8     2    20
  4.6817052072219828E-01 a      1181     1     9     2     1
  2.6087162523434593E-01 a      1182     1     9     2     2
 -3.7771533423403489E-02 a      1183     1     9     2     3
  3.7188108290846439E-01 a      1184     1     9     2     4
  5.0861286416199858E-01 a      1185     1     9     2     5
 -6.5529148811668370E-01 a      1186     1     9     2     6
 -9.9874490102003199E-01 a      1187     1     9     2     7
 -1.0670084335613857E-01 a      1188     1     9     2     8
  1.2585756467994549E-01 a      1189     1     9     2     9
 -4.6478869333797479E-01 a      1190     1     9     2    10
  6.2083080956066272E-01 a      1191     1     9     2    11
 -2.1811441541650950E-01 a      1192     1     9     2    12
 -1.4287277553927805E-01 a      1193     1     9     2    13
  9.3163069458500641E-02 a      1194     1     9     2    14
 -3.3301351329074785E-01 a      1195     1     9     2    15
 -6.4319208559569474E-01 a      1196     1     9     2    16
 -3.8323738806135815E-01 a      1197     1     9     2    17
  1.6528079767690906E-01 a      1198     1     9     2    18
  6.0177387461368681E-01 a      1199     1     9     2    19
  1.6715016158574644E-01 a      1200     1     9     2    20
 -6.4465323500628635E-01 a      1201     1    10     2     1
 -2.2277962319279174E-01 a      1202     1    10     2     2
 -3.0802187197771347E-01 a      1203     1    10     2     3
  3.6433443733007898E-01 a      1204     1    10     2     4
  7.9283910671313951E-01 a      1205     1    10     2     5
  5.5192830675241900E-01 a      1206     1    10     2     6
  5.0989344209474019E-01 a      1207     1    10     2     7
  8.5468282405320256E-02 a      1208     1    10     2     8
 -2.7302343508036375E-01 a      1209     1    10     2     9
 -4.8422443713298451E-02 a      1210     1    10     2    10
  5.5355825691497962E-01 a      1211     1    10     2    11
 -1.9303925877470623E-01 a      1212     1    10     2    12
  4.4871806372284279E-01 a      1213     1    10     2    13
  6.2422849712363937E-01 a      1214     1    10     2    14
 -1.4249179851212285E-01 a      1215     1    10     2    15
 -5.9559863730304918E-01 a      1216     1    10     2    16
 -3.6591703538488743E-02 a      1217     1    10     2    17
  4.4029087589294452E-01 a      1218     1    10     2    18
 -5.0105631791462979E-01 a      1219     1    10     2    19
  4.2604608994855336E-01 a      1220     1    10     2    20
 -2.7748208940922031E-01 a      1221     1    11     2     1
 -4.0558652586704208E-01 a      1222     1    11     2     2
 -2.9189655604762227E-01 a      1223     1    11     2     3
 -2.9881947186395275E-01 a      1224     1    11     2     4
 -1.9578313953772619E-01 a      1225     1    11     2     5
 -4.6795909111007122E-01 a      1226     1    11     2     6
  4.0205136174198586E-01 a      1227     1    11     2     7
 -5.8239496087282172E-01 a      1228     1    11     2     8
 -4.6970711923758168E-01 a      1229     1    11     2     9
 -3.1604052308719394E-01 a      1230     1    11     2    10
  2.1818324747239773E-01 a      1231     1    11     2    11
  2.5531521750285624E-01 a      1232     1    11     2    12
 -4.0554411240695509E-01 a      1233     1    11     2    13
  4.3997395263893041E-01 a      1234     1    11     2    14
  6.3587003932547209E-02 a      1235     1    11     2    15
  2.1790799849284767E-01 a      1236     1    11     2    16
  1.9836043485831953E-01 a      1237     1    11     2    17
 -4.8348609706152418E-01 a      1238     1    11     2    18
  2.6025666744258108E-01 a      1239     1    11     2    19
 -6.7546776702537559E-01 a      1240     1    11     2    20
 -5.0477866573851049E-01 a      1241     1    12     2     1
 -2.4792412150858870E-01 a      1242     1    12     2     2
  5.4599185025881979E-02 a      1243     1    12     2     3
 -1.5657107357761699E-01 a      1244     1    12     2     4
 -5.0603715519670878E-01 a      1245     1    12     2     5
 -5.5007783223835172E-01 a      1246     1    12     2     6
  5.6916631338185486E-01 a      1247     1    12     2     7
 -4.5428383181675652E-01 a      1248     1    12     2     8
 -7.0790413092438598E-01 a      1249     1    12     2     9
 -2.1429687428690336E-01 a      1250     1    12     2    10
 -1.3388309375853663E-01 a      1251     1    12     2    11
  5.3712052268818211E-01 a      1252     1    12     2    12
  5.2495638414480361E-01 a      1253     1    12     2    13
 -1.7449396286120716E-01 a      1254     1    12     2    14
 -3.6528470955486747E-01 a      1255     1    12     2    15
  2.5061776035775013E-01 a      1256     1    12     2    16
 -4.7035506747069278E-01 a      1257     1    12     2    17
 -8.4695026460908307E-01 a      1258     1    12     2    18
 -5.8913659657766948E-01 a      1259     1    12     2    19
 -7.2913186046094058E-01 a      1260     1    12     2    20
 -3.2777553950518806E-01 a      1261     1    13     2     1
 -3.4603919576393105E-01 a      1262     1    13     2     2
 -5.1408575694035030E-01 a      1263     1    13     2     3
 -3.3574263541508592E-01 a      1264     1    13     2     4
 -6.6827720951428849E-03 a      1265     1    13     2     5
 -5.5549665934266035E-01 a      1266     1    13     2     6
  7.7846218587593871E-02 a      1267     1    13     2     7
 -5.9553853068803386E-01 a      1268     1    13     2     8
  6.5003446941296161E-01 a      1269     1    13     2     9
  5.2934278852688288E-01 a      1270     1    13     2    10
 -9.5262549294625687E-02 a      1271     1    13     2    11
 -5.0423368123154821E-01 a      1272     1    13     2    12
  2.7584485645901463E-01 a      1273     1    13     2    13
 -6.3326580386627329E-01 a      1274     1    13     2    14
 -8.6019671627147976E-01 a      1275     1    13     2    15
 -6.0617934624164183E-01 a      1276     1    13     2    16
  2.4734404210359004E-01 a      1277     1    13     2    17
 -2.7790474200550136E-01 a      1278     1    13     2    18
 -4.8826118620186688E-02 a      1279     1    13     2    19
 -2.4956131614128146E-01 a      1280     1    13     2    20
  4.9977952113392787E-01 a      1281     1    14     2     1
  1.0531181255670258E-01 a      1282     1    14     2     2
 -9.4661676284885630E-04 a      1283     1    14     2     3
 -5.4239387029398090E-01 a      1284     1    14     2     4
  6.7397794489428856E-02 a      1285     1    14     2     5
  8.6761027333919993E-02 a      1286     1    14     2     6
  5.4105111577242782E-01 a      1287     1    14     2     7
  4.5666917480244817E-01 a      1288     1    14     2     8
 -3.3090194671015366E-01 a      1289     1    14     2     9
  3.3625263255346716E-01 a      1290     1    14     2    10
  5.0246888656438671E-01 a      1291     1    14     2    11
 -2.5014774832900800E-03 a      1292     1    14     2    12
 -5.2356700159361680E-01 a      1293     1    14     2    13
 -3.6139113053660810E-01 a      1294     1    14     2    14
  2.2558429780107980E-01 a      1295     1    14     2    15
  3.9187837486153448E-01 a      1296     1    14     2    16
  5.4949775971502884E-02 a      1297     1    14     2    17
  1.9568240051752867E-01 a      1298     1    14     2    18
 -5.3783446886300557E-01 a      1299     1    14     2    19
 -3.4139957984218566E-01 a      1300     1    14     2    20
 -4.6035157575324298E-01 a      1301     1    15     2     1
 -3.2428779269909370E-02 a      1302     1    15     2     2
 -1.5263008691666557E-01 a      1303     1    15     2     3
 -4.2689213113944713E-01 a      1304     1    15     2     4
  6.1445409759333568E-02 a      1305     1    15     2     5
 -4.4770504213600966E-02 a      1306     1    15     2     6
  2.9860660976907951E-02 a      1307     1    15     2     7
  1.8347734824872730E-01 a      1308     1    15     2     8
  3.6867441047297805E-01 a      1309     1    15     2     9
  5.0866824794915366E-01 a      1310     1    15     2    10
  5.1859444108667629E-01 a      1311     1    15     2    11
  1.9786173950952715E-01 a      1312     1    15     2    12
 -3.7234410119137934E-01 a      1313     1    15     2    13
 -8.9255474193282364E-02 a      1314     1    15     2    14
 -3.3342030811275414E-01 a      1315     1    15     2    15
 -1.7822921763614685E-01 a      1316     1    15     2    16
  4.2286680141153060E-01 a      1317     1    15     2    17
 -5.4205834291965838E-01 a      1318     1    15     2    18
 -1.2951010995868112E-01 a      1319     1    15     2    19
 -6.0184382251321378E-01 a      1320     1    15     2    20
 -3.0763773330680455E-01 a      1321     1    16     2     1
 -3.2927185471466197E-01 a      1322     1    16     2     2
 -4.8657150615624484E-01 a      1323     1    16     2     3
  3.5088944028446456E-01 a      1324     1    16     2     4
  3.3672633734055057E-01 a      1325     1    16     2     5
 -2.8521209564673633E-01 a      1326     1    16     2     6
 -1.3573637259980859E-01 a      1327     1    16     2     7
  2.5017770094468911E-01 a      1328     1    16     2     8
 -2.8323503106358194E-01 a      1329     1    16     2     9
 -8.7568557168047595E-02 a      1330     1    16     2    10
 -1.3630743985012855E-03 a      1331     1    16     2    11
 -2.8973161821075150E-01 a      1332     1    16     2    12
 -3.5841967220841625E-01 a      1333     1    16     2    13
 -8.4928889744307914E-02 a      1334     1    16     2    14
 -1.1050621607686670E-01 a      1335     1    16     2    15
  2.2854521266205624E-01 a      1336     1    16     2    16
  5.8316723999196785E-01 a      1337     1    16     2    17
  9.4527553913414539E-02 a      1338     1    16     2    18
  1.3183099663752701E-01 a      1339     1    16     2    19
  8.5598164313627809E-02 a      1340     1    16     2    20
 -1.5469413356507172E-01 a      1341     1    17     2     1
  2.6239288347587258E-01 a      1342     1    17     2     2
  1.0231225818402846E-01 a      1343     1    17     2     3
  8.4866107761309810E-03 a      1344     1    17     2     4
 -6.2943264146518657E-02 a      1345     1    17     2     5
 -1.2808941821333103E-02 a      1346     1    17     2     6
  6.5403892386335194E-01 a      1347     1    17     2     7
  2.3552170319527912E-02 a      1348     1    17     2     8
 -8.1816581380924791E-01 a      1349     1    17     2     9
 -2.0797580500565796E-01 a      1350     1    17     2    10
 -2.4386931315926774E-01 a      1351     1    17     2    11
 -4.3259182450155037E-01 a      1352     1    17     2    12
 -1.5575881357448962E-01 a      1353     1    17     2    13
 -6.8126917992645786E-01 a      1354     1    17     2    14
  2.6450117061771805E-01 a      1355     1    17     2    15
  4.3061111940804447E-01 a      1356     1    17     2    16
 -5.2535552625302950E-01 a      1357     1    17     2    17
 -7.6326719517509523E-01 a      1358     1    17     2    18
 -6.8820309399856672E-01 a      1359     1    17     2    19
 -6.6378304765198215E-01 a      1360     1    17     2    20
  2.9219462377442951E-01 a      1361     1    18     2     1
  7.0878575780333508E-01 a      1362     1    18     2     2
 -9.3664815316823746E-03 a      1363     1    18     2     3
 -4.6872526557694377E-01 a      1364     1    18     2     4
 -6.2853100436590953E-02 a      1365     1    18     2     5
 -4.8899821067752919E-01 a      1366     1    18     2     6
  3.5138305573321815E-01 a      1367     1    18     2     7
  3.3476511700851647E-01 a      1368     1    18     2     8
  4.2349403823792597E-01 a      1369     1    18     2     9
 -3.6800925055308870E-01 a      1370     1    18     2    10
 -2.9018277315288971E-01 a      1371     1    18     2    11
 -5.9935924929803730E-01 a      1372     1    18     2    12
 -8.4081110809807472E-02 a      1373     1    18     2    13
 -6.7227891069392393E-02 a      1374     1    18     2    14
 -4.2193026130545286E-01 a      1375     1    18     2    15
 -2.7517056657309236E-01 a      1376     1    18     2    16
  2.1240081994802390E-01 a      1377     1    18     2    17
 -3.0764580543598635E-01 a      1378     1    18     2    18
 -4.0702111369065364E-01 a      1379     1    18     2    19
 -3.7625607121734256E-01 a      1380     1    18     2    20
  9.6528359963881205E-02 a      1381     1    19     2     1
  5.1914836583240254E-01 a      1382     1    19     2     2
  3.1704152126089163E-01 a      1383     1    19     2     3
 -5.8725924174032640E-01 a      1384     1    19     2     4
  5.1449788610397973E-01 a      1385     1    19     2     5
  5.2745435561502831E-02 a      1386     1    19     2     6
  3.7645105006442671E-02 a      1387     1    19     2     7
 -2.8062415552570907E-01 a      1388     1    19     2     8
 -3.1210269977589217E-02 a      1389     1    19     2     9
 -3.8739812007083191E-01 a      1390     1    19     2    10
 -2.7125869137423630E-01 a      1391     1    19     2    11
  5.9194580188268076E-01 a      1392     1    19     2    12
  8.9227647356691045E-02 a      1393     1    19     2    13
 -6.0182350886101910E-02 a      1394     1    19     2    14
  6.0062224314905632E-01 a      1395     1    19     2    15
 -1.1867265644119054E-01 a      1396     1    19     2    16
  2.3776884962190797E-01 a      1397     1    19     2    17
  1.9799361930512965E-01 a      1398     1    19     2    18
  5.7382417608907488E-01 a      1399     1    19     2    19
 -1.8471365191738040E-01 a      1400     1    19     2    20
 -3.9954072636716587E-01 a      1401     1    20     2     1
  3.0365986435794673E-01 a      1402     1    20     2     2
  3.2264389899039519E-01 a      1403     1    20     2     3
 -5.1781124156644187E-01 a      1404     1    20     2     4
  1.3627815156611189E-01 a      1405     1    20     2     5
  2.7081137892583046E-01 a      1406     1    20     2     6
  2.1759828567400993E-01 a      1407     1    20     2     7
  4.7718374505499572E-01 a      1408     1    20     2     8
 -6.1022653158564276E-02 a      1409     1    20     2     9
 -2.4941659304527228E-01 a      1410     1    20     2    10
  5.6019685041937350E-01 a      1411     1    20     2    11
  1.0491205478715743E-01 a      1412     1    20     2    12
 -4.5610589563477494E-01 a      1413     1    20     2    13
  2.3931223446600158E-01 a      1414     1    20     2    14
  5.8559204566858081E-01 a      1415     1    20     2    15
 -4.5168656549473635E-01 a      1416     1    20     2    16
  4.4486442992188395E-02 a      1417     1    20     2    17
  1.6247298414558037E-01 a      1418     1    20     2    18
 -2.3791164364309481E-01 a      1419     1    20     2    19
 -2.6374122230033947E-01 a      1420     1    20     2    20
 -1.4367311820440796E+00 b      1421     2     1
  4.9637537489013778E-01 b      1422     2     2
  9.7086810370938670E-01 b      1423     2     3
  5.8355270058383944E-02 b      1424     2     4
  9.6628194159599001E-01 b      1425     2     5
  1.1295186964620201E+00 b      1426     2     6
 -1.1198353238994460E-01 b      1427     2     7
 -5.9781524687935314E-03 b      1428     2     8
  1.0107860466340755E+00 b      1429     2     9
 -3.3611944906119917E-01 b      1430     2    10
  1.2648624017293171E+00 b      1431     2    11
 -4.4279004678332279E-01 b      1432     2    12
  2.6470742986566215E-01 b      1433     2    13
  4.1204462972942962E-01 b      1434     2    14
 -8.0412596801672995E-02 b      1435     2    15
  1.2551150731260190E+00 b      1436     2    16
 -3.2430250494108098E-01 b      1437     2    17
  4.1298636515602205E-01 b      1438     2    18
 -1.1630903018794989E+00 b      1439     2    19
  6.2998007706328907E-01 b      1440     2    20
  1.0403003045433912E-01 a      1441     2     1     3     1
 -1.0443479911711264E+00 a      1442     2     2     3     1
 -5.8152965885126351E-01 a      1443     2     3     3     1
 -9.1655904144449030E-01 a      1444     2     4     3     1
  5.6110181581829942E-03 a      1445     2     5     3     1
 -1.4154686190519954E+00 a      1446     2     6     3     1
 -1.2649780042380327E+00 a      1447     2     7     3     1
  2.0118143068203689E-01 a      1448     2     8     3     1
 -4.6069671481842278E-01 a      1449     2     9     3     1
 -1.9576974436047775E-01 a      1450     2    10     3     1
  5.7764315496625900E-03 a      1451     2    11     3     1
 -1.2037662868832096E-01 a      1452     2    12     3     1
 -6.7358105366231116E-02 a      1453     2    13     3     1
  5.2420206458012389E-02 a      1454     2    14     3     1
 -1.3508780323265843E-01 a      1455     2    15     3     1
  8.9272021136352547E-02 a      1456     2    16     3     1
 -6.4619828988329284E-02 a      1457     2    17     3     1
 -7.9295741209238746E-01 a      1458     2    18     3     1
  1.9392180244290191E-01 a      1459     2    19     3     1
  1.2523358840448164E+00 a      1460     2    20     3     1
  2.4847256957223410E-01 b      1461     3     1
