################################################################################
# Neural network connection values (weights and biases).
################################################################################
# Col  Name       Description
################################################################################
# 1    connection Neural network connection value.
# 2    t          Connection type (a = weight, b = bias).
# 3    index      Index enumerating weights.
# 4    l_s        Starting point layer (end point layer for biases).
# 5    n_s        Starting point neuron in starting layer (end point neuron for biases).
# 6    l_e        End point layer.
# 7    n_e        End point neuron in end layer.
################################################################################
#                      1 2         3     4     5     6     7
#             connection t     index   l_s   n_s   l_e   n_e
############################################################
 -4.5060379376700627E-02 a         1     0     1     1     1
  2.9419488835284946E-01 a         2     0     1     1     2
  8.2117574766979937E-02 a         3     0     1     1     3
  5.0273208248871638E-02 a         4     0     1     1     4
  2.1144026011201236E-01 a         5     0     1     1     5
 -2.3226044801382076E-01 a         6     0     1     1     6
 -2.4920604507674504E-01 a         7     0     1     1     7
 -1.5360483688347792E-01 a         8     0     1     1     8
  1.8760440446986826E-01 a         9     0     1     1     9
  3.3335376701815855E-01 a        10     0     1     1    10
 -2.3378073258114557E-01 a        11     0     1     1    11
 -4.9641119847620646E-01 a        12     0     1     1    12
 -2.4556534623714288E-01 a        13     0     1     1    13
  6.6261173661418274E-02 a        14     0     1     1    14
 -4.2973388264756390E-01 a        15     0     1     1    15
 -2.1050432753896748E-02 a        16     0     1     1    16
 -2.5686290960134645E-01 a        17     0     1     1    17
  4.9100362284586446E-02 a        18     0     1     1    18
  1.9086848053377831E-01 a        19     0     1     1    19
  5.5631917544319766E-02 a        20     0     1     1    20
 -1.9286493817281916E-01 a        21     0     2     1     1
  2.2803111639028550E-01 a        22     0     2     1     2
  2.5809203447430368E-01 a        23     0     2     1     3
 -2.9308133029421451E-01 a        24     0     2     1     4
 -1.0316302580547880E-01 a        25     0     2     1     5
 -3.4666693101015478E-01 a        26     0     2     1     6
  2.1853506438547290E-02 a        27     0     2     1     7
 -1.4049239111885425E-01 a        28     0     2     1     8
  4.4013278673927819E-01 a        29     0     2     1     9
  6.4931592231166407E-03 a        30     0     2     1    10
 -1.3684149199791015E-01 a        31     0     2     1    11
 -1.3503764549676315E-02 a        32     0     2     1    12
 -6.0823770510467806E-02 a        33     0     2     1    13
  2.1155638567797630E-01 a        34     0     2     1    14
 -7.8079407135194456E-02 a        35     0     2     1    15
  1.0376655498096707E-01 a        36     0     2     1    16
  3.8468314370964679E-01 a        37     0     2     1    17
  2.9584174544472414E-01 a        38     0     2     1    18
 -2.4416253653399658E-01 a        39     0     2     1    19
 -1.0486090244579699E-01 a        40     0     2     1    20
  2.3476429448691716E-01 a        41     0     3     1     1
  1.7163871754329554E-01 a        42     0     3     1     2
  4.4198851749716878E-01 a        43     0     3     1     3
 -5.5233487518735724E-01 a        44     0     3     1     4
 -4.2742071500148755E-02 a        45     0     3     1     5
 -4.7895763773930483E-02 a        46     0     3     1     6
 -2.7986277087490491E-01 a        47     0     3     1     7
 -3.0469784630142577E-01 a        48     0     3     1     8
 -3.8644743099711543E-01 a        49     0     3     1     9
 -2.8802778725785222E-01 a        50     0     3     1    10
  5.7562765492972935E-02 a        51     0     3     1    11
  2.9687721038533665E-01 a        52     0     3     1    12
 -2.1001283966379206E-01 a        53     0     3     1    13
  1.4079355219911480E-01 a        54     0     3     1    14
 -1.7137466827077494E-01 a        55     0     3     1    15
  1.2707526520235718E-01 a        56     0     3     1    16
  3.8298890361118582E-02 a        57     0     3     1    17
  2.5603926414657335E-01 a        58     0     3     1    18
  1.9855334767215294E-01 a        59     0     3     1    19
  1.9977624824825263E-01 a        60     0     3     1    20
  3.2900056972580816E-01 a        61     0     4     1     1
 -3.8400610056534895E-01 a        62     0     4     1     2
 -1.6335585943015743E-01 a        63     0     4     1     3
 -1.5131214367730941E-01 a        64     0     4     1     4
  6.5755227378410441E-02 a        65     0     4     1     5
  5.4523216128551943E-01 a        66     0     4     1     6
 -4.2411654221610046E-01 a        67     0     4     1     7
  8.6371103477278138E-02 a        68     0     4     1     8
  1.1674680134467392E-02 a        69     0     4     1     9
  3.1771467128754942E-02 a        70     0     4     1    10
  2.6792303763856457E-01 a        71     0     4     1    11
  1.0673261222466215E-01 a        72     0     4     1    12
  3.4438192250321903E-01 a        73     0     4     1    13
  4.8027778945389826E-01 a        74     0     4     1    14
  2.9135848033183948E-01 a        75     0     4     1    15
  4.1033892751111056E-01 a        76     0     4     1    16
 -4.9742578213539022E-02 a        77     0     4     1    17
  7.4980623657479525E-02 a        78     0     4     1    18
  1.5076728132438955E-01 a        79     0     4     1    19
  2.8075150336178273E-01 a        80     0     4     1    20
  3.5359703481872402E-02 a        81     0     5     1     1
  3.7670720827246068E-01 a        82     0     5     1     2
  2.3530832164091692E-01 a        83     0     5     1     3
  3.7638195986622752E-01 a        84     0     5     1     4
 -3.4260784005035999E-01 a        85     0     5     1     5
 -4.3722660069084407E-01 a        86     0     5     1     6
 -2.1508025473617737E-01 a        87     0     5     1     7
 -1.5928401046262336E-01 a        88     0     5     1     8
 -1.6229261108103976E-01 a        89     0     5     1     9
  1.7308994388429613E-01 a        90     0     5     1    10
  1.8457222992328570E-01 a        91     0     5     1    11
 -4.5441895481303241E-01 a        92     0     5     1    12
 -3.4735523595271219E-02 a        93     0     5     1    13
  9.6868170792982114E-02 a        94     0     5     1    14
 -2.8922075767473199E-01 a        95     0     5     1    15
  9.6468632984777827E-02 a        96     0     5     1    16
  1.5418861986177848E-01 a        97     0     5     1    17
 -1.3590873027960690E-01 a        98     0     5     1    18
 -4.6267812639993620E-04 a        99     0     5     1    19
  1.2417753121796221E-01 a       100     0     5     1    20
 -2.6007510524769967E-01 a       101     0     6     1     1
  2.3261704922612603E-01 a       102     0     6     1     2
  1.7411454335893758E-01 a       103     0     6     1     3
  3.3279863795332615E-01 a       104     0     6     1     4
 -2.0982048335899783E-01 a       105     0     6     1     5
 -1.8786010468637529E-01 a       106     0     6     1     6
  4.1040813105338508E-01 a       107     0     6     1     7
  4.3195722225258976E-01 a       108     0     6     1     8
  2.3671194999596257E-01 a       109     0     6     1     9
  2.2001779869264156E-02 a       110     0     6     1    10
 -8.5820099656245347E-02 a       111     0     6     1    11
  8.2263959930269262E-02 a       112     0     6     1    12
 -2.9688693733423660E-01 a       113     0     6     1    13
  6.6636817403250628E-02 a       114     0     6     1    14
  3.2145705235180883E-01 a       115     0     6     1    15
 -1.6143545827814443E-01 a       116     0     6     1    16
  2.6961133808820192E-01 a       117     0     6     1    17
  1.3946771952840017E-01 a       118     0     6     1    18
  1.4076936365220852E-01 a       119     0     6     1    19
 -2.3937447025019898E-01 a       120     0     6     1    20
  1.0403573239503151E-01 a       121     0     7     1     1
  1.8274532590452658E-01 a       122     0     7     1     2
 -1.3649881062184668E-01 a       123     0     7     1     3
 -2.6457368541512666E-01 a       124     0     7     1     4
 -1.4578476519299394E-01 a       125     0     7     1     5
  2.9003353533614551E-01 a       126     0     7     1     6
 -1.5159338143192339E-01 a       127     0     7     1     7
 -1.9208741111627151E-01 a       128     0     7     1     8
  2.0535021116366717E-01 a       129     0     7     1     9
  1.5269439695353856E-01 a       130     0     7     1    10
  7.9913546438800553E-02 a       131     0     7     1    11
  3.4948698885209384E-01 a       132     0     7     1    12
 -3.1318861851767887E-01 a       133     0     7     1    13
 -2.5587572209846038E-01 a       134     0     7     1    14
 -3.1624419177856411E-01 a       135     0     7     1    15
  1.3806962074625717E-01 a       136     0     7     1    16
  1.7370697231490495E-01 a       137     0     7     1    17
  3.5071037028588703E-01 a       138     0     7     1    18
 -9.0867144675925854E-02 a       139     0     7     1    19
  2.0825940565502951E-01 a       140     0     7     1    20
 -1.4426639024454330E-01 a       141     0     8     1     1
 -1.3711453926923792E-01 a       142     0     8     1     2
  1.5881027159522079E-01 a       143     0     8     1     3
 -1.1416194411522533E-01 a       144     0     8     1     4
  1.1338743718492439E-01 a       145     0     8     1     5
  8.0138848410125404E-02 a       146     0     8     1     6
  1.7534690600890215E-01 a       147     0     8     1     7
 -2.6761439155772082E-01 a       148     0     8     1     8
  1.3509418738813223E-01 a       149     0     8     1     9
 -2.2436738403654044E-01 a       150     0     8     1    10
 -4.2008643243007404E-01 a       151     0     8     1    11
 -3.0730727641418171E-01 a       152     0     8     1    12
  3.2827799152235654E-01 a       153     0     8     1    13
 -4.0968851593490563E-01 a       154     0     8     1    14
 -5.3939775260136789E-02 a       155     0     8     1    15
  4.5416347456036266E-01 a       156     0     8     1    16
  3.2781981639664470E-01 a       157     0     8     1    17
  2.3398163709749367E-01 a       158     0     8     1    18
  7.7629246508879590E-02 a       159     0     8     1    19
  1.5121788525756472E-01 a       160     0     8     1    20
  1.3949969476426713E-01 a       161     0     9     1     1
 -4.2497942077113021E-01 a       162     0     9     1     2
 -2.4423880348896204E-01 a       163     0     9     1     3
 -2.9086041561316597E-02 a       164     0     9     1     4
 -1.5539763694310031E-02 a       165     0     9     1     5
  2.8229478005779178E-02 a       166     0     9     1     6
  6.9785810105577224E-03 a       167     0     9     1     7
 -2.3429219526837997E-01 a       168     0     9     1     8
  2.7305488826564889E-01 a       169     0     9     1     9
  3.9936730545720939E-01 a       170     0     9     1    10
  2.8656807959364004E-02 a       171     0     9     1    11
 -4.0750615853698213E-01 a       172     0     9     1    12
 -1.0630554063882137E-01 a       173     0     9     1    13
 -1.5454887493658515E-01 a       174     0     9     1    14
 -3.0154876256386060E-01 a       175     0     9     1    15
 -2.8154157908293953E-01 a       176     0     9     1    16
 -1.1075341009848259E-01 a       177     0     9     1    17
 -1.2555634564372103E-01 a       178     0     9     1    18
 -5.0572109174645385E-01 a       179     0     9     1    19
 -3.1973233043682497E-01 a       180     0     9     1    20
 -6.2094840326026850E-02 a       181     0    10     1     1
 -1.6208834365307734E-02 a       182     0    10     1     2
  1.2869199016352362E-01 a       183     0    10     1     3
 -1.6466463457527511E-01 a       184     0    10     1     4
  1.1176625782358618E-01 a       185     0    10     1     5
  1.7070499958364699E-01 a       186     0    10     1     6
 -2.7273670825105134E-01 a       187     0    10     1     7
 -1.9150242350711449E-01 a       188     0    10     1     8
 -1.0261639636343615E-01 a       189     0    10     1     9
  2.0785671636741188E-01 a       190     0    10     1    10
  2.2905341008598454E-01 a       191     0    10     1    11
 -9.1628304639172709E-02 a       192     0    10     1    12
 -1.3593673750884072E-01 a       193     0    10     1    13
  2.0396187350703687E-01 a       194     0    10     1    14
  2.8765170930179890E-01 a       195     0    10     1    15
  1.4922157131397720E-01 a       196     0    10     1    16
  4.3138345294520997E-01 a       197     0    10     1    17
  1.9569517400536596E-01 a       198     0    10     1    18
  2.3434328007229954E-01 a       199     0    10     1    19
 -2.7260803191516986E-01 a       200     0    10     1    20
 -2.6544946254238139E-01 a       201     0    11     1     1
  2.5215445849823309E-01 a       202     0    11     1     2
  1.3356004008671599E-01 a       203     0    11     1     3
  2.5982221122943034E-02 a       204     0    11     1     4
  3.1989159161658715E-01 a       205     0    11     1     5
  1.2680208804875487E-01 a       206     0    11     1     6
 -2.3416036054068523E-01 a       207     0    11     1     7
  1.3411455429116386E-03 a       208     0    11     1     8
 -1.3879914461655674E-01 a       209     0    11     1     9
  2.0891204758891377E-01 a       210     0    11     1    10
 -1.4371637653487690E-01 a       211     0    11     1    11
  7.4745681098685388E-02 a       212     0    11     1    12
  8.1832065520206596E-02 a       213     0    11     1    13
 -2.8898582556669505E-01 a       214     0    11     1    14
 -2.4403292701987250E-01 a       215     0    11     1    15
  1.8410450377913615E-01 a       216     0    11     1    16
  2.0001453270534772E-01 a       217     0    11     1    17
  2.4590451607058875E-01 a       218     0    11     1    18
 -1.4792684815248555E-01 a       219     0    11     1    19
  3.5032057641378699E-02 a       220     0    11     1    20
  1.9486486691360348E-02 a       221     0    12     1     1
  5.5267216738278106E-02 a       222     0    12     1     2
 -1.6542728681423760E-01 a       223     0    12     1     3
 -7.3032381252827322E-02 a       224     0    12     1     4
  2.2675050023463611E-01 a       225     0    12     1     5
 -2.8333722459995137E-01 a       226     0    12     1     6
  4.5767404058334160E-01 a       227     0    12     1     7
  3.1718483210962728E-01 a       228     0    12     1     8
  3.7688774317751389E-01 a       229     0    12     1     9
 -1.7040367114741062E-01 a       230     0    12     1    10
 -2.6087953440153688E-01 a       231     0    12     1    11
  3.1471929571794716E-01 a       232     0    12     1    12
 -1.8094713952265815E-01 a       233     0    12     1    13
  2.5806223895013697E-01 a       234     0    12     1    14
 -3.2824557958583328E-02 a       235     0    12     1    15
 -3.2326989447910646E-02 a       236     0    12     1    16
 -3.2138237696958727E-01 a       237     0    12     1    17
 -5.2733839201941232E-02 a       238     0    12     1    18
  5.7378259579804969E-01 a       239     0    12     1    19
  1.1821278380892306E-01 a       240     0    12     1    20
  3.6006947538221679E-01 a       241     0    13     1     1
 -3.1464446482047048E-02 a       242     0    13     1     2
 -1.1608464773060792E-01 a       243     0    13     1     3
 -3.3035545036247682E-01 a       244     0    13     1     4
  1.0372750158696542E-01 a       245     0    13     1     5
 -2.0510415563889620E-01 a       246     0    13     1     6
 -3.4450803464206392E-01 a       247     0    13     1     7
 -1.5723173537811247E-01 a       248     0    13     1     8
  2.1705910224648942E-01 a       249     0    13     1     9
  1.4468235943319321E-01 a       250     0    13     1    10
 -2.6422436465963595E-01 a       251     0    13     1    11
  8.0947931262237913E-02 a       252     0    13     1    12
  9.6166812040530028E-02 a       253     0    13     1    13
  2.0423844062146901E-01 a       254     0    13     1    14
  4.9527737526008035E-03 a       255     0    13     1    15
 -2.6736402025378919E-01 a       256     0    13     1    16
 -4.1281333414849394E-02 a       257     0    13     1    17
  6.7489935521947889E-02 a       258     0    13     1    18
  2.4469781203164956E-01 a       259     0    13     1    19
  1.0746350109840913E-01 a       260     0    13     1    20
 -2.7339347441151562E-01 a       261     0    14     1     1
  2.3018029798175749E-01 a       262     0    14     1     2
  1.9817030606688892E-03 a       263     0    14     1     3
 -1.7704202732430074E-01 a       264     0    14     1     4
 -3.6059063663957003E-01 a       265     0    14     1     5
  4.8697764721858192E-03 a       266     0    14     1     6
  4.1313063701505898E-01 a       267     0    14     1     7
  2.4162905001548809E-01 a       268     0    14     1     8
  1.7447876229597206E-01 a       269     0    14     1     9
 -7.5892007251846513E-02 a       270     0    14     1    10
 -4.3986389362278548E-02 a       271     0    14     1    11
 -2.1246458044522090E-01 a       272     0    14     1    12
  6.3521625098742734E-02 a       273     0    14     1    13
 -9.8289276691806399E-02 a       274     0    14     1    14
  2.5226988335286478E-02 a       275     0    14     1    15
 -7.0823856959557868E-02 a       276     0    14     1    16
  3.4220579148604169E-01 a       277     0    14     1    17
  1.5148777185520343E-01 a       278     0    14     1    18
 -2.1708377627055045E-01 a       279     0    14     1    19
 -9.2057297816245012E-02 a       280     0    14     1    20
 -2.4477854101015892E-01 a       281     0    15     1     1
  4.0815727838340982E-01 a       282     0    15     1     2
  1.0192901652056743E-01 a       283     0    15     1     3
  1.2912647401494323E-01 a       284     0    15     1     4
 -3.0475920172927329E-01 a       285     0    15     1     5
 -2.8158921896553474E-01 a       286     0    15     1     6
 -1.4724464154683775E-01 a       287     0    15     1     7
 -2.3788082116417017E-01 a       288     0    15     1     8
 -4.6995506945785781E-01 a       289     0    15     1     9
 -1.9109046328300883E-01 a       290     0    15     1    10
  1.6458534613669437E-01 a       291     0    15     1    11
  2.7204369784110477E-01 a       292     0    15     1    12
  2.4558890291032112E-01 a       293     0    15     1    13
 -1.9835666678563726E-01 a       294     0    15     1    14
 -1.0378252495731409E-01 a       295     0    15     1    15
  2.6479361793503664E-01 a       296     0    15     1    16
  1.1702095735325675E-01 a       297     0    15     1    17
  3.8779484421037867E-02 a       298     0    15     1    18
 -4.6687533593559177E-01 a       299     0    15     1    19
  4.3461019274456496E-02 a       300     0    15     1    20
  3.1466101036253952E-01 a       301     0    16     1     1
 -9.4921801515965284E-02 a       302     0    16     1     2
 -2.6384200348471742E-01 a       303     0    16     1     3
  4.1913981210037687E-01 a       304     0    16     1     4
  2.8392364325831632E-01 a       305     0    16     1     5
  4.7373482941509955E-02 a       306     0    16     1     6
 -4.3824857331516531E-02 a       307     0    16     1     7
 -2.6077979395274614E-01 a       308     0    16     1     8
 -1.5661296406893027E-01 a       309     0    16     1     9
  1.0534616814451747E-01 a       310     0    16     1    10
  2.4761887337146649E-01 a       311     0    16     1    11
  7.4693655887780389E-02 a       312     0    16     1    12
 -3.2473446582598914E-01 a       313     0    16     1    13
 -8.6285564834325298E-02 a       314     0    16     1    14
 -3.0309303597842114E-03 a       315     0    16     1    15
 -1.3080474829100575E-01 a       316     0    16     1    16
 -4.5384825763444027E-02 a       317     0    16     1    17
 -3.1388317419846290E-01 a       318     0    16     1    18
  2.2184409030837771E-01 a       319     0    16     1    19
  2.0193257204470799E-01 a       320     0    16     1    20
  1.6765876000032137E-01 a       321     0    17     1     1
 -1.4471682432751065E-01 a       322     0    17     1     2
  1.8445602935608940E-01 a       323     0    17     1     3
 -1.4920944485315835E-01 a       324     0    17     1     4
  3.7961516892096941E-01 a       325     0    17     1     5
  4.6451890974852590E-02 a       326     0    17     1     6
 -1.4162558655612598E-01 a       327     0    17     1     7
  1.4350892300456472E-01 a       328     0    17     1     8
  1.0369776510375961E-01 a       329     0    17     1     9
  7.9735659229176872E-02 a       330     0    17     1    10
 -1.1809479656509294E-02 a       331     0    17     1    11
  2.3013127716515944E-01 a       332     0    17     1    12
  6.2099524783438602E-02 a       333     0    17     1    13
 -2.6536264549077715E-01 a       334     0    17     1    14
  1.4270160175742111E-01 a       335     0    17     1    15
 -1.7938498286853183E-01 a       336     0    17     1    16
  2.5136387154940421E-01 a       337     0    17     1    17
 -3.0319182263838947E-02 a       338     0    17     1    18
  8.9797909845777582E-02 a       339     0    17     1    19
  2.3048925308066189E-03 a       340     0    17     1    20
 -2.7250604372484205E-01 a       341     0    18     1     1
 -1.0607529693336216E-01 a       342     0    18     1     2
  4.5063647275648058E-02 a       343     0    18     1     3
  3.2970884138223570E-02 a       344     0    18     1     4
 -2.3830824860655764E-01 a       345     0    18     1     5
  1.0296867056741074E-01 a       346     0    18     1     6
  3.5259551848617643E-01 a       347     0    18     1     7
  6.5596869936166605E-02 a       348     0    18     1     8
  2.8117918419008547E-01 a       349     0    18     1     9
 -2.1073856986235473E-01 a       350     0    18     1    10
 -1.6609604436155195E-01 a       351     0    18     1    11
  2.3812026022625632E-01 a       352     0    18     1    12
  2.2833852455228656E-01 a       353     0    18     1    13
 -7.2582184953789888E-02 a       354     0    18     1    14
  9.0758375717362214E-02 a       355     0    18     1    15
 -2.7512727879639409E-01 a       356     0    18     1    16
 -3.2443725048902095E-01 a       357     0    18     1    17
 -1.6540545347066946E-01 a       358     0    18     1    18
  4.8993272059520525E-02 a       359     0    18     1    19
 -2.5276249934608697E-01 a       360     0    18     1    20
  6.7823919314950701E-02 a       361     0    19     1     1
  1.6503678526030854E-01 a       362     0    19     1     2
  6.8259676618845702E-02 a       363     0    19     1     3
  8.7922468705515330E-02 a       364     0    19     1     4
  1.5766982116236450E-01 a       365     0    19     1     5
 -6.7007281558767492E-02 a       366     0    19     1     6
 -1.4341894188310653E-01 a       367     0    19     1     7
  1.0563412902260923E-02 a       368     0    19     1     8
 -7.5240500879731236E-03 a       369     0    19     1     9
  1.3560216963397476E-01 a       370     0    19     1    10
  1.7165990802717020E-02 a       371     0    19     1    11
  2.8752708247410924E-01 a       372     0    19     1    12
 -1.2623963095924917E-01 a       373     0    19     1    13
  8.0879624928245075E-02 a       374     0    19     1    14
 -1.2869380638714725E-01 a       375     0    19     1    15
  2.1835698950899290E-01 a       376     0    19     1    16
  1.6211044174853742E-01 a       377     0    19     1    17
  1.7007059375476871E-01 a       378     0    19     1    18
 -1.8526279267202218E-02 a       379     0    19     1    19
  1.5811775489006927E-01 a       380     0    19     1    20
 -4.9160683010769049E-02 a       381     0    20     1     1
 -1.2642096268803169E-01 a       382     0    20     1     2
 -1.2561002222534082E-01 a       383     0    20     1     3
 -6.5559976797341685E-02 a       384     0    20     1     4
  2.7581775029163746E-01 a       385     0    20     1     5
  1.0408292988650839E-01 a       386     0    20     1     6
  2.3022192974679892E-01 a       387     0    20     1     7
 -1.2448779899066705E-01 a       388     0    20     1     8
  2.3583233966242598E-01 a       389     0    20     1     9
 -1.2388909772532654E-01 a       390     0    20     1    10
 -1.0458710752177609E-01 a       391     0    20     1    11
 -2.3749959507593343E-01 a       392     0    20     1    12
 -1.8649754490126286E-01 a       393     0    20     1    13
 -7.1271310821209910E-02 a       394     0    20     1    14
 -2.1003120305598980E-01 a       395     0    20     1    15
 -1.3667679841373931E-02 a       396     0    20     1    16
 -8.8844743090093450E-02 a       397     0    20     1    17
 -5.5873883290124500E-02 a       398     0    20     1    18
  1.1114462930594562E-01 a       399     0    20     1    19
 -1.3279635450959859E-01 a       400     0    20     1    20
  1.3562121398725976E-01 a       401     0    21     1     1
  3.0814060747698619E-02 a       402     0    21     1     2
  3.9825495126168831E-01 a       403     0    21     1     3
 -1.9209868690069624E-02 a       404     0    21     1     4
  2.5261289994041908E-01 a       405     0    21     1     5
 -2.0030409715376621E-01 a       406     0    21     1     6
 -2.7988617230476798E-01 a       407     0    21     1     7
 -2.0161351123181973E-01 a       408     0    21     1     8
  2.7268545895909346E-01 a       409     0    21     1     9
  3.7833862439769128E-01 a       410     0    21     1    10
  2.1449523058678346E-01 a       411     0    21     1    11
  1.3606572952839699E-01 a       412     0    21     1    12
 -8.7328922627347885E-02 a       413     0    21     1    13
  2.6483166780559497E-01 a       414     0    21     1    14
  5.7037247669592261E-01 a       415     0    21     1    15
  2.9313791669307798E-01 a       416     0    21     1    16
  5.1442092457699810E-02 a       417     0    21     1    17
 -1.9434865718670175E-01 a       418     0    21     1    18
 -5.0094043185507475E-01 a       419     0    21     1    19
  1.4506918587131432E-01 a       420     0    21     1    20
  3.3688630137586267E-01 a       421     0    22     1     1
 -1.0673909902314575E-01 a       422     0    22     1     2
  3.0755739316949765E-01 a       423     0    22     1     3
  4.4430157783947086E-02 a       424     0    22     1     4
  2.4541167992667756E-01 a       425     0    22     1     5
  1.0178025711580162E-01 a       426     0    22     1     6
  2.3953955343216163E-01 a       427     0    22     1     7
 -2.9808287840493258E-01 a       428     0    22     1     8
  3.4598239930537589E-01 a       429     0    22     1     9
 -4.3931158842254331E-01 a       430     0    22     1    10
  3.2723608390035624E-01 a       431     0    22     1    11
  2.8939933034165710E-01 a       432     0    22     1    12
 -3.2151751164971037E-01 a       433     0    22     1    13
  3.7505306393832238E-01 a       434     0    22     1    14
 -2.4906459103527265E-01 a       435     0    22     1    15
 -7.4737096955397694E-02 a       436     0    22     1    16
  2.8188988447946217E-01 a       437     0    22     1    17
  2.4246057518261663E-01 a       438     0    22     1    18
 -1.7250313885026092E-01 a       439     0    22     1    19
  2.1895546520459516E-01 a       440     0    22     1    20
  7.6790957983338334E-04 a       441     0    23     1     1
 -1.5705201331662680E-01 a       442     0    23     1     2
  2.2787052382759809E-01 a       443     0    23     1     3
 -7.9643798729382861E-02 a       444     0    23     1     4
  6.9307760402674543E-02 a       445     0    23     1     5
  1.9376402061979953E-01 a       446     0    23     1     6
  6.4966132730965381E-02 a       447     0    23     1     7
  3.0268661547364933E-01 a       448     0    23     1     8
  6.3802947382001651E-02 a       449     0    23     1     9
 -3.0032373492513209E-01 a       450     0    23     1    10
 -1.6016596965997837E-01 a       451     0    23     1    11
 -7.3737915935846193E-02 a       452     0    23     1    12
 -5.2124999134465042E-02 a       453     0    23     1    13
  5.7228718236979545E-02 a       454     0    23     1    14
 -1.4507037152892960E-01 a       455     0    23     1    15
  4.0333574029852309E-01 a       456     0    23     1    16
 -1.7278330625229685E-01 a       457     0    23     1    17
 -2.4758604234628781E-01 a       458     0    23     1    18
  4.1585303937335766E-01 a       459     0    23     1    19
  4.3208904903745585E-02 a       460     0    23     1    20
 -3.0362947105251775E-01 a       461     0    24     1     1
 -3.1294866106178160E-01 a       462     0    24     1     2
 -1.3952927613852290E-01 a       463     0    24     1     3
  3.8349018442405808E-01 a       464     0    24     1     4
 -2.9568574774549022E-02 a       465     0    24     1     5
  1.7845765976749439E-01 a       466     0    24     1     6
 -2.5220641730817828E-01 a       467     0    24     1     7
  3.3602532047375477E-01 a       468     0    24     1     8
 -1.2718003569188438E-01 a       469     0    24     1     9
  3.4039294589316765E-01 a       470     0    24     1    10
 -1.9649558607360623E-01 a       471     0    24     1    11
  6.9736077691922888E-02 a       472     0    24     1    12
  1.1216548377447548E-01 a       473     0    24     1    13
 -3.4673208022902680E-01 a       474     0    24     1    14
 -2.0722369958665422E-02 a       475     0    24     1    15
  9.3855495501812282E-04 a       476     0    24     1    16
  3.4844205757521901E-01 a       477     0    24     1    17
 -1.4591977367292619E-01 a       478     0    24     1    18
  2.7336855787984454E-01 a       479     0    24     1    19
 -4.1644280335844913E-01 a       480     0    24     1    20
 -2.0151263265489422E-01 a       481     0    25     1     1
  6.8950485491889271E-02 a       482     0    25     1     2
 -7.6865552137618254E-02 a       483     0    25     1     3
 -4.5497857391978105E-02 a       484     0    25     1     4
 -2.4811346814066942E-01 a       485     0    25     1     5
  3.6294834672056830E-01 a       486     0    25     1     6
  2.4782539994788652E-01 a       487     0    25     1     7
  7.4123393222884332E-02 a       488     0    25     1     8
 -2.7283464961087495E-01 a       489     0    25     1     9
 -1.3351323682993080E-01 a       490     0    25     1    10
 -2.4296584176209595E-02 a       491     0    25     1    11
  9.3204744517081398E-02 a       492     0    25     1    12
  4.6885410929363124E-02 a       493     0    25     1    13
 -2.2735828488259505E-01 a       494     0    25     1    14
 -2.6855982107608728E-01 a       495     0    25     1    15
 -2.8207154562356523E-01 a       496     0    25     1    16
 -2.3618940814895123E-01 a       497     0    25     1    17
 -2.1977457840370718E-01 a       498     0    25     1    18
 -4.1841694345763703E-01 a       499     0    25     1    19
  1.8506085525428317E-01 a       500     0    25     1    20
  1.3538948140611390E-01 a       501     0    26     1     1
  1.0513108496442966E-01 a       502     0    26     1     2
  1.8700645859395260E-01 a       503     0    26     1     3
  4.2048817499720992E-01 a       504     0    26     1     4
  4.1777923467189787E-01 a       505     0    26     1     5
 -2.2338271040801386E-01 a       506     0    26     1     6
  1.2351373951409122E-02 a       507     0    26     1     7
  1.7967398335889989E-01 a       508     0    26     1     8
 -1.7899113607580588E-01 a       509     0    26     1     9
 -5.6322679966647284E-02 a       510     0    26     1    10
  3.7754045813583736E-01 a       511     0    26     1    11
 -8.8956477921814395E-02 a       512     0    26     1    12
  3.1906758094552684E-01 a       513     0    26     1    13
 -9.6143053311729398E-02 a       514     0    26     1    14
  2.9296046973424533E-01 a       515     0    26     1    15
  1.3246635728480316E-01 a       516     0    26     1    16
 -3.0115521330478939E-01 a       517     0    26     1    17
 -5.4668280947354547E-03 a       518     0    26     1    18
  4.1903967361283725E-02 a       519     0    26     1    19
 -1.7428604969323868E-02 a       520     0    26     1    20
  9.5148501668841104E-02 a       521     0    27     1     1
 -1.7384752099611109E-01 a       522     0    27     1     2
 -3.2873373642595038E-01 a       523     0    27     1     3
 -8.5155094819015648E-02 a       524     0    27     1     4
 -2.4476868994038395E-01 a       525     0    27     1     5
  9.9469120698888427E-02 a       526     0    27     1     6
 -4.5935312103713148E-02 a       527     0    27     1     7
 -1.7327034027526703E-03 a       528     0    27     1     8
  2.3059236781240636E-01 a       529     0    27     1     9
  2.8738556041585589E-01 a       530     0    27     1    10
 -2.0966170813732735E-01 a       531     0    27     1    11
  3.4048173831044537E-01 a       532     0    27     1    12
 -4.0643151032307157E-01 a       533     0    27     1    13
  2.0912527094431435E-01 a       534     0    27     1    14
 -1.6317126985060948E-01 a       535     0    27     1    15
 -2.4229836160028120E-01 a       536     0    27     1    16
 -2.4933864841910000E-01 a       537     0    27     1    17
  1.8132396000980222E-01 a       538     0    27     1    18
 -2.0104563130052625E-01 a       539     0    27     1    19
 -4.6651903336331971E-02 a       540     0    27     1    20
 -2.0007961232012081E-01 a       541     0    28     1     1
  1.9922987560160843E-01 a       542     0    28     1     2
  1.8917712596152044E-02 a       543     0    28     1     3
  1.3722166617167686E-01 a       544     0    28     1     4
 -8.5219767449906447E-02 a       545     0    28     1     5
  5.0933512673778762E-02 a       546     0    28     1     6
  1.5709056050653047E-01 a       547     0    28     1     7
  8.8357062362010832E-04 a       548     0    28     1     8
 -4.5326322335931979E-01 a       549     0    28     1     9
  2.7939666564391907E-01 a       550     0    28     1    10
  1.1328128005512912E-01 a       551     0    28     1    11
 -2.6671734149730092E-01 a       552     0    28     1    12
  1.3933151489953563E-01 a       553     0    28     1    13
 -3.4272665703103572E-01 a       554     0    28     1    14
  4.6900108943402533E-02 a       555     0    28     1    15
 -2.1941392365505830E-01 a       556     0    28     1    16
 -3.3609144019785236E-01 a       557     0    28     1    17
 -2.0025533621867200E-01 a       558     0    28     1    18
  6.1904099629270321E-02 a       559     0    28     1    19
  6.2842161984176317E-02 a       560     0    28     1    20
  4.2177768401452558E-03 a       561     0    29     1     1
  6.8655849485949480E-02 a       562     0    29     1     2
  1.0432031214027156E-01 a       563     0    29     1     3
  3.8155521786736521E-02 a       564     0    29     1     4
  3.8763857826082004E-01 a       565     0    29     1     5
 -1.7546986056627356E-01 a       566     0    29     1     6
  2.8428754990489963E-01 a       567     0    29     1     7
  5.2900012619047421E-01 a       568     0    29     1     8
  5.6310965291261283E-02 a       569     0    29     1     9
 -3.7583363326456659E-01 a       570     0    29     1    10
 -1.4504119714781771E-02 a       571     0    29     1    11
  3.6309238050039202E-03 a       572     0    29     1    12
  2.8318774066322538E-01 a       573     0    29     1    13
 -3.5968210973264481E-01 a       574     0    29     1    14
  3.8588859981516371E-02 a       575     0    29     1    15
 -1.8441301189842055E-01 a       576     0    29     1    16
 -2.0652262921541339E-01 a       577     0    29     1    17
 -1.7578239986341315E-01 a       578     0    29     1    18
  1.1214112554667273E-01 a       579     0    29     1    19
  2.6516306140350935E-03 a       580     0    29     1    20
 -1.3470479458247270E-01 a       581     0    30     1     1
  6.8073953034054696E-02 a       582     0    30     1     2
 -3.2720939799075038E-01 a       583     0    30     1     3
  1.3102035271302659E-01 a       584     0    30     1     4
 -1.2826671730618561E-01 a       585     0    30     1     5
 -4.1102216602088570E-03 a       586     0    30     1     6
 -1.0990481468504623E-01 a       587     0    30     1     7
  3.3354875339822437E-01 a       588     0    30     1     8
  3.7523823830040731E-01 a       589     0    30     1     9
 -2.1898657327314674E-02 a       590     0    30     1    10
 -1.0716533263247305E-01 a       591     0    30     1    11
 -8.7723606089819689E-02 a       592     0    30     1    12
 -1.5083344365435658E-01 a       593     0    30     1    13
  5.4129166949945509E-03 a       594     0    30     1    14
  1.2846039187748487E-01 a       595     0    30     1    15
 -2.0824186966859928E-01 a       596     0    30     1    16
 -1.0793539123263625E-01 a       597     0    30     1    17
  1.4453202095203349E-01 a       598     0    30     1    18
  1.6091694124639958E-02 a       599     0    30     1    19
 -5.4012776753654186E-02 a       600     0    30     1    20
  1.1524747730450735E-01 a       601     0    31     1     1
 -2.4561277964633424E-01 a       602     0    31     1     2
 -5.3762848712253708E-01 a       603     0    31     1     3
 -3.9386671946327495E-01 a       604     0    31     1     4
  8.5340979547692250E-02 a       605     0    31     1     5
 -3.7878367134603297E-01 a       606     0    31     1     6
  3.2200642584245176E-01 a       607     0    31     1     7
 -5.6977299284785406E-02 a       608     0    31     1     8
 -1.7150050361642931E-02 a       609     0    31     1     9
  3.1605924758145881E-01 a       610     0    31     1    10
  7.3148863519077720E-02 a       611     0    31     1    11
  2.2255989795188805E-01 a       612     0    31     1    12
 -4.2081764848152498E-01 a       613     0    31     1    13
  3.6014025968336966E-01 a       614     0    31     1    14
 -7.6915874930786554E-02 a       615     0    31     1    15
 -3.6974592303351417E-01 a       616     0    31     1    16
 -1.3416613815641346E-01 a       617     0    31     1    17
 -8.4082055742440334E-02 a       618     0    31     1    18
  5.8387130006624065E-03 a       619     0    31     1    19
 -4.6885805923608376E-01 a       620     0    31     1    20
 -1.4759861505564137E-01 a       621     0    32     1     1
 -2.2951087037897072E-01 a       622     0    32     1     2
  3.6849889424644400E-01 a       623     0    32     1     3
  8.3463819710268318E-03 a       624     0    32     1     4
  2.6357026018743879E-01 a       625     0    32     1     5
  3.5924811932717382E-01 a       626     0    32     1     6
  1.1378216136460635E-01 a       627     0    32     1     7
 -3.4428435854052730E-01 a       628     0    32     1     8
 -3.8385453487852117E-01 a       629     0    32     1     9
 -2.8181134998190488E-01 a       630     0    32     1    10
 -2.1680839727570267E-01 a       631     0    32     1    11
 -4.0419980479270512E-01 a       632     0    32     1    12
  6.9921494955490118E-02 a       633     0    32     1    13
 -2.5960634920295655E-01 a       634     0    32     1    14
 -3.9571559699350996E-03 a       635     0    32     1    15
 -1.6838909713427075E-01 a       636     0    32     1    16
 -2.3308350746636858E-02 a       637     0    32     1    17
 -2.3169643619173874E-01 a       638     0    32     1    18
 -5.3686654643586115E-02 a       639     0    32     1    19
  3.5817423276237201E-02 a       640     0    32     1    20
  2.8802127379225023E-01 b       641     1     1
  6.2554211076262689E-02 b       642     1     2
 -2.8106211880344617E-01 b       643     1     3
 -1.0925629642412065E+00 b       644     1     4
 -1.0909444643251864E+00 b       645     1     5
  2.8632207920968138E-02 b       646     1     6
  1.5601018013333277E+00 b       647     1     7
  1.3527825346672908E+00 b       648     1     8
  1.2113327498207720E+00 b       649     1     9
  1.0466441359992289E+00 b       650     1    10
 -2.2451884882315959E-01 b       651     1    11
  1.2137055973806281E+00 b       652     1    12
  7.4795456463445265E-01 b       653     1    13
 -8.2421728019075069E-01 b       654     1    14
 -4.1272257561976478E-01 b       655     1    15
 -5.8922496264515956E-01 b       656     1    16
 -7.6269349007974996E-01 b       657     1    17
  9.8957472191848606E-01 b       658     1    18
  1.0165068135417739E+00 b       659     1    19
  1.0494096087177628E-01 b       660     1    20
 -5.5114007862728985E-02 a       661     1     1     2     1
  4.4098156223358820E-01 a       662     1     1     2     2
  2.0292739588875092E-01 a       663     1     1     2     3
 -5.3065276566588870E-01 a       664     1     1     2     4
  5.6416983710570556E-01 a       665     1     1     2     5
 -6.7332141616070040E-02 a       666     1     1     2     6
 -3.4487876875132528E-01 a       667     1     1     2     7
 -1.9183951433281926E-01 a       668     1     1     2     8
  1.0269859650029005E-01 a       669     1     1     2     9
 -1.4837501470465936E-01 a       670     1     1     2    10
 -5.4432816931363459E-01 a       671     1     1     2    11
 -3.2283534170541467E-01 a       672     1     1     2    12
  4.0330301937581658E-01 a       673     1     1     2    13
  3.5708913333834141E-01 a       674     1     1     2    14
 -2.2328823328223460E-01 a       675     1     1     2    15
  6.3310252851599280E-01 a       676     1     1     2    16
 -5.7583992179900567E-01 a       677     1     1     2    17
  1.9733331300273033E-01 a       678     1     1     2    18
 -4.7399533273782213E-01 a       679     1     1     2    19
 -2.3789339348212979E-01 a       680     1     1     2    20
 -4.8392488425555147E-01 a       681     1     2     2     1
 -3.6045709951618649E-01 a       682     1     2     2     2
 -3.4671899012399565E-01 a       683     1     2     2     3
 -1.3511285581087260E-01 a       684     1     2     2     4
  4.1117114575125829E-01 a       685     1     2     2     5
  6.2948351721314078E-01 a       686     1     2     2     6
 -3.3666677550485807E-01 a       687     1     2     2     7
 -5.2006792283184555E-01 a       688     1     2     2     8
  3.6077095146758847E-01 a       689     1     2     2     9
 -6.9002961259318951E-01 a       690     1     2     2    10
  4.6173213480929537E-02 a       691     1     2     2    11
 -2.0061881212487423E-01 a       692     1     2     2    12
  2.1920670442709184E-01 a       693     1     2     2    13
  7.1560303021590677E-01 a       694     1     2     2    14
 -2.8024361479907844E-01 a       695     1     2     2    15
 -1.8945535528878032E-01 a       696     1     2     2    16
 -1.8072756376992810E-01 a       697     1     2     2    17
  7.6255806160504691E-01 a       698     1     2     2    18
 -8.4832834879770752E-02 a       699     1     2     2    19
  4.3205951828562544E-01 a       700     1     2     2    20
 -4.2153866202110285E-01 a       701     1     3     2     1
  2.0298506453499085E-01 a       702     1     3     2     2
 -2.3954924135262398E-01 a       703     1     3     2     3
 -2.2455550955210288E-01 a       704     1     3     2     4
  5.5349789642747660E-01 a       705     1     3     2     5
  1.8306999254040374E-01 a       706     1     3     2     6
  6.2894297501091390E-01 a       707     1     3     2     7
 -3.3951598765174429E-01 a       708     1     3     2     8
  6.1922855580664737E-01 a       709     1     3     2     9
  1.4636847351732402E-01 a       710     1     3     2    10
 -1.1948161845456938E-01 a       711     1     3     2    11
  9.2198133933321103E-02 a       712     1     3     2    12
 -1.2445428964123573E-01 a       713     1     3     2    13
  6.1795436899800243E-02 a       714     1     3     2    14
 -1.9516068902295741E-01 a       715     1     3     2    15
  3.3269504435431285E-01 a       716     1     3     2    16
  2.4742215096887257E-01 a       717     1     3     2    17
  9.5639740789100022E-02 a       718     1     3     2    18
  1.5777449681238359E-01 a       719     1     3     2    19
 -2.0289594861452687E-01 a       720     1     3     2    20
 -3.0753952621350406E-01 a       721     1     4     2     1
 -8.5122287825070045E-02 a       722     1     4     2     2
  5.4368664227972718E-01 a       723     1     4     2     3
  2.5991633700783556E-01 a       724     1     4     2     4
  3.6674944720153418E-01 a       725     1     4     2     5
  3.8959795180256288E-02 a       726     1     4     2     6
  3.0488421892059731E-01 a       727     1     4     2     7
 -4.3736922001245260E-01 a       728     1     4     2     8
  2.2740001971551341E-01 a       729     1     4     2     9
 -2.2525551007559555E-01 a       730     1     4     2    10
  6.5298322270052611E-01 a       731     1     4     2    11
 -1.1191461928679100E-01 a       732     1     4     2    12
  4.2390132882002624E-01 a       733     1     4     2    13
  6.5943940857763039E-01 a       734     1     4     2    14
  1.5392559939149703E-01 a       735     1     4     2    15
  2.8109920373808689E-01 a       736     1     4     2    16
  5.0372290593549163E-01 a       737     1     4     2    17
  2.0213704845286784E-01 a       738     1     4     2    18
  4.8492132096506368E-01 a       739     1     4     2    19
  2.2100762925216061E-01 a       740     1     4     2    20
  6.1385205100856022E-01 a       741     1     5     2     1
  4.2784654658674182E-01 a       742     1     5     2     2
  3.8169618059747917E-01 a       743     1     5     2     3
 -6.0801738719469745E-01 a       744     1     5     2     4
 -4.1309456504233483E-01 a       745     1     5     2     5
 -5.4058971434326275E-01 a       746     1     5     2     6
  3.2686351337512526E-01 a       747     1     5     2     7
 -4.1978231163182606E-01 a       748     1     5     2     8
 -5.1600295913933092E-01 a       749     1     5     2     9
  1.1734529578535560E-01 a       750     1     5     2    10
  6.0834652444928206E-01 a       751     1     5     2    11
  3.5977757447270298E-01 a       752     1     5     2    12
  4.1437681796104953E-01 a       753     1     5     2    13
  4.8845663666584876E-01 a       754     1     5     2    14
  2.6488787173847648E-03 a       755     1     5     2    15
  2.5551292936296915E-01 a       756     1     5     2    16
  1.6638074024714739E-01 a       757     1     5     2    17
  2.6452489326156348E-01 a       758     1     5     2    18
 -4.6365149326915273E-01 a       759     1     5     2    19
  5.0490922861354348E-01 a       760     1     5     2    20
 -3.4649292063319015E-01 a       761     1     6     2     1
 -4.3778933062905184E-01 a       762     1     6     2     2
 -2.6397750678997267E-01 a       763     1     6     2     3
  3.4165198038694600E-01 a       764     1     6     2     4
 -5.5544545062065090E-02 a       765     1     6     2     5
  4.1986160740444639E-01 a       766     1     6     2     6
  4.6202957345408752E-01 a       767     1     6     2     7
 -4.0206394933966205E-01 a       768     1     6     2     8
  4.3394823008642042E-01 a       769     1     6     2     9
 -2.8089371470590135E-01 a       770     1     6     2    10
  1.0799568886460670E-01 a       771     1     6     2    11
  8.9563958710024080E-02 a       772     1     6     2    12
  9.3452927660466575E-02 a       773     1     6     2    13
  4.1185944515478978E-01 a       774     1     6     2    14
 -4.6503487733346266E-01 a       775     1     6     2    15
  6.2068331373576180E-01 a       776     1     6     2    16
 -1.1233201915373083E-02 a       777     1     6     2    17
  5.5529691579727769E-01 a       778     1     6     2    18
 -2.8825973470164967E-01 a       779     1     6     2    19
 -9.4421912745550604E-02 a       780     1     6     2    20
  1.4922138156415435E-01 a       781     1     7     2     1
 -5.3620200257731720E-01 a       782     1     7     2     2
 -4.1283406330551287E-01 a       783     1     7     2     3
  3.9977557484271198E-01 a       784     1     7     2     4
 -1.2589674378057478E-01 a       785     1     7     2     5
  2.2691436535121914E-01 a       786     1     7     2     6
  4.7840784052664759E-02 a       787     1     7     2     7
 -3.0526219350568778E-01 a       788     1     7     2     8
 -3.0486758569606992E-01 a       789     1     7     2     9
  3.0482321077713564E-01 a       790     1     7     2    10
 -1.0735287572568744E-02 a       791     1     7     2    11
  2.2351846506385359E-01 a       792     1     7     2    12
  3.2432460857027876E-02 a       793     1     7     2    13
  4.3206643522378727E-02 a       794     1     7     2    14
  1.6028392032068797E-01 a       795     1     7     2    15
 -4.3453066213990355E-01 a       796     1     7     2    16
  3.7607862055841792E-04 a       797     1     7     2    17
  4.0941490370869443E-01 a       798     1     7     2    18
 -9.3479294895819409E-02 a       799     1     7     2    19
 -3.3818671961126590E-01 a       800     1     7     2    20
 -7.4476670557054982E-03 a       801     1     8     2     1
  3.7692319664907692E-01 a       802     1     8     2     2
  3.5596763075016014E-01 a       803     1     8     2     3
 -1.3016249292455978E-01 a       804     1     8     2     4
 -4.7576459501955115E-01 a       805     1     8     2     5
  5.1566028445849077E-01 a       806     1     8     2     6
 -5.7471132030989602E-01 a       807     1     8     2     7
 -4.4409789695986140E-01 a       808     1     8     2     8
  2.8169268456064056E-01 a       809     1     8     2     9
  1.7300905729555788E-01 a       810     1     8     2    10
  3.3244594127065663E-01 a       811     1     8     2    11
 -6.8614042177002821E-01 a       812     1     8     2    12
 -8.0675409696456715E-02 a       813     1     8     2    13
  6.1574616890823317E-02 a       814     1     8     2    14
  1.5952750548268219E-01 a       815     1     8     2    15
  5.1623515753841324E-02 a       816     1     8     2    16
 -2.2027151000022710E-01 a       817     1     8     2    17
  2.2686393613159808E-01 a       818     1     8     2    18
 -2.8405751995517432E-02 a       819     1     8     2    19
 -3.4390967174845111E-01 a       820     1     8     2    20
  5.8154339239624521E-02 a       821     1     9     2     1
 -4.8986176221248140E-01 a       822     1     9     2     2
 -5.0374603067747337E-01 a       823     1     9     2     3
  2.9777398976250430E-01 a       824     1     9     2     4
 -1.1058556461298368E-01 a       825     1     9     2     5
 -2.5194063633867514E-01 a       826     1     9     2     6
  4.0374736158250729E-01 a       827     1     9     2     7
  4.3265977951192686E-01 a       828     1     9     2     8
  1.4543943757230837E-01 a       829     1     9     2     9
 -1.3201428016432676E-01 a       830     1     9     2    10
 -5.6005300213842057E-01 a       831     1     9     2    11
  3.6623503604975155E-01 a       832     1     9     2    12
  4.4459883035985964E-01 a       833     1     9     2    13
 -1.3241212615269091E-01 a       834     1     9     2    14
 -4.0082744744500554E-01 a       835     1     9     2    15
 -4.1582406859231408E-01 a       836     1     9     2    16
  3.0874772777874931E-01 a       837     1     9     2    17
 -3.4545576077283729E-01 a       838     1     9     2    18
  3.5752729463039623E-01 a       839     1     9     2    19
  2.5390857596575045E-01 a       840     1     9     2    20
 -6.1067138828348566E-01 a       841     1    10     2     1
  7.8973444211186059E-02 a       842     1    10     2     2
  1.9889087243610770E-01 a       843     1    10     2     3
 -1.4203136204949518E-01 a       844     1    10     2     4
  5.2838570597637013E-01 a       845     1    10     2     5
  4.0918642610033995E-01 a       846     1    10     2     6
 -4.1703239555933042E-01 a       847     1    10     2     7
  2.7696995456232487E-01 a       848     1    10     2     8
 -1.5978074300701933E-01 a       849     1    10     2     9
 -2.7230599274456785E-01 a       850     1    10     2    10
 -4.3968891143148908E-01 a       851     1    10     2    11
 -8.8254489449732770E-02 a       852     1    10     2    12
  1.1516602130644976E-01 a       853     1    10     2    13
 -6.7647673592237334E-02 a       854     1    10     2    14
 -3.2786285850180269E-01 a       855     1    10     2    15
 -3.3160393131410115E-01 a       856     1    10     2    16
  2.2590275341918309E-01 a       857     1    10     2    17
 -5.8553083245722870E-01 a       858     1    10     2    18
 -5.9653901039955959E-01 a       859     1    10     2    19
 -3.4435056981346340E-01 a       860     1    10     2    20
  7.7764443805833847E-02 a       861     1    11     2     1
 -7.2099833970571875E-02 a       862     1    11     2     2
  1.4073830811734039E-01 a       863     1    11     2     3
  5.8072277209193734E-01 a       864     1    11     2     4
  2.6999503645553891E-01 a       865     1    11     2     5
  5.5873214341671085E-01 a       866     1    11     2     6
  5.9450533017707446E-02 a       867     1    11     2     7
 -2.1562837191024081E-01 a       868     1    11     2     8
 -1.2649310121578072E-01 a       869     1    11     2     9
 -3.4555508481140484E-01 a       870     1    11     2    10
 -6.0445323998844953E-02 a       871     1    11     2    11
  2.0738677612984086E-01 a       872     1    11     2    12
 -2.9404632541807812E-01 a       873     1    11     2    13
 -5.2392494265069300E-01 a       874     1    11     2    14
 -1.6087915359544930E-01 a       875     1    11     2    15
  7.3471189519315805E-02 a       876     1    11     2    16
 -6.8360118114788715E-01 a       877     1    11     2    17
 -2.3119710336123403E-01 a       878     1    11     2    18
 -3.2083635762290191E-01 a       879     1    11     2    19
 -4.9779686149480373E-01 a       880     1    11     2    20
 -4.6055419990037227E-01 a       881     1    12     2     1
  1.8726548256852144E-01 a       882     1    12     2     2
  4.5313946329729154E-01 a       883     1    12     2     3
  4.0323618653564347E-01 a       884     1    12     2     4
 -3.7064098972791393E-01 a       885     1    12     2     5
 -2.3602415374382213E-01 a       886     1    12     2     6
 -2.3569367402363736E-01 a       887     1    12     2     7
  3.4901315741769018E-01 a       888     1    12     2     8
  6.0524712920419765E-01 a       889     1    12     2     9
  1.9052349049674233E-01 a       890     1    12     2    10
  1.3897988404159120E-01 a       891     1    12     2    11
 -5.8028382318873051E-01 a       892     1    12     2    12
 -4.0153354188168783E-01 a       893     1    12     2    13
 -8.1336156561059733E-02 a       894     1    12     2    14
  5.1694387003997766E-01 a       895     1    12     2    15
  2.5102772880808344E-01 a       896     1    12     2    16
  2.0115687282911512E-01 a       897     1    12     2    17
 -3.4509972123418614E-01 a       898     1    12     2    18
  4.5634139026221149E-01 a       899     1    12     2    19
  4.6476478258087323E-01 a       900     1    12     2    20
  2.9568437970330108E-01 a       901     1    13     2     1
  3.1766853999234906E-01 a       902     1    13     2     2
 -4.9093537217667887E-01 a       903     1    13     2     3
  1.7436922134058083E-01 a       904     1    13     2     4
  5.0853699707057953E-01 a       905     1    13     2     5
 -9.8851695324835148E-02 a       906     1    13     2     6
 -1.0634312551356175E-01 a       907     1    13     2     7
  1.0604938921436932E-01 a       908     1    13     2     8
  4.8216770561812961E-01 a       909     1    13     2     9
  8.0443746731052451E-02 a       910     1    13     2    10
  3.1473370698202185E-01 a       911     1    13     2    11
 -6.3698755228604653E-01 a       912     1    13     2    12
 -6.1334142660297430E-01 a       913     1    13     2    13
 -1.8952267974658074E-01 a       914     1    13     2    14
  6.5437457761887940E-01 a       915     1    13     2    15
  2.2844637864138206E-01 a       916     1    13     2    16
  1.5728497217634846E-01 a       917     1    13     2    17
  2.6206127923484562E-01 a       918     1    13     2    18
 -2.8082086701802755E-01 a       919     1    13     2    19
  3.1601811073083053E-01 a       920     1    13     2    20
  5.2402176712796722E-01 a       921     1    14     2     1
  3.5652154574583261E-01 a       922     1    14     2     2
  8.9641289899485416E-02 a       923     1    14     2     3
  1.2736473997498304E-01 a       924     1    14     2     4
  1.8110019484836651E-01 a       925     1    14     2     5
  6.0405080558505998E-02 a       926     1    14     2     6
 -5.4911393327594718E-02 a       927     1    14     2     7
  2.2205826011418453E-01 a       928     1    14     2     8
 -4.4205311985615464E-01 a       929     1    14     2     9
 -5.6136151012490465E-01 a       930     1    14     2    10
  3.4466754453388126E-01 a       931     1    14     2    11
 -1.3647189273718677E-01 a       932     1    14     2    12
 -8.7198413461620522E-02 a       933     1    14     2    13
  2.3764945289410550E-01 a       934     1    14     2    14
  1.7643711823954172E-01 a       935     1    14     2    15
  1.6542237425647036E-01 a       936     1    14     2    16
 -6.2348519987933493E-01 a       937     1    14     2    17
 -8.3517881720721832E-02 a       938     1    14     2    18
 -2.9638623621249909E-02 a       939     1    14     2    19
  4.9555823116606285E-01 a       940     1    14     2    20
  1.8243864228949833E-01 a       941     1    15     2     1
 -4.3506872169661004E-01 a       942     1    15     2     2
  1.5806228308877893E-01 a       943     1    15     2     3
  2.4879275148661883E-01 a       944     1    15     2     4
  5.3777422667682739E-01 a       945     1    15     2     5
 -1.8021029704099689E-02 a       946     1    15     2     6
  1.7785887118127644E-01 a       947     1    15     2     7
 -5.3795377351595697E-01 a       948     1    15     2     8
  4.4678630080569215E-01 a       949     1    15     2     9
 -2.3496540765792120E-02 a       950     1    15     2    10
 -1.2490346533651478E-01 a       951     1    15     2    11
  4.9123655689719670E-01 a       952     1    15     2    12
 -3.5296154086968878E-01 a       953     1    15     2    13
  4.7934414494372324E-01 a       954     1    15     2    14
 -2.8147712069803416E-01 a       955     1    15     2    15
  6.5528770522612001E-01 a       956     1    15     2    16
 -3.9434475086356263E-01 a       957     1    15     2    17
  3.3758988535815632E-01 a       958     1    15     2    18
  1.6429226712171532E-01 a       959     1    15     2    19
 -2.2762185714886682E-01 a       960     1    15     2    20
  1.4512321671184464E-01 a       961     1    16     2     1
  4.6260105936480339E-01 a       962     1    16     2     2
 -3.2161671226452644E-02 a       963     1    16     2     3
  1.8193155581381090E-01 a       964     1    16     2     4
 -1.7468767407500643E-01 a       965     1    16     2     5
 -4.1776940855182065E-01 a       966     1    16     2     6
  6.2944935306127728E-02 a       967     1    16     2     7
  1.9214315333487963E-01 a       968     1    16     2     8
 -7.0402526440396229E-01 a       969     1    16     2     9
  7.9311081440402206E-02 a       970     1    16     2    10
 -2.9202362022071604E-01 a       971     1    16     2    11
 -5.9825486203198086E-01 a       972     1    16     2    12
 -4.9349066295201099E-01 a       973     1    16     2    13
 -3.6733246231812122E-01 a       974     1    16     2    14
  6.3829485447806844E-01 a       975     1    16     2    15
 -1.7968646692594059E-01 a       976     1    16     2    16
  5.5559532760221431E-01 a       977     1    16     2    17
 -4.7091180642358116E-01 a       978     1    16     2    18
 -2.9474985830500072E-01 a       979     1    16     2    19
  3.1232236260621343E-01 a       980     1    16     2    20
  4.1397817752473315E-01 a       981     1    17     2     1
  7.4576086337703046E-02 a       982     1    17     2     2
  1.0571211136979876E-01 a       983     1    17     2     3
  4.8860670393577044E-01 a       984     1    17     2     4
 -1.3852669779050358E-01 a       985     1    17     2     5
 -1.8521343038773636E-01 a       986     1    17     2     6
 -4.3121717761772216E-01 a       987     1    17     2     7
 -6.0999541308835681E-01 a       988     1    17     2     8
 -3.1729443029976562E-01 a       989     1    17     2     9
  4.9658664238177858E-01 a       990     1    17     2    10
  2.5587140700445477E-01 a       991     1    17     2    11
  1.6650314237455774E-01 a       992     1    17     2    12
  2.2029978234650419E-01 a       993     1    17     2    13
  2.1600139558392760E-02 a       994     1    17     2    14
 -2.6513746754061673E-01 a       995     1    17     2    15
  4.6237824737020655E-01 a       996     1    17     2    16
  3.5119715742731393E-02 a       997     1    17     2    17
  3.9726627540145404E-01 a       998     1    17     2    18
  4.3337325345825678E-01 a       999     1    17     2    19
 -5.7833513383730506E-01 a      1000     1    17     2    20
 -3.4220343760670896E-01 a      1001     1    18     2     1
 -7.1071636313213726E-01 a      1002     1    18     2     2
 -5.8181243337196686E-01 a      1003     1    18     2     3
  5.9222723976584624E-01 a      1004     1    18     2     4
  5.6847923714272952E-01 a      1005     1    18     2     5
  1.9942193399330990E-01 a      1006     1    18     2     6
  4.8012410750619777E-01 a      1007     1    18     2     7
 -3.8745652658252222E-01 a      1008     1    18     2     8
 -2.8764968596377938E-01 a      1009     1    18     2     9
  6.2207433274711788E-01 a      1010     1    18     2    10
  4.8135392323191611E-01 a      1011     1    18     2    11
  1.3839844554387390E-01 a      1012     1    18     2    12
 -4.0913593007276455E-01 a      1013     1    18     2    13
  2.2552703622615286E-01 a      1014     1    18     2    14
  1.3308908140541389E-01 a      1015     1    18     2    15
 -2.2482763001477482E-01 a      1016     1    18     2    16
  6.2381556874815247E-01 a      1017     1    18     2    17
  4.6428510095318576E-01 a      1018     1    18     2    18
  3.5153543040623997E-01 a      1019     1    18     2    19
 -6.2541527327816079E-02 a      1020     1    18     2    20
 -4.9892439357393063E-02 a      1021     1    19     2     1
  3.8770612276500344E-01 a      1022     1    19     2     2
  2.4653168334280290E-01 a      1023     1    19     2     3
 -2.6039205039675450E-01 a      1024     1    19     2     4
 -2.7033020459429347E-01 a      1025     1    19     2     5
 -3.7243328182206759E-01 a      1026     1    19     2     6
 -4.6630383942829789E-01 a      1027     1    19     2     7
  5.1352423336517711E-02 a      1028     1    19     2     8
  1.6850689210039843E-01 a      1029     1    19     2     9
 -2.9171381026905963E-01 a      1030     1    19     2    10
 -9.6551130012182906E-02 a      1031     1    19     2    11
  1.5204944834377390E-01 a      1032     1    19     2    12
  3.8855839600766978E-01 a      1033     1    19     2    13
 -4.7451614756855692E-01 a      1034     1    19     2    14
 -4.1912430249169058E-01 a      1035     1    19     2    15
 -4.6160680415269306E-01 a      1036     1    19     2    16
 -4.8315198873458653E-01 a      1037     1    19     2    17
  6.6296797559125639E-02 a      1038     1    19     2    18
  7.1864868467529930E-01 a      1039     1    19     2    19
  3.3026914739716118E-01 a      1040     1    19     2    20
  5.8364077019888583E-01 a      1041     1    20     2     1
 -4.2645448933342289E-01 a      1042     1    20     2     2
  6.6352916402709261E-01 a      1043     1    20     2     3
 -4.4403925813316625E-01 a      1044     1    20     2     4
 -2.0291991604000700E-01 a      1045     1    20     2     5
 -4.7998868898576669E-01 a      1046     1    20     2     6
 -1.7454947497246862E-01 a      1047     1    20     2     7
 -5.3298280965070588E-01 a      1048     1    20     2     8
 -1.2013319722415679E-01 a      1049     1    20     2     9
 -5.8372421366187854E-01 a      1050     1    20     2    10
  6.2339682003223318E-01 a      1051     1    20     2    11
  5.4076828529693544E-01 a      1052     1    20     2    12
 -7.1908456310422608E-01 a      1053     1    20     2    13
 -6.6322260764918295E-01 a      1054     1    20     2    14
  2.1972762775755597E-01 a      1055     1    20     2    15
  3.9618506070571136E-01 a      1056     1    20     2    16
  7.0589206129523208E-01 a      1057     1    20     2    17
 -2.3859947345553711E-01 a      1058     1    20     2    18
 -3.7663006164529894E-01 a      1059     1    20     2    19
 -5.0160774212712544E-01 a      1060     1    20     2    20
 -1.5843406677422613E+00 b      1061     2     1
  9.6370743856585106E-01 b      1062     2     2
 -2.9013282282954633E-01 b      1063     2     3
 -1.4557665995123419E+00 b      1064     2     4
 -2.5223091310244017E-01 b      1065     2     5
 -8.3979565741520779E-01 b      1066     2     6
 -1.4925721287581381E-01 b      1067     2     7
  8.7073013251413212E-01 b      1068     2     8
 -1.4880597198524659E+00 b      1069     2     9
  7.6495049382257296E-01 b      1070     2    10
 -5.3533406301117437E-01 b      1071     2    11
  5.5779963756168627E-01 b      1072     2    12
 -1.1870551360852206E-01 b      1073     2    13
 -1.5639899748457203E-01 b      1074     2    14
  5.1693713864530644E-01 b      1075     2    15
  1.2623413968662400E-01 b      1076     2    16
 -3.9963614073082304E-01 b      1077     2    17
 -1.5710881040758888E+00 b      1078     2    18
 -2.8648644782879096E-01 b      1079     2    19
 -1.0862958156183344E+00 b      1080     2    20
 -4.0849254292535370E-01 a      1081     2     1     3     1
 -1.4978859307422546E-01 a      1082     2     2     3     1
  1.5372784811303480E-01 a      1083     2     3     3     1
  1.3747479995330983E-02 a      1084     2     4     3     1
  5.4821184707203888E-02 a      1085     2     5     3     1
 -3.6167391742203597E-01 a      1086     2     6     3     1
  3.7260879180814402E-02 a      1087     2     7     3     1
 -5.1163813199564027E-02 a      1088     2     8     3     1
  6.6125167313217895E-02 a      1089     2     9     3     1
 -1.4109515556368303E-02 a      1090     2    10     3     1
 -1.1299845319547097E+00 a      1091     2    11     3     1
 -5.5796032614688851E-01 a      1092     2    12     3     1
 -1.3811840135421763E-01 a      1093     2    13     3     1
  1.0502664181005874E+00 a      1094     2    14     3     1
 -5.6145316450531113E-01 a      1095     2    15     3     1
  1.9720162867511681E-01 a      1096     2    16     3     1
 -1.3717223814337720E-01 a      1097     2    17     3     1
  1.1109066250875244E+00 a      1098     2    18     3     1
 -1.8273991589774843E-01 a      1099     2    19     3     1
  4.6235446062038651E-03 a      1100     2    20     3     1
  9.5711240857152613E-01 b      1101     3     1
