################################################################################
# Neural network connection values (weights and biases).
################################################################################
# Col  Name       Description
################################################################################
# 1    connection Neural network connection value.
# 2    t          Connection type (a = weight, b = bias).
# 3    index      Index enumerating weights.
# 4    l_s        Starting point layer (end point layer for biases).
# 5    n_s        Starting point neuron in starting layer (end point neuron for biases).
# 6    l_e        End point layer.
# 7    n_e        End point neuron in end layer.
################################################################################
#                      1 2         3     4     5     6     7
#             connection t     index   l_s   n_s   l_e   n_e
############################################################
 -4.1970282457367619E-03 a         1     0     1     1     1
 -2.9598954600205118E-02 a         2     0     1     1     2
  3.4302820007750937E-02 a         3     0     1     1     3
 -3.1032806301487997E-01 a         4     0     1     1     4
  1.1789904419490776E-02 a         5     0     1     1     5
 -9.6335339144574539E-02 a         6     0     1     1     6
 -1.0675837938412165E-01 a         7     0     1     1     7
  3.4703512884506738E-01 a         8     0     1     1     8
  6.4421312362842875E-03 a         9     0     1     1     9
  3.3246400331754043E-02 a        10     0     1     1    10
 -8.8282773298544698E-02 a        11     0     1     1    11
  2.0994217277733071E-01 a        12     0     1     1    12
  2.0501713876963060E-01 a        13     0     1     1    13
 -2.7012377727755676E-01 a        14     0     1     1    14
 -1.6587174143925337E-02 a        15     0     1     1    15
 -6.1615485669737000E-02 a        16     0     1     1    16
 -1.1880046149657063E-01 a        17     0     1     1    17
  1.5886996205368004E-02 a        18     0     1     1    18
  3.0731275217539045E-01 a        19     0     1     1    19
  8.7488809961524361E-01 a        20     0     1     1    20
  1.9810586033941832E-01 a        21     0     2     1     1
 -8.0016771347509522E-02 a        22     0     2     1     2
 -1.6341284921775323E-01 a        23     0     2     1     3
 -2.5284753265938237E-01 a        24     0     2     1     4
 -4.7842419814385495E-01 a        25     0     2     1     5
  1.6127548418562671E-01 a        26     0     2     1     6
  1.3213224232274137E-01 a        27     0     2     1     7
  2.0662912915380874E-01 a        28     0     2     1     8
  2.4421285417419930E-01 a        29     0     2     1     9
  1.0929528866779688E-01 a        30     0     2     1    10
  3.5362479721652984E-01 a        31     0     2     1    11
 -5.4332209619152461E-01 a        32     0     2     1    12
  3.2318031283144039E-01 a        33     0     2     1    13
 -9.8687427844336886E-02 a        34     0     2     1    14
 -2.4463590712985948E-02 a        35     0     2     1    15
 -3.6201122123199736E-01 a        36     0     2     1    16
 -2.2252752027603637E-01 a        37     0     2     1    17
 -2.2975812997685999E-01 a        38     0     2     1    18
  2.8289147634001149E-01 a        39     0     2     1    19
 -9.2889707544884417E-02 a        40     0     2     1    20
 -8.9718207339794076E-02 a        41     0     3     1     1
 -1.1229494997983806E-01 a        42     0     3     1     2
 -4.3132484931880474E-02 a        43     0     3     1     3
 -4.6698595982106066E-02 a        44     0     3     1     4
 -1.0876428370240858E-01 a        45     0     3     1     5
 -2.9216079527318878E-01 a        46     0     3     1     6
  3.8111964585007491E-01 a        47     0     3     1     7
 -2.5640304102124989E-01 a        48     0     3     1     8
  2.2108999931585963E-01 a        49     0     3     1     9
 -2.7277087384353005E-01 a        50     0     3     1    10
 -1.2225745579824506E-02 a        51     0     3     1    11
  1.4063099693526347E-02 a        52     0     3     1    12
 -4.0100997239564062E-01 a        53     0     3     1    13
 -2.4360206541175242E-01 a        54     0     3     1    14
 -1.1499728909286287E-01 a        55     0     3     1    15
  3.2173436189009946E-02 a        56     0     3     1    16
  7.2448804118325841E-02 a        57     0     3     1    17
  4.2972562002218648E-02 a        58     0     3     1    18
  8.1662119842011827E-02 a        59     0     3     1    19
 -2.1010101171665374E-01 a        60     0     3     1    20
 -2.9017609325455029E-01 a        61     0     4     1     1
  9.8092369472452826E-02 a        62     0     4     1     2
  2.8312089330916479E-01 a        63     0     4     1     3
 -7.9435129833649709E-01 a        64     0     4     1     4
 -1.0015103199648297E-01 a        65     0     4     1     5
 -4.0773703513618148E-01 a        66     0     4     1     6
  1.6919683192666382E-01 a        67     0     4     1     7
  3.7892917552045507E-01 a        68     0     4     1     8
 -1.9954274881969264E-01 a        69     0     4     1     9
  1.7612486221652660E-01 a        70     0     4     1    10
 -2.3821877492055103E-02 a        71     0     4     1    11
 -4.3335603167687886E-01 a        72     0     4     1    12
 -2.0708635057076683E-01 a        73     0     4     1    13
 -1.1921250308191161E-01 a        74     0     4     1    14
  2.5898351313150464E-01 a        75     0     4     1    15
  3.0584390351425417E-01 a        76     0     4     1    16
 -5.2916666316672589E-01 a        77     0     4     1    17
  1.1363700408733433E-01 a        78     0     4     1    18
 -2.7508542554823051E-01 a        79     0     4     1    19
  7.2084636005380329E-02 a        80     0     4     1    20
  6.3055968800927967E-02 a        81     0     5     1     1
  7.4086216289378122E-03 a        82     0     5     1     2
 -4.4545864074184288E-01 a        83     0     5     1     3
  7.5116722302873154E-02 a        84     0     5     1     4
 -1.0265402985668984E-02 a        85     0     5     1     5
  3.1465810195923105E-01 a        86     0     5     1     6
  1.4783896212398848E-01 a        87     0     5     1     7
 -1.0777929675397123E-01 a        88     0     5     1     8
 -1.0488431578936405E-02 a        89     0     5     1     9
 -9.5842722421212043E-02 a        90     0     5     1    10
  9.8717840410841889E-02 a        91     0     5     1    11
  4.8252934281313054E-01 a        92     0     5     1    12
 -4.4060352634205430E-01 a        93     0     5     1    13
  3.9720248205772757E-01 a        94     0     5     1    14
  2.5635002216931879E-01 a        95     0     5     1    15
  1.3456954069198775E-02 a        96     0     5     1    16
  1.6789105130589166E-01 a        97     0     5     1    17
  1.4104456466317332E+00 a        98     0     5     1    18
 -4.4378095039687648E-01 a        99     0     5     1    19
 -6.1866008724897864E-02 a       100     0     5     1    20
  5.1204806582065131E-02 a       101     0     6     1     1
  4.5236104709838659E-02 a       102     0     6     1     2
  1.1553059891884598E-01 a       103     0     6     1     3
 -3.7378911938590838E-02 a       104     0     6     1     4
  5.5424729569593705E-02 a       105     0     6     1     5
 -1.3891596788411847E-01 a       106     0     6     1     6
 -1.2821399548542084E-01 a       107     0     6     1     7
  8.5157194766920533E-02 a       108     0     6     1     8
 -2.8867391185933712E-02 a       109     0     6     1     9
  1.1721818939472292E-01 a       110     0     6     1    10
 -4.0759842452798553E-02 a       111     0     6     1    11
 -2.4246525628095816E-01 a       112     0     6     1    12
 -2.1529546417317702E-01 a       113     0     6     1    13
  9.0560764341185873E-02 a       114     0     6     1    14
  2.8409916554616232E-01 a       115     0     6     1    15
 -5.9370659956745730E-02 a       116     0     6     1    16
 -4.7069255989098467E-02 a       117     0     6     1    17
 -1.0050190366660848E-01 a       118     0     6     1    18
 -1.2544165165496271E-01 a       119     0     6     1    19
  2.3021598953080272E-01 a       120     0     6     1    20
  5.4053191186562033E-01 a       121     0     7     1     1
 -1.6936454563526401E-01 a       122     0     7     1     2
 -1.7209842879361462E-01 a       123     0     7     1     3
  1.3299400458641046E+00 a       124     0     7     1     4
  3.0060460284456952E-01 a       125     0     7     1     5
  4.4587404542379799E-01 a       126     0     7     1     6
  8.4450252927081831E-02 a       127     0     7     1     7
 -1.4946764752135649E-01 a       128     0     7     1     8
 -3.4014372680059961E-02 a       129     0     7     1     9
  1.3964691938272900E-01 a       130     0     7     1    10
  2.6314701519378286E-02 a       131     0     7     1    11
  3.3405126339959057E-01 a       132     0     7     1    12
  2.1851063188249287E-01 a       133     0     7     1    13
 -1.0093406363356115E-01 a       134     0     7     1    14
 -4.0350505632803840E-01 a       135     0     7     1    15
 -1.8321638216042185E-01 a       136     0     7     1    16
  4.5805848339518335E-01 a       137     0     7     1    17
 -2.7893616510134384E-01 a       138     0     7     1    18
  2.9150367437389180E-01 a       139     0     7     1    19
 -5.9868778724775629E-01 a       140     0     7     1    20
 -1.0620625118106053E-01 a       141     0     8     1     1
  1.2613599423273922E-01 a       142     0     8     1     2
 -1.2982223452935854E-01 a       143     0     8     1     3
 -8.8603559329862566E-02 a       144     0     8     1     4
 -1.3780842198860990E-01 a       145     0     8     1     5
 -6.8249968551651580E-02 a       146     0     8     1     6
  2.1825676684215536E-01 a       147     0     8     1     7
  1.7895817224719329E-01 a       148     0     8     1     8
  4.4930682119703685E-01 a       149     0     8     1     9
  1.9470819093890790E-01 a       150     0     8     1    10
  1.7938669745312344E-01 a       151     0     8     1    11
 -1.8593853564121846E-01 a       152     0     8     1    12
  5.0342792820174107E-02 a       153     0     8     1    13
 -1.6733999520760390E-03 a       154     0     8     1    14
 -1.1975535922520586E-01 a       155     0     8     1    15
  1.4252101173177636E-01 a       156     0     8     1    16
 -1.3058114848517646E-02 a       157     0     8     1    17
 -3.3082945087864324E-01 a       158     0     8     1    18
  3.5729617377662665E-01 a       159     0     8     1    19
 -1.3670249278095165E-01 a       160     0     8     1    20
  2.4841328152867515E-01 a       161     0     9     1     1
  3.0524843091974358E-02 a       162     0     9     1     2
  2.3990320183776931E-01 a       163     0     9     1     3
  1.2915807371528401E-01 a       164     0     9     1     4
  6.5058771719695763E-02 a       165     0     9     1     5
 -3.0800009224194482E-02 a       166     0     9     1     6
  1.2926014644116017E-02 a       167     0     9     1     7
  2.7819908855727160E-01 a       168     0     9     1     8
 -7.6222619517450727E-02 a       169     0     9     1     9
  7.9507781639754860E-02 a       170     0     9     1    10
  1.5090321089403005E-01 a       171     0     9     1    11
  1.5325352240732346E-01 a       172     0     9     1    12
  3.4416674310201217E-01 a       173     0     9     1    13
  1.7033991560054076E-01 a       174     0     9     1    14
 -2.3944779433666596E-01 a       175     0     9     1    15
 -2.1989536361748654E-01 a       176     0     9     1    16
  6.7623796654236484E-02 a       177     0     9     1    17
  3.2210681675128811E-01 a       178     0     9     1    18
  3.1927501264482661E-01 a       179     0     9     1    19
 -8.2729625355180372E-02 a       180     0     9     1    20
  4.3017112873069342E-02 a       181     0    10     1     1
  1.4697630320335114E-01 a       182     0    10     1     2
  1.3109138849550436E-01 a       183     0    10     1     3
 -8.4691068837469352E-01 a       184     0    10     1     4
 -3.7917134778549316E-01 a       185     0    10     1     5
 -1.9084195675828983E-01 a       186     0    10     1     6
 -8.3850531381643681E-02 a       187     0    10     1     7
  6.2414526817058813E-01 a       188     0    10     1     8
 -1.2863284339011452E-01 a       189     0    10     1     9
  6.9529821035721293E-02 a       190     0    10     1    10
 -1.0393184458352224E-01 a       191     0    10     1    11
 -4.4986828142957919E-01 a       192     0    10     1    12
 -7.2591983111802580E-02 a       193     0    10     1    13
 -3.3269332991368097E-02 a       194     0    10     1    14
  6.5862318599639383E-03 a       195     0    10     1    15
 -1.8926311304119196E-02 a       196     0    10     1    16
 -3.4651592979940232E-01 a       197     0    10     1    17
 -8.7217190578505327E-02 a       198     0    10     1    18
 -7.5013263693510024E-02 a       199     0    10     1    19
  6.6571034678197560E-01 a       200     0    10     1    20
  2.3441222223884650E-01 a       201     0    11     1     1
 -5.8369277520927361E-02 a       202     0    11     1     2
  4.3672250699607429E-01 a       203     0    11     1     3
  2.0446789139347089E-02 a       204     0    11     1     4
  1.4464682749058558E-01 a       205     0    11     1     5
  3.4230727376548875E-01 a       206     0    11     1     6
  2.1684617341360718E-01 a       207     0    11     1     7
 -1.4852841216069962E-01 a       208     0    11     1     8
  9.9536660676196792E-02 a       209     0    11     1     9
 -2.3576223572175470E-03 a       210     0    11     1    10
  4.5717949162319131E-02 a       211     0    11     1    11
  2.4087075424160945E-01 a       212     0    11     1    12
  4.5873846180894969E-02 a       213     0    11     1    13
  1.8779087291836399E-01 a       214     0    11     1    14
  6.0764356049812403E-02 a       215     0    11     1    15
 -2.8132905149548304E-01 a       216     0    11     1    16
  2.5405955620281689E-01 a       217     0    11     1    17
  2.6524396203200051E-01 a       218     0    11     1    18
 -1.6333472737557092E-01 a       219     0    11     1    19
 -1.1160761624124080E-01 a       220     0    11     1    20
 -2.3333649252583585E-01 a       221     0    12     1     1
 -1.1975885656228819E-01 a       222     0    12     1     2
  7.3581892778388475E-02 a       223     0    12     1     3
 -8.7492972520948412E-02 a       224     0    12     1     4
  3.8125190253716484E-01 a       225     0    12     1     5
  1.2433044078323625E-01 a       226     0    12     1     6
 -1.0787710136647408E-01 a       227     0    12     1     7
 -8.0414438285888262E-02 a       228     0    12     1     8
 -1.1340007592921840E-01 a       229     0    12     1     9
 -6.0624653453069520E-02 a       230     0    12     1    10
 -1.2423600821289056E-01 a       231     0    12     1    11
  6.4416017486368396E-02 a       232     0    12     1    12
 -5.2884650308452796E-02 a       233     0    12     1    13
 -1.7109941631750594E-01 a       234     0    12     1    14
 -9.3934949373706597E-02 a       235     0    12     1    15
  7.7422892486608427E-02 a       236     0    12     1    16
 -3.7534581539354245E-01 a       237     0    12     1    17
 -2.5938258712416595E-01 a       238     0    12     1    18
  4.4731192521083307E-01 a       239     0    12     1    19
  2.1683746998268152E-01 a       240     0    12     1    20
 -7.0724583973974173E-02 a       241     0    13     1     1
 -9.0112947713684693E-02 a       242     0    13     1     2
 -3.7618232831913921E-02 a       243     0    13     1     3
  3.9726676579671999E-01 a       244     0    13     1     4
  2.1294957757871120E-02 a       245     0    13     1     5
 -6.3834672392140718E-02 a       246     0    13     1     6
  1.4159781452532716E-01 a       247     0    13     1     7
  2.4052101281851551E-01 a       248     0    13     1     8
 -2.3048338529132165E-01 a       249     0    13     1     9
  1.9815835641551546E-01 a       250     0    13     1    10
  2.8553209527247614E-01 a       251     0    13     1    11
  7.2502188042615559E-02 a       252     0    13     1    12
 -2.4466238316226779E-01 a       253     0    13     1    13
 -3.2887002561150369E-01 a       254     0    13     1    14
 -4.1608013324724823E-02 a       255     0    13     1    15
  2.0964371103878440E-01 a       256     0    13     1    16
 -1.4882599339486244E-01 a       257     0    13     1    17
  1.1895483535205849E-01 a       258     0    13     1    18
 -2.1411310078421220E-02 a       259     0    13     1    19
 -1.0038970250353352E-01 a       260     0    13     1    20
  2.0629726828393060E-02 a       261     0    14     1     1
  2.3545992079028111E-01 a       262     0    14     1     2
 -3.3287290048212581E-01 a       263     0    14     1     3
 -1.2184259771371664E-01 a       264     0    14     1     4
 -1.3857057205525097E-01 a       265     0    14     1     5
  1.9971821812708387E-01 a       266     0    14     1     6
 -5.6824355060988069E-02 a       267     0    14     1     7
 -2.0766241187836812E-01 a       268     0    14     1     8
  3.1211745630022214E-01 a       269     0    14     1     9
  6.0476236454852401E-02 a       270     0    14     1    10
 -2.5626218115245682E-03 a       271     0    14     1    11
  5.2283170884531389E-02 a       272     0    14     1    12
  1.5028254570162999E-01 a       273     0    14     1    13
  5.5640872249447561E-02 a       274     0    14     1    14
 -2.6385810232898203E-02 a       275     0    14     1    15
  1.3982719779872918E-01 a       276     0    14     1    16
  3.8264599719666621E-02 a       277     0    14     1    17
  2.0101492114526373E-01 a       278     0    14     1    18
  1.2712110033987706E-01 a       279     0    14     1    19
 -1.5633726787200913E-01 a       280     0    14     1    20
 -1.5542030317875732E-01 a       281     0    15     1     1
 -3.3222267738830236E-01 a       282     0    15     1     2
 -1.4328095860959436E-01 a       283     0    15     1     3
 -3.8554831829950779E-02 a       284     0    15     1     4
  3.4968609731999500E-01 a       285     0    15     1     5
 -2.5996738736684283E-01 a       286     0    15     1     6
  2.1464350764892220E-01 a       287     0    15     1     7
 -2.1770250493105197E-02 a       288     0    15     1     8
  3.5050126615407212E-02 a       289     0    15     1     9
 -1.8360586629471495E-01 a       290     0    15     1    10
  3.6615773637451630E-02 a       291     0    15     1    11
 -1.0645579190834439E-01 a       292     0    15     1    12
  7.6164208893484839E-02 a       293     0    15     1    13
 -1.9780481061827504E-01 a       294     0    15     1    14
 -4.5942761467124379E-02 a       295     0    15     1    15
  1.3882586023339966E-01 a       296     0    15     1    16
 -5.8626218504868738E-02 a       297     0    15     1    17
 -2.9167945411969647E-02 a       298     0    15     1    18
 -2.5675163847266164E-01 a       299     0    15     1    19
  1.0089053337391096E-01 a       300     0    15     1    20
  2.5025745390362935E-03 a       301     0    16     1     1
  1.2923136835747498E-01 a       302     0    16     1     2
  4.1570268110634988E-02 a       303     0    16     1     3
  1.8175455940114188E-01 a       304     0    16     1     4
 -8.7520891655060246E-02 a       305     0    16     1     5
  1.2024219551269796E-02 a       306     0    16     1     6
 -1.6624983845213545E-01 a       307     0    16     1     7
  1.3532218288123760E-01 a       308     0    16     1     8
 -8.5911538988516528E-02 a       309     0    16     1     9
 -1.5417296848659628E-01 a       310     0    16     1    10
 -4.3592023086484813E-02 a       311     0    16     1    11
 -7.6449532277721083E-02 a       312     0    16     1    12
 -9.9972428306352015E-02 a       313     0    16     1    13
  3.8559515797537414E-01 a       314     0    16     1    14
 -8.2377272473913646E-03 a       315     0    16     1    15
 -2.3434257358015143E-01 a       316     0    16     1    16
  1.1114828075227484E-01 a       317     0    16     1    17
 -3.3138564317166702E-01 a       318     0    16     1    18
 -6.8755798391719580E-02 a       319     0    16     1    19
  1.0826513952902919E-01 a       320     0    16     1    20
  1.8306483036895732E-01 a       321     0    17     1     1
 -2.5898549246599473E-01 a       322     0    17     1     2
  1.3955466952427237E-01 a       323     0    17     1     3
 -1.7854636411874719E-01 a       324     0    17     1     4
  2.1580149315736155E-01 a       325     0    17     1     5
  8.3045851984109770E-02 a       326     0    17     1     6
  2.5899600257075089E-01 a       327     0    17     1     7
 -2.6474547330595449E-01 a       328     0    17     1     8
  5.7314556804627229E-02 a       329     0    17     1     9
  2.7644035503600201E-01 a       330     0    17     1    10
  1.0762910055887311E-01 a       331     0    17     1    11
  6.7268705180283384E-02 a       332     0    17     1    12
  1.1257871933388031E-01 a       333     0    17     1    13
 -1.5378802626494645E-01 a       334     0    17     1    14
  1.0692095444314428E-01 a       335     0    17     1    15
 -2.1297826801085752E-02 a       336     0    17     1    16
  6.0714851829084357E-02 a       337     0    17     1    17
 -1.0469163476712269E-02 a       338     0    17     1    18
  1.1523364926313186E-01 a       339     0    17     1    19
 -1.0053370898409758E-01 a       340     0    17     1    20
  7.6656996153118356E-02 a       341     0    18     1     1
  2.5537729338691051E-01 a       342     0    18     1     2
  2.2547452108792959E-01 a       343     0    18     1     3
  1.5576202218318680E-01 a       344     0    18     1     4
 -2.5205075951289307E-01 a       345     0    18     1     5
  1.4451035831395068E-01 a       346     0    18     1     6
 -6.4698232510959922E-02 a       347     0    18     1     7
 -1.7350336817720891E-01 a       348     0    18     1     8
 -5.7945942954743306E-02 a       349     0    18     1     9
 -1.5292998192304202E-01 a       350     0    18     1    10
 -1.5089110297670755E-01 a       351     0    18     1    11
 -7.8770665783616980E-02 a       352     0    18     1    12
 -1.4279123147428796E-01 a       353     0    18     1    13
  1.6426868491416932E-01 a       354     0    18     1    14
 -6.3518453264047370E-02 a       355     0    18     1    15
 -1.7109399990525501E-01 a       356     0    18     1    16
  1.3723443888940878E-01 a       357     0    18     1    17
  1.2108109440417533E-01 a       358     0    18     1    18
  1.3596663494171246E-01 a       359     0    18     1    19
 -6.7380797126140063E-02 a       360     0    18     1    20
 -3.6436950192344948E-02 a       361     0    19     1     1
 -8.0639121144301662E-03 a       362     0    19     1     2
  1.7255880829140913E-01 a       363     0    19     1     3
 -1.3942253604969349E-01 a       364     0    19     1     4
 -7.7335811173376845E-02 a       365     0    19     1     5
 -2.9422905960829621E-01 a       366     0    19     1     6
  3.5111966962369022E-03 a       367     0    19     1     7
  2.8990188462624639E-01 a       368     0    19     1     8
  3.1098469045302149E-03 a       369     0    19     1     9
  8.6188493211482128E-02 a       370     0    19     1    10
 -2.5912668209340134E-01 a       371     0    19     1    11
 -6.4071760948463216E-02 a       372     0    19     1    12
 -9.1314173855062686E-03 a       373     0    19     1    13
 -2.4543385447923519E-01 a       374     0    19     1    14
 -4.7366268488841713E-02 a       375     0    19     1    15
  2.5263249347505451E-01 a       376     0    19     1    16
 -2.0747967281745941E-01 a       377     0    19     1    17
  2.4606503111538131E-01 a       378     0    19     1    18
 -3.7900617183075767E-02 a       379     0    19     1    19
  1.8138100730191795E-01 a       380     0    19     1    20
 -2.1208216274628838E-01 a       381     0    20     1     1
  2.0630886732775905E-01 a       382     0    20     1     2
  9.6847172934224155E-03 a       383     0    20     1     3
 -8.8017610017509639E-03 a       384     0    20     1     4
  1.5972071731523731E-02 a       385     0    20     1     5
  2.1445603187903911E-01 a       386     0    20     1     6
  2.0090750041540009E-02 a       387     0    20     1     7
 -2.5062772511567716E-01 a       388     0    20     1     8
  8.4914195259432737E-02 a       389     0    20     1     9
 -1.0459958568374197E-01 a       390     0    20     1    10
  4.3511790841354570E-01 a       391     0    20     1    11
 -4.2385211534030432E-03 a       392     0    20     1    12
  5.8558686630481714E-02 a       393     0    20     1    13
 -7.4956241412106689E-02 a       394     0    20     1    14
 -2.2566183812044581E-02 a       395     0    20     1    15
  1.4263741933792621E-02 a       396     0    20     1    16
  5.3234903928559500E-02 a       397     0    20     1    17
  6.7528970602711624E-02 a       398     0    20     1    18
  3.0349150009108712E-03 a       399     0    20     1    19
 -1.4461146500041089E-01 a       400     0    20     1    20
  1.6811319577098652E-01 a       401     0    21     1     1
 -7.5509477548851511E-02 a       402     0    21     1     2
  2.3705869005042960E-02 a       403     0    21     1     3
 -5.7968303535725865E-02 a       404     0    21     1     4
  1.3257703227493337E-01 a       405     0    21     1     5
 -3.0860765613936452E-02 a       406     0    21     1     6
  1.4245418550126940E-01 a       407     0    21     1     7
  1.5047952837285541E-01 a       408     0    21     1     8
  1.9121984731174772E-02 a       409     0    21     1     9
 -1.3688338995203841E-01 a       410     0    21     1    10
  2.3186889422532464E-01 a       411     0    21     1    11
  5.6843840197662934E-02 a       412     0    21     1    12
 -1.8090620871626339E-01 a       413     0    21     1    13
 -1.4014787881928037E-01 a       414     0    21     1    14
  5.9495968672280408E-02 a       415     0    21     1    15
  1.8090574284091263E-01 a       416     0    21     1    16
 -7.3952978131070421E-02 a       417     0    21     1    17
 -1.6617727878591192E-02 a       418     0    21     1    18
 -1.4258038131983272E-01 a       419     0    21     1    19
  5.6593377789101930E-02 a       420     0    21     1    20
 -8.0236555304125518E-02 a       421     0    22     1     1
 -1.7694837457511931E-03 a       422     0    22     1     2
 -2.1398633334524195E-01 a       423     0    22     1     3
  2.6198100948707176E-01 a       424     0    22     1     4
 -5.7211569988291451E-03 a       425     0    22     1     5
  5.4769220600850307E-02 a       426     0    22     1     6
 -1.1311926065309415E-01 a       427     0    22     1     7
  3.6911529550733915E-02 a       428     0    22     1     8
 -8.5169392673055622E-02 a       429     0    22     1     9
 -4.4118123669675817E-02 a       430     0    22     1    10
 -1.2023941566434332E-01 a       431     0    22     1    11
  5.6916228421066854E-02 a       432     0    22     1    12
 -1.8412373309506672E-01 a       433     0    22     1    13
  2.0791713671433509E-01 a       434     0    22     1    14
  4.2935840464044903E-02 a       435     0    22     1    15
 -7.7492530032350820E-02 a       436     0    22     1    16
  3.8490296032165298E-02 a       437     0    22     1    17
 -1.3995884085123575E-01 a       438     0    22     1    18
 -7.9440131927787996E-02 a       439     0    22     1    19
 -5.3176857639593150E-02 a       440     0    22     1    20
  2.8232994083930452E-01 a       441     0    23     1     1
 -2.6105818217097038E-01 a       442     0    23     1     2
  1.3514789858813486E-01 a       443     0    23     1     3
 -1.9783177134515426E-01 a       444     0    23     1     4
  8.6709968421142550E-02 a       445     0    23     1     5
  1.7923261425893469E-01 a       446     0    23     1     6
  8.6495704048687186E-02 a       447     0    23     1     7
 -4.8081449111567753E-01 a       448     0    23     1     8
  1.0175805934469723E-01 a       449     0    23     1     9
  2.1951661890895921E-01 a       450     0    23     1    10
  1.7075854410809399E-01 a       451     0    23     1    11
  1.5005826320537330E-01 a       452     0    23     1    12
 -3.1249188630540530E-02 a       453     0    23     1    13
 -3.3429568356206647E-02 a       454     0    23     1    14
  8.5717321193915980E-02 a       455     0    23     1    15
  6.2420355977553237E-02 a       456     0    23     1    16
  3.5452026372084659E-02 a       457     0    23     1    17
  5.5096903534288550E-03 a       458     0    23     1    18
  1.9848162165231306E-01 a       459     0    23     1    19
 -4.6623867101780937E-02 a       460     0    23     1    20
  5.0432065091027899E-02 a       461     0    24     1     1
  1.2935867672499421E-01 a       462     0    24     1     2
 -2.4465083899214471E-01 a       463     0    24     1     3
  4.3050442981929303E-02 a       464     0    24     1     4
 -2.1580303722852395E-01 a       465     0    24     1     5
 -2.4785669774064368E-02 a       466     0    24     1     6
 -8.9785206101106588E-02 a       467     0    24     1     7
 -1.0963002829001980E-01 a       468     0    24     1     8
 -4.5957885105677485E-02 a       469     0    24     1     9
  1.4124672647626671E-01 a       470     0    24     1    10
 -2.2517174113762278E-01 a       471     0    24     1    11
 -7.9725414942016182E-02 a       472     0    24     1    12
  2.0434108351827629E-02 a       473     0    24     1    13
  8.2947351382908041E-02 a       474     0    24     1    14
 -1.0396004736741080E-01 a       475     0    24     1    15
 -7.6904443880712076E-02 a       476     0    24     1    16
  7.3716873728669738E-02 a       477     0    24     1    17
 -9.4296879727544677E-02 a       478     0    24     1    18
  1.2870876656223240E-01 a       479     0    24     1    19
  1.8172532283590209E-03 a       480     0    24     1    20
  1.1509969931871956E-01 a       481     0    25     1     1
 -7.2837698170563356E-03 a       482     0    25     1     2
  7.0651965748765561E-02 a       483     0    25     1     3
 -9.9285409317201867E-02 a       484     0    25     1     4
 -5.7052847550103085E-02 a       485     0    25     1     5
 -8.3794095818425812E-02 a       486     0    25     1     6
  6.4986362467084197E-02 a       487     0    25     1     7
  1.8771166693242630E-01 a       488     0    25     1     8
  2.6983713098703167E-03 a       489     0    25     1     9
 -2.9954992433022117E-03 a       490     0    25     1    10
 -1.0593655688623525E-01 a       491     0    25     1    11
 -6.9700660843641710E-02 a       492     0    25     1    12
  1.0581757870190052E-01 a       493     0    25     1    13
 -5.0522419214440187E-02 a       494     0    25     1    14
 -4.2055773072751206E-02 a       495     0    25     1    15
 -3.1377821991840901E-02 a       496     0    25     1    16
 -2.5468077214707799E-02 a       497     0    25     1    17
  8.0108921415570467E-02 a       498     0    25     1    18
  3.9892204035263820E-02 a       499     0    25     1    19
  6.9090112328011391E-02 a       500     0    25     1    20
 -1.2320415044306035E-01 a       501     0    26     1     1
  2.0584824800301049E-01 a       502     0    26     1     2
  1.0186056197970039E-02 a       503     0    26     1     3
  7.1524857662491587E-02 a       504     0    26     1     4
 -2.8285513725761276E-02 a       505     0    26     1     5
 -1.8919260189177816E-02 a       506     0    26     1     6
  1.4146207154502736E-02 a       507     0    26     1     7
  3.4886848285390251E-02 a       508     0    26     1     8
 -9.2965403462732191E-03 a       509     0    26     1     9
 -5.6032484088226600E-02 a       510     0    26     1    10
  1.9907722005176945E-01 a       511     0    26     1    11
 -1.2251537814147408E-01 a       512     0    26     1    12
  3.8885183133715133E-02 a       513     0    26     1    13
 -5.3894374537897222E-02 a       514     0    26     1    14
 -6.2814322789699964E-02 a       515     0    26     1    15
  2.1979225267339652E-02 a       516     0    26     1    16
  2.9445195166290426E-02 a       517     0    26     1    17
 -1.2183788248367597E-02 a       518     0    26     1    18
 -8.5931251086362265E-02 a       519     0    26     1    19
 -2.5089019170628286E-02 a       520     0    26     1    20
 -6.0885936048084566E-02 a       521     0    27     1     1
 -1.1596252416821815E-01 a       522     0    27     1     2
 -3.3530615384500312E-03 a       523     0    27     1     3
  1.2241632721083627E-01 a       524     0    27     1     4
  4.6386958659768197E-02 a       525     0    27     1     5
 -1.1868246139613953E-01 a       526     0    27     1     6
  2.3917470321262742E-02 a       527     0    27     1     7
  2.6114936436961028E-01 a       528     0    27     1     8
 -3.9828968163397108E-02 a       529     0    27     1     9
  6.2538583586271750E-03 a       530     0    27     1    10
 -1.2922868307423875E-02 a       531     0    27     1    11
 -2.6311791792085148E-03 a       532     0    27     1    12
 -9.2282719178927317E-02 a       533     0    27     1    13
  5.8888168958148891E-02 a       534     0    27     1    14
  1.2737478608996944E-01 a       535     0    27     1    15
  3.8988560550825092E-02 a       536     0    27     1    16
 -7.0966304470872710E-02 a       537     0    27     1    17
  1.1374272153667349E-01 a       538     0    27     1    18
 -1.3419819928769691E-01 a       539     0    27     1    19
 -2.5150237868691402E-02 a       540     0    27     1    20
 -4.8847309611913241E-02 a       541     0    28     1     1
  2.4320421140711583E-02 a       542     0    28     1     2
 -8.0670085083502485E-02 a       543     0    28     1     3
  7.8735436653195309E-02 a       544     0    28     1     4
  5.9650378997225537E-03 a       545     0    28     1     5
  1.4120058275768841E-02 a       546     0    28     1     6
 -7.2153668489726250E-02 a       547     0    28     1     7
  2.3955475933677688E-02 a       548     0    28     1     8
 -4.7039763076731161E-02 a       549     0    28     1     9
  6.6233424469792977E-04 a       550     0    28     1    10
 -1.2346093547351951E-01 a       551     0    28     1    11
  8.9386104599901289E-03 a       552     0    28     1    12
 -1.1104962953131486E-02 a       553     0    28     1    13
  4.1809948288370147E-02 a       554     0    28     1    14
 -6.9045714795049097E-03 a       555     0    28     1    15
  2.7159307252094748E-02 a       556     0    28     1    16
 -1.7555501243939047E-02 a       557     0    28     1    17
 -1.9262950962896395E-02 a       558     0    28     1    18
 -4.8273667579753557E-02 a       559     0    28     1    19
  1.0746158802191198E-02 a       560     0    28     1    20
  8.0496021479952939E-02 a       561     0    29     1     1
 -1.8458248275596147E-02 a       562     0    29     1     2
  2.1691840013630731E-01 a       563     0    29     1     3
 -7.8392756151178702E-02 a       564     0    29     1     4
  2.0412160451535204E-02 a       565     0    29     1     5
  7.3735194610516891E-02 a       566     0    29     1     6
 -1.7842451384608487E-03 a       567     0    29     1     7
 -2.6574610812320143E-01 a       568     0    29     1     8
  1.5293306880988788E-01 a       569     0    29     1     9
  9.4298423564331477E-02 a       570     0    29     1    10
  7.3045985157270565E-02 a       571     0    29     1    11
  7.1475919146635522E-02 a       572     0    29     1    12
  2.6743740746231507E-03 a       573     0    29     1    13
 -2.2599797403008205E-02 a       574     0    29     1    14
 -4.1561392067721414E-02 a       575     0    29     1    15
  5.7063623291148939E-02 a       576     0    29     1    16
  3.5983391758842805E-02 a       577     0    29     1    17
  1.5691060256161175E-02 a       578     0    29     1    18
  7.8785577779496144E-02 a       579     0    29     1    19
 -1.7767286165410682E-02 a       580     0    29     1    20
  6.2334526572500416E-02 a       581     0    30     1     1
  1.5385094801209687E-01 a       582     0    30     1     2
 -1.0091584100003498E-01 a       583     0    30     1     3
 -1.0204826467439188E-01 a       584     0    30     1     4
 -5.5399385978949174E-02 a       585     0    30     1     5
  4.6313505250453739E-02 a       586     0    30     1     6
 -6.4845992654620807E-02 a       587     0    30     1     7
 -4.1369920371415930E-02 a       588     0    30     1     8
 -6.6741421336777712E-02 a       589     0    30     1     9
  1.0684593633029377E-01 a       590     0    30     1    10
  7.6822985979102490E-02 a       591     0    30     1    11
  2.6768727011338214E-02 a       592     0    30     1    12
 -4.9457097619173607E-02 a       593     0    30     1    13
 -1.1490106998655029E-01 a       594     0    30     1    14
 -5.9979749698791766E-02 a       595     0    30     1    15
  5.2633214325655694E-02 a       596     0    30     1    16
 -4.3412506838903624E-02 a       597     0    30     1    17
 -1.0605434965977237E-01 a       598     0    30     1    18
  5.6474896137550384E-02 a       599     0    30     1    19
  9.6484708297928601E-02 a       600     0    30     1    20
 -2.4517271205295815E-01 a       601     0    31     1     1
 -4.7792207883817739E-01 a       602     0    31     1     2
 -2.2568754102452554E-01 a       603     0    31     1     3
  3.0014247286838791E-01 a       604     0    31     1     4
 -5.5498639239667191E-02 a       605     0    31     1     5
  1.3180284266266520E-02 a       606     0    31     1     6
 -1.1414902383633239E-01 a       607     0    31     1     7
 -3.9248584005203296E-01 a       608     0    31     1     8
 -9.9588854694593512E-02 a       609     0    31     1     9
  7.0780901130828217E-02 a       610     0    31     1    10
  4.7395065394964506E-02 a       611     0    31     1    11
 -3.0815351042463074E-01 a       612     0    31     1    12
 -2.4129382983498746E-01 a       613     0    31     1    13
 -2.3271545064758123E-01 a       614     0    31     1    14
  2.1784733702595446E-01 a       615     0    31     1    15
  1.4385033459402929E-01 a       616     0    31     1    16
  1.6461587512097439E-01 a       617     0    31     1    17
  9.0619626849647264E-02 a       618     0    31     1    18
 -1.8943766690969285E-01 a       619     0    31     1    19
 -1.2487584272879954E-01 a       620     0    31     1    20
 -2.4012735969944185E-01 a       621     0    32     1     1
  3.8276470915075128E-01 a       622     0    32     1     2
 -1.7177293650202435E-01 a       623     0    32     1     3
 -3.3973526858241728E-03 a       624     0    32     1     4
  9.4627233766397478E-02 a       625     0    32     1     5
  2.1118252651194297E-01 a       626     0    32     1     6
  5.1651316478026887E-01 a       627     0    32     1     7
  1.1707870795087404E-02 a       628     0    32     1     8
  7.0426981736852012E-01 a       629     0    32     1     9
 -1.4062066362863618E-01 a       630     0    32     1    10
  1.0034126651721204E-01 a       631     0    32     1    11
  5.1960647641161095E-01 a       632     0    32     1    12
  1.1783766947919803E-01 a       633     0    32     1    13
  7.9862444953187861E-01 a       634     0    32     1    14
 -1.5096107364191735E-01 a       635     0    32     1    15
 -3.9355614072411349E-01 a       636     0    32     1    16
  1.2342292246118768E-01 a       637     0    32     1    17
  5.0299747750685531E-01 a       638     0    32     1    18
 -2.0390094575807280E-01 a       639     0    32     1    19
 -3.4353227587222679E-01 a       640     0    32     1    20
  5.2926068155393205E-02 a       641     0    33     1     1
  1.0667763003081376E-01 a       642     0    33     1     2
  2.4785430118547497E-01 a       643     0    33     1     3
  3.2269771194489386E-02 a       644     0    33     1     4
  7.2253123160011118E-02 a       645     0    33     1     5
  1.8222496252967787E-02 a       646     0    33     1     6
 -1.1088424297710600E-01 a       647     0    33     1     7
  2.3385768236787816E-01 a       648     0    33     1     8
 -1.4599760304814999E-01 a       649     0    33     1     9
 -1.6827734379197110E-01 a       650     0    33     1    10
  1.2598964826666553E-01 a       651     0    33     1    11
 -4.9860981922854840E-02 a       652     0    33     1    12
 -1.6914921107572872E-01 a       653     0    33     1    13
 -8.8439554610361487E-02 a       654     0    33     1    14
  1.4973115706850923E-01 a       655     0    33     1    15
  2.4885356975522403E-02 a       656     0    33     1    16
  8.4353671445616105E-02 a       657     0    33     1    17
 -1.2754200655343800E-01 a       658     0    33     1    18
  1.4271029484300915E-01 a       659     0    33     1    19
 -2.6887721629189624E-02 a       660     0    33     1    20
  2.8007395695233872E-01 a       661     0    34     1     1
  9.6987833332901022E-02 a       662     0    34     1     2
  2.6408467012560877E-01 a       663     0    34     1     3
 -4.8568964132143311E-03 a       664     0    34     1     4
  4.2313292570584568E-02 a       665     0    34     1     5
 -4.5162909668787310E-01 a       666     0    34     1     6
 -3.7159731044684696E-01 a       667     0    34     1     7
 -1.1177176636542398E-01 a       668     0    34     1     8
 -1.0212417388832811E+00 a       669     0    34     1     9
 -1.9661532961506625E-01 a       670     0    34     1    10
 -5.6182051483461747E-02 a       671     0    34     1    11
 -4.6587750140887724E-01 a       672     0    34     1    12
  2.4063225751990452E-01 a       673     0    34     1    13
 -6.5015984041526309E-01 a       674     0    34     1    14
  2.3326514667139444E-02 a       675     0    34     1    15
  4.5140953007223247E-02 a       676     0    34     1    16
 -2.2498121509106822E-01 a       677     0    34     1    17
 -6.5338716366670213E-01 a       678     0    34     1    18
  2.4497528661517778E-01 a       679     0    34     1    19
  6.4241382916243583E-01 a       680     0    34     1    20
 -2.4479211180157540E-01 a       681     0    35     1     1
 -2.6562414584027455E-01 a       682     0    35     1     2
  1.9456266087181648E-01 a       683     0    35     1     3
  6.9121632999965765E-02 a       684     0    35     1     4
 -2.4572934075745484E-01 a       685     0    35     1     5
  9.6204841285116915E-01 a       686     0    35     1     6
  1.6080600092163963E-01 a       687     0    35     1     7
  3.3959458553994243E-01 a       688     0    35     1     8
  1.8288944615920438E-01 a       689     0    35     1     9
 -1.1163319789706552E-01 a       690     0    35     1    10
  9.6983943550230323E-02 a       691     0    35     1    11
  1.2817472914389488E-01 a       692     0    35     1    12
  1.6056167614050285E-01 a       693     0    35     1    13
  2.7422889865975469E-01 a       694     0    35     1    14
 -1.2448658200660122E-02 a       695     0    35     1    15
 -5.0768462477612653E-01 a       696     0    35     1    16
  1.3499085043925590E-01 a       697     0    35     1    17
  2.1308590229736699E-01 a       698     0    35     1    18
 -6.1794977902152115E-01 a       699     0    35     1    19
 -4.2138898596815610E-01 a       700     0    35     1    20
  2.5650089944547960E-01 a       701     0    36     1     1
  5.8582668778998329E-02 a       702     0    36     1     2
  4.1416003660616048E-02 a       703     0    36     1     3
  2.0878684647741699E-02 a       704     0    36     1     4
 -1.0988606726819006E-01 a       705     0    36     1     5
 -1.3790331456073365E-01 a       706     0    36     1     6
 -3.9971147138266405E-01 a       707     0    36     1     7
 -2.0623684581376211E-02 a       708     0    36     1     8
 -2.7062999957260248E-01 a       709     0    36     1     9
  2.0804575138870296E-01 a       710     0    36     1    10
 -3.3912806631678005E-02 a       711     0    36     1    11
  2.9970897496987923E-02 a       712     0    36     1    12
  2.4720301735572170E-01 a       713     0    36     1    13
 -2.2195815660835578E-02 a       714     0    36     1    14
  8.0627781998689474E-02 a       715     0    36     1    15
 -1.0614029431603823E-01 a       716     0    36     1    16
  8.3629725046463460E-02 a       717     0    36     1    17
 -1.5826611350957431E-01 a       718     0    36     1    18
  1.4844445413328497E-01 a       719     0    36     1    19
 -2.6156269246100983E-02 a       720     0    36     1    20
  2.8800415461991385E-01 a       721     0    37     1     1
  3.9140701651746967E-01 a       722     0    37     1     2
  2.3042140064638203E-01 a       723     0    37     1     3
 -2.9187115597785512E-01 a       724     0    37     1     4
 -1.6795875820234055E-01 a       725     0    37     1     5
 -7.3414462698388236E-02 a       726     0    37     1     6
 -3.4708660126288531E-02 a       727     0    37     1     7
  6.6604200322680121E-02 a       728     0    37     1     8
  1.3571639474566157E-02 a       729     0    37     1     9
 -4.2126623229704861E-02 a       730     0    37     1    10
 -1.6636772949927808E-01 a       731     0    37     1    11
  1.5493438259934755E-01 a       732     0    37     1    12
 -7.2029988961697339E-04 a       733     0    37     1    13
 -2.2337702753767510E-01 a       734     0    37     1    14
 -2.1217397674479091E-01 a       735     0    37     1    15
  1.7590965772526843E-01 a       736     0    37     1    16
 -1.4383955631555156E-01 a       737     0    37     1    17
 -1.8957138755186693E-02 a       738     0    37     1    18
  3.1887206273352808E-01 a       739     0    37     1    19
 -6.8715154383153287E-02 a       740     0    37     1    20
 -2.6461013270244071E-01 a       741     0    38     1     1
 -3.2681735149654634E-01 a       742     0    38     1     2
  4.8156678806739278E-01 a       743     0    38     1     3
 -7.3823164922286499E-01 a       744     0    38     1     4
 -7.8961913708854164E-02 a       745     0    38     1     5
 -7.8505048594849480E-01 a       746     0    38     1     6
 -1.3582108513378865E-01 a       747     0    38     1     7
 -4.9529176879160131E-01 a       748     0    38     1     8
  1.1250564934224612E-01 a       749     0    38     1     9
 -6.1666289514023864E-01 a       750     0    38     1    10
  1.2451131782029062E-01 a       751     0    38     1    11
 -1.6557402712038505E-01 a       752     0    38     1    12
 -2.5958239632888080E-01 a       753     0    38     1    13
  3.8746556394675430E-01 a       754     0    38     1    14
  3.3817233519647061E-01 a       755     0    38     1    15
 -6.5512493951756262E-02 a       756     0    38     1    16
 -6.1669881920569165E-02 a       757     0    38     1    17
 -4.3448395158397418E-01 a       758     0    38     1    18
 -1.9830936020916215E-01 a       759     0    38     1    19
  1.3146630169848725E+00 a       760     0    38     1    20
 -1.1678088186857219E-01 a       761     0    39     1     1
 -1.7969452478582104E-01 a       762     0    39     1     2
 -1.2192493503419545E-01 a       763     0    39     1     3
 -1.8660219411230691E-01 a       764     0    39     1     4
 -7.9674057351772590E-02 a       765     0    39     1     5
 -1.1970922690345191E-01 a       766     0    39     1     6
 -1.2328713912015134E-01 a       767     0    39     1     7
 -3.5073870048898198E-01 a       768     0    39     1     8
  1.3004374125909948E-01 a       769     0    39     1     9
 -1.0782585266668249E-01 a       770     0    39     1    10
  8.7432661636373060E-02 a       771     0    39     1    11
  3.2056601988976759E-02 a       772     0    39     1    12
  9.1146580394407276E-02 a       773     0    39     1    13
 -1.9065510546710851E-01 a       774     0    39     1    14
 -2.0548484665211778E-01 a       775     0    39     1    15
  2.0993859456390304E-01 a       776     0    39     1    16
 -1.6613203973336008E-01 a       777     0    39     1    17
  6.1190626063232674E-02 a       778     0    39     1    18
 -1.3427437261863195E-01 a       779     0    39     1    19
  1.1658843061437092E-01 a       780     0    39     1    20
 -2.9328562252136853E-01 a       781     0    40     1     1
  2.1243428540046633E-01 a       782     0    40     1     2
 -2.1736157522702787E-01 a       783     0    40     1     3
  3.8245807133976767E-01 a       784     0    40     1     4
  2.6245370226381726E-01 a       785     0    40     1     5
  3.7700832494106723E-01 a       786     0    40     1     6
 -2.8378911880980540E-01 a       787     0    40     1     7
 -1.2190423559905204E-01 a       788     0    40     1     8
  3.8147480327906290E-02 a       789     0    40     1     9
  2.1662496500919801E-01 a       790     0    40     1    10
 -6.1853872284968178E-02 a       791     0    40     1    11
  1.5456289308765001E-01 a       792     0    40     1    12
  5.8347826947469671E-02 a       793     0    40     1    13
 -3.4774270353926821E-02 a       794     0    40     1    14
 -1.3334049683409507E-01 a       795     0    40     1    15
  3.5897638963078998E-01 a       796     0    40     1    16
 -6.6538140257441536E-02 a       797     0    40     1    17
  2.3146832324110264E-01 a       798     0    40     1    18
 -1.9514656038959816E-01 a       799     0    40     1    19
 -6.2104218508361775E-01 a       800     0    40     1    20
  6.0021226437821373E-02 a       801     0    41     1     1
 -2.1942814117056900E-01 a       802     0    41     1     2
 -1.7051471821061401E-01 a       803     0    41     1     3
 -1.4012648287856119E-01 a       804     0    41     1     4
 -1.6812212817834910E-01 a       805     0    41     1     5
 -3.0548792903262779E-02 a       806     0    41     1     6
  2.7754105247124083E-01 a       807     0    41     1     7
  2.9677407416636264E-01 a       808     0    41     1     8
 -2.7194701503477491E-02 a       809     0    41     1     9
  1.5149042411861796E-01 a       810     0    41     1    10
 -3.7739990472430590E-01 a       811     0    41     1    11
  1.1038345970052058E-01 a       812     0    41     1    12
 -3.4908000259859240E-02 a       813     0    41     1    13
  2.5019723257745402E-01 a       814     0    41     1    14
  3.8603149753281285E-01 a       815     0    41     1    15
  4.8425642009580716E-01 a       816     0    41     1    16
  5.6176122742810877E-02 a       817     0    41     1    17
 -2.2427557185793479E-01 a       818     0    41     1    18
 -6.0750902566065350E-02 a       819     0    41     1    19
  6.9632218118930322E-01 a       820     0    41     1    20
  3.2251136408085551E-01 a       821     0    42     1     1
  1.4087953603491526E-01 a       822     0    42     1     2
 -1.9162292223929120E-01 a       823     0    42     1     3
 -1.2239153408565363E-01 a       824     0    42     1     4
  3.3164124147905726E-02 a       825     0    42     1     5
 -9.6162204203840987E-02 a       826     0    42     1     6
  2.7637544202808556E-01 a       827     0    42     1     7
  1.5862177234813207E-01 a       828     0    42     1     8
  2.0725554071133476E-01 a       829     0    42     1     9
 -5.8870541705846033E-02 a       830     0    42     1    10
  1.1650780003060075E-01 a       831     0    42     1    11
  9.7175659192617628E-02 a       832     0    42     1    12
 -2.4444294158981320E-01 a       833     0    42     1    13
 -8.7011852495439773E-02 a       834     0    42     1    14
  2.1968455366259634E-01 a       835     0    42     1    15
 -5.0055482733880760E-02 a       836     0    42     1    16
 -1.5263148076780730E-02 a       837     0    42     1    17
  1.9904832786941343E-01 a       838     0    42     1    18
 -4.3075556434812678E-01 a       839     0    42     1    19
 -1.8777337918912229E-01 a       840     0    42     1    20
 -4.0177345300115470E-02 a       841     0    43     1     1
 -4.3016439082297867E-02 a       842     0    43     1     2
 -4.2954656663519365E-02 a       843     0    43     1     3
 -1.3189170043899043E-01 a       844     0    43     1     4
  1.7699653565952260E-02 a       845     0    43     1     5
  9.7720401334356229E-03 a       846     0    43     1     6
  6.1538787664949957E-03 a       847     0    43     1     7
 -6.5447567229781525E-02 a       848     0    43     1     8
 -1.5267850010729309E-02 a       849     0    43     1     9
 -8.1788534690613202E-02 a       850     0    43     1    10
  6.2998745583495844E-02 a       851     0    43     1    11
  7.2183462270965837E-02 a       852     0    43     1    12
 -7.5031576901103639E-02 a       853     0    43     1    13
 -2.6838329674934661E-02 a       854     0    43     1    14
  7.2532249520752781E-02 a       855     0    43     1    15
 -6.8786926623325029E-02 a       856     0    43     1    16
  1.3474718180573671E-02 a       857     0    43     1    17
 -8.1734052329163032E-02 a       858     0    43     1    18
  5.4556982118038638E-02 a       859     0    43     1    19
 -1.8572412349294715E-02 a       860     0    43     1    20
  3.1335907129211610E-02 a       861     0    44     1     1
 -5.4648556697149193E-02 a       862     0    44     1     2
  1.7085578558967615E-01 a       863     0    44     1     3
  1.3056734922515568E-02 a       864     0    44     1     4
  6.7292379827635099E-02 a       865     0    44     1     5
 -4.9265220960974895E-02 a       866     0    44     1     6
 -3.1428811547681110E-02 a       867     0    44     1     7
  1.2358209257668235E-01 a       868     0    44     1     8
  1.0921581422777932E-02 a       869     0    44     1     9
  5.9853635185886940E-02 a       870     0    44     1    10
  1.2702247682952550E-01 a       871     0    44     1    11
 -3.8885353486961254E-02 a       872     0    44     1    12
  4.4755159749362387E-02 a       873     0    44     1    13
  1.0694118011042719E-01 a       874     0    44     1    14
  3.6605414007187462E-02 a       875     0    44     1    15
 -1.4572269822361980E-03 a       876     0    44     1    16
 -5.4786002227289771E-02 a       877     0    44     1    17
  5.5905854865987085E-02 a       878     0    44     1    18
  5.5210962145087805E-02 a       879     0    44     1    19
  1.2640062654668377E-01 a       880     0    44     1    20
 -5.7803888627301230E-02 a       881     0    45     1     1
 -1.5593331200238383E-01 a       882     0    45     1     2
  1.2798157115331923E-01 a       883     0    45     1     3
 -2.7681184935292306E-02 a       884     0    45     1     4
  3.7141097991435876E-02 a       885     0    45     1     5
 -6.5790587511635426E-02 a       886     0    45     1     6
  3.5774682879251750E-02 a       887     0    45     1     7
  1.1101240480195633E-02 a       888     0    45     1     8
  1.4127515797496687E-01 a       889     0    45     1     9
  1.2748547407490285E-01 a       890     0    45     1    10
 -1.3828857678139267E-01 a       891     0    45     1    11
  9.5067166111946044E-02 a       892     0    45     1    12
 -8.2557417364466174E-02 a       893     0    45     1    13
  5.4092343759580379E-03 a       894     0    45     1    14
  9.9077665196950063E-02 a       895     0    45     1    15
  1.0689316551469642E-01 a       896     0    45     1    16
 -3.1906921265520014E-02 a       897     0    45     1    17
 -2.6576041133171717E-03 a       898     0    45     1    18
  7.5539662939859503E-02 a       899     0    45     1    19
  9.6801874740769112E-03 a       900     0    45     1    20
 -3.0137670993137622E-01 a       901     0    46     1     1
  9.1236534546069878E-02 a       902     0    46     1     2
  1.6042227323661520E-01 a       903     0    46     1     3
  8.9721524002826583E-02 a       904     0    46     1     4
  1.3432049193625020E-01 a       905     0    46     1     5
  4.7698094608127772E-01 a       906     0    46     1     6
  5.0524848027403292E-02 a       907     0    46     1     7
 -1.9299152108975391E-02 a       908     0    46     1     8
 -2.5910145561285961E-02 a       909     0    46     1     9
 -7.0810101585994142E-02 a       910     0    46     1    10
 -5.1677141816507444E-01 a       911     0    46     1    11
  7.2519132664771221E-03 a       912     0    46     1    12
 -1.7229396271689912E-01 a       913     0    46     1    13
 -5.8104783545000718E-02 a       914     0    46     1    14
  8.1933045576767324E-02 a       915     0    46     1    15
 -4.3513474909760826E-02 a       916     0    46     1    16
  1.7316822672316456E-01 a       917     0    46     1    17
 -2.4260415797602961E-01 a       918     0    46     1    18
 -1.6214579087447006E-01 a       919     0    46     1    19
 -1.6297916168633639E-01 a       920     0    46     1    20
  1.1984097017634897E-01 a       921     0    47     1     1
  2.0015923054300294E-01 a       922     0    47     1     2
  4.1087579071439194E-02 a       923     0    47     1     3
  1.4632872713810366E-01 a       924     0    47     1     4
 -1.6419054216798484E-01 a       925     0    47     1     5
  2.1074628931832162E-01 a       926     0    47     1     6
 -3.1712324409770475E-02 a       927     0    47     1     7
 -3.8098750820382749E-02 a       928     0    47     1     8
  6.2163376908979814E-02 a       929     0    47     1     9
 -6.6159176995560176E-02 a       930     0    47     1    10
  5.8952987581011390E-02 a       931     0    47     1    11
 -3.2876219692384953E-02 a       932     0    47     1    12
 -1.5122113568371987E-01 a       933     0    47     1    13
 -1.3969343217465279E-02 a       934     0    47     1    14
 -1.5862235559279445E-01 a       935     0    47     1    15
  3.7202875203108943E-03 a       936     0    47     1    16
  1.1901757430420261E-01 a       937     0    47     1    17
  1.2763399624206234E-01 a       938     0    47     1    18
 -1.7934422495686866E-01 a       939     0    47     1    19
 -1.1059152722186376E-01 a       940     0    47     1    20
 -2.3597829617863533E-01 a       941     0    48     1     1
  6.1708319844310335E-02 a       942     0    48     1     2
 -2.1052444838189396E-01 a       943     0    48     1     3
 -7.9641913884810900E-02 a       944     0    48     1     4
 -6.7528589797004795E-02 a       945     0    48     1     5
 -1.3219667367345392E-01 a       946     0    48     1     6
  1.3929752345511079E-01 a       947     0    48     1     7
 -9.5154446888089328E-02 a       948     0    48     1     8
  1.2206285462778384E-03 a       949     0    48     1     9
 -3.3643886515224308E-01 a       950     0    48     1    10
  1.3721687734364263E-01 a       951     0    48     1    11
 -1.3547854185456037E-01 a       952     0    48     1    12
 -2.1980454806797314E-01 a       953     0    48     1    13
 -1.7873206711700768E-01 a       954     0    48     1    14
 -4.4394492197208056E-02 a       955     0    48     1    15
 -1.3144872023080637E-01 a       956     0    48     1    16
  8.3285834174287157E-02 a       957     0    48     1    17
 -8.0855184084854939E-02 a       958     0    48     1    18
 -1.4982809538590822E-01 a       959     0    48     1    19
  1.8463577542341632E-02 a       960     0    48     1    20
  8.8480648315696353E-02 a       961     0    49     1     1
 -1.1562842812835912E-01 a       962     0    49     1     2
 -2.1383943877567985E-01 a       963     0    49     1     3
  2.8896293045824289E-01 a       964     0    49     1     4
 -3.3841042802484567E-02 a       965     0    49     1     5
  4.5312344339883665E-01 a       966     0    49     1     6
 -7.2173116853630356E-02 a       967     0    49     1     7
  3.0063720819563006E-01 a       968     0    49     1     8
  2.0843417462368960E-01 a       969     0    49     1     9
  1.6241747836903861E-01 a       970     0    49     1    10
 -2.9067609473940864E-01 a       971     0    49     1    11
 -2.0680697195586920E-02 a       972     0    49     1    12
  6.0787902444919745E-02 a       973     0    49     1    13
  9.9950589183064473E-02 a       974     0    49     1    14
 -2.5513806229914915E-01 a       975     0    49     1    15
 -2.5645324201536812E-01 a       976     0    49     1    16
  2.1596162575518302E-01 a       977     0    49     1    17
 -9.9454713632833990E-03 a       978     0    49     1    18
 -2.5006663223038045E-01 a       979     0    49     1    19
 -1.2813324809996476E-01 a       980     0    49     1    20
  2.6625684649219777E-01 a       981     0    50     1     1
  1.6325107412258494E-01 a       982     0    50     1     2
 -3.5616872264821692E-01 a       983     0    50     1     3
  2.9478873425868202E-01 a       984     0    50     1     4
  1.2248509573182741E-01 a       985     0    50     1     5
 -1.4320830978677415E-01 a       986     0    50     1     6
 -1.0078800009781744E-01 a       987     0    50     1     7
 -5.8247480164006556E-02 a       988     0    50     1     8
 -3.7079272117167233E-01 a       989     0    50     1     9
  4.6621597338558735E-01 a       990     0    50     1    10
 -3.5168070324740813E-02 a       991     0    50     1    11
  6.2170304752430755E-04 a       992     0    50     1    12
  2.5427520328563169E-01 a       993     0    50     1    13
 -3.4717785131525492E-01 a       994     0    50     1    14
  2.8744541703816268E-01 a       995     0    50     1    15
  5.8116002332866112E-01 a       996     0    50     1    16
 -1.1466620054771721E-01 a       997     0    50     1    17
  3.0497837071553874E-01 a       998     0    50     1    18
  6.2931767005617889E-01 a       999     0    50     1    19
 -9.0289640043329678E-01 a      1000     0    50     1    20
  1.6160260386341333E-02 a      1001     0    51     1     1
  1.5046589339306353E-02 a      1002     0    51     1     2
 -1.6041277842636356E-01 a      1003     0    51     1     3
 -2.5894181771621279E-03 a      1004     0    51     1     4
  3.8668923017326745E-02 a      1005     0    51     1     5
  2.0833775480376595E-02 a      1006     0    51     1     6
 -1.5763466152476119E-01 a      1007     0    51     1     7
  1.5325728603288949E-01 a      1008     0    51     1     8
 -9.6213253229025224E-03 a      1009     0    51     1     9
  4.8524337921981087E-01 a      1010     0    51     1    10
 -2.0948412022304727E-01 a      1011     0    51     1    11
  8.4874880991456181E-02 a      1012     0    51     1    12
 -1.2670549485764562E-02 a      1013     0    51     1    13
 -7.6564665338045975E-03 a      1014     0    51     1    14
  7.5110519978241280E-02 a      1015     0    51     1    15
  4.6916945331234090E-02 a      1016     0    51     1    16
 -6.0766083554815532E-02 a      1017     0    51     1    17
  3.3646432995542694E-02 a      1018     0    51     1    18
  1.9303583312241270E-03 a      1019     0    51     1    19
 -3.2419693604607148E-02 a      1020     0    51     1    20
  9.7345630904928870E-02 a      1021     0    52     1     1
 -2.4172887997672746E-01 a      1022     0    52     1     2
 -2.1372707026004151E-01 a      1023     0    52     1     3
 -1.3877993410087403E-01 a      1024     0    52     1     4
  2.2203458633650551E-02 a      1025     0    52     1     5
 -6.0853550033159655E-02 a      1026     0    52     1     6
  3.8771881031932193E-01 a      1027     0    52     1     7
  5.9135488159958789E-02 a      1028     0    52     1     8
 -1.4176920727822116E-02 a      1029     0    52     1     9
 -1.4095543862080603E-01 a      1030     0    52     1    10
  1.8036483014612703E-01 a      1031     0    52     1    11
 -8.2159597776074136E-02 a      1032     0    52     1    12
  6.6812061954967708E-02 a      1033     0    52     1    13
  1.6886542509825028E-01 a      1034     0    52     1    14
 -2.9079590355681095E-02 a      1035     0    52     1    15
 -3.8711322737294540E-01 a      1036     0    52     1    16
  1.1838657151848763E-02 a      1037     0    52     1    17
 -1.2316696519381998E-01 a      1038     0    52     1    18
 -4.1755792919107096E-02 a      1039     0    52     1    19
  4.3716231779969383E-01 a      1040     0    52     1    20
 -6.8582304248891057E-02 a      1041     0    53     1     1
  3.1424102360860628E-02 a      1042     0    53     1     2
  1.9886361948810188E-01 a      1043     0    53     1     3
 -5.7213646056177667E-02 a      1044     0    53     1     4
  9.0296633564701051E-02 a      1045     0    53     1     5
 -7.5751796946053562E-01 a      1046     0    53     1     6
 -6.9211362408844224E-01 a      1047     0    53     1     7
 -1.1411200485909233E-01 a      1048     0    53     1     8
 -2.0057767079822364E-01 a      1049     0    53     1     9
  2.2495170837340273E-01 a      1050     0    53     1    10
 -3.3143128314770942E-01 a      1051     0    53     1    11
 -2.2696933459522092E-01 a      1052     0    53     1    12
  2.2642556906998892E-01 a      1053     0    53     1    13
 -1.6078842053152453E-01 a      1054     0    53     1    14
  1.2496183884470265E-01 a      1055     0    53     1    15
  2.1312732236824924E-01 a      1056     0    53     1    16
 -1.7879027665309533E-01 a      1057     0    53     1    17
 -1.0118661154596743E-01 a      1058     0    53     1    18
  5.9795583150749643E-01 a      1059     0    53     1    19
 -3.2648154241837501E-01 a      1060     0    53     1    20
 -4.3659191383301543E-02 a      1061     0    54     1     1
  7.6156411495390916E-02 a      1062     0    54     1     2
 -2.8205165708380087E-01 a      1063     0    54     1     3
 -1.5551518329158345E-02 a      1064     0    54     1     4
 -2.2607903400155782E-01 a      1065     0    54     1     5
 -1.3562197274864612E-01 a      1066     0    54     1     6
  5.8651691953655771E-02 a      1067     0    54     1     7
  1.1815021012655577E-01 a      1068     0    54     1     8
  4.4174746907521240E-02 a      1069     0    54     1     9
  1.8636424344057628E-01 a      1070     0    54     1    10
  1.6186412537053091E-01 a      1071     0    54     1    11
  3.3960370528386942E-02 a      1072     0    54     1    12
 -2.3086837496619733E-01 a      1073     0    54     1    13
  2.8765595212640650E-02 a      1074     0    54     1    14
 -1.5088872155653871E-01 a      1075     0    54     1    15
  6.0580352890224801E-02 a      1076     0    54     1    16
 -2.9738172534460740E-02 a      1077     0    54     1    17
 -8.7601397063552688E-02 a      1078     0    54     1    18
  2.5882600299272468E-01 a      1079     0    54     1    19
  1.1306362582758846E-01 a      1080     0    54     1    20
  1.0869673951461800E+00 b      1081     1     1
  5.6418092677799880E-01 b      1082     1     2
 -8.4244670752853779E-01 b      1083     1     3
 -8.9863103774039610E-01 b      1084     1     4
  6.2292073866057196E-01 b      1085     1     5
  1.3139485100196098E+00 b      1086     1     6
 -3.0606798762894355E-01 b      1087     1     7
  1.1451788040051822E+00 b      1088     1     8
  5.0847422416087695E-02 b      1089     1     9
  1.0181703747528652E+00 b      1090     1    10
 -1.2821334712782737E+00 b      1091     1    11
 -1.2976610683246939E+00 b      1092     1    12
 -9.3260746020651653E-01 b      1093     1    13
 -1.2447932946874791E+00 b      1094     1    14
  2.5041083865839719E-01 b      1095     1    15
 -1.5676935854871805E-02 b      1096     1    16
 -8.4012442991758599E-02 b      1097     1    17
 -9.3605932255238833E-01 b      1098     1    18
  3.4460269675801142E-01 b      1099     1    19
  1.2547921189770923E+00 b      1100     1    20
 -5.7582408617470260E-01 a      1101     1     1     2     1
 -3.3758489779300693E-01 a      1102     1     1     2     2
  1.6498640667167299E-02 a      1103     1     1     2     3
 -2.0366166237242977E-01 a      1104     1     1     2     4
 -2.3390915933735137E-01 a      1105     1     1     2     5
  2.8829308837791034E-01 a      1106     1     1     2     6
  4.8532664045234147E-01 a      1107     1     1     2     7
  2.6950495909764421E-02 a      1108     1     1     2     8
 -6.4385317962394750E-01 a      1109     1     1     2     9
 -1.2222227071241905E-01 a      1110     1     1     2    10
 -6.8530591207774966E-02 a      1111     1     1     2    11
 -5.1937254898093477E-01 a      1112     1     1     2    12
  7.3182204553850727E-01 a      1113     1     1     2    13
  6.5989165612807399E-01 a      1114     1     1     2    14
  5.0273828026214029E-01 a      1115     1     1     2    15
  2.4088751663328156E-01 a      1116     1     1     2    16
 -4.3010588361087237E-01 a      1117     1     1     2    17
  3.6547023978295246E-01 a      1118     1     1     2    18
  2.2418171769738088E-01 a      1119     1     1     2    19
  5.9779900731977635E-02 a      1120     1     1     2    20
  1.6646849381885120E-01 a      1121     1     2     2     1
  3.6703063850643680E-01 a      1122     1     2     2     2
  8.2036907244023780E-03 a      1123     1     2     2     3
 -5.0694252864190648E-01 a      1124     1     2     2     4
 -5.9682470174791002E-01 a      1125     1     2     2     5
  5.3454991165900723E-01 a      1126     1     2     2     6
 -4.2128402511655527E-01 a      1127     1     2     2     7
 -4.1313952691172456E-01 a      1128     1     2     2     8
  1.4460302794575965E-02 a      1129     1     2     2     9
 -1.2837355533372805E-01 a      1130     1     2     2    10
 -5.5681848432558056E-01 a      1131     1     2     2    11
  6.2740449257156672E-01 a      1132     1     2     2    12
  3.5273358105953743E-02 a      1133     1     2     2    13
  4.4336638932146760E-01 a      1134     1     2     2    14
 -6.9701842034944669E-03 a      1135     1     2     2    15
 -5.0265153752703251E-01 a      1136     1     2     2    16
  2.4765110952135957E-01 a      1137     1     2     2    17
 -4.0228522336352927E-02 a      1138     1     2     2    18
 -1.5366039915054852E-01 a      1139     1     2     2    19
  1.4830921184840215E-01 a      1140     1     2     2    20
 -1.9875492522071100E-01 a      1141     1     3     2     1
 -4.9418783402029609E-01 a      1142     1     3     2     2
  3.7095179005688639E-01 a      1143     1     3     2     3
  6.4982200627972020E-01 a      1144     1     3     2     4
 -4.0932143242625435E-01 a      1145     1     3     2     5
 -1.5166745736888171E-01 a      1146     1     3     2     6
  2.6298749522868375E-01 a      1147     1     3     2     7
 -1.5969902144928463E-01 a      1148     1     3     2     8
  1.3465128577063629E-01 a      1149     1     3     2     9
  1.3094126246187873E-01 a      1150     1     3     2    10
  6.2545365950186990E-02 a      1151     1     3     2    11
 -2.0399824365325969E-01 a      1152     1     3     2    12
 -1.7397737465631202E-01 a      1153     1     3     2    13
  2.1871593069442782E-01 a      1154     1     3     2    14
  5.2624633685543887E-01 a      1155     1     3     2    15
  2.9553606192188575E-01 a      1156     1     3     2    16
  7.3000777119378593E-02 a      1157     1     3     2    17
  3.6746572355515705E-01 a      1158     1     3     2    18
 -1.4947891100618549E-01 a      1159     1     3     2    19
  4.6668994315041207E-01 a      1160     1     3     2    20
  2.3620336703714143E-01 a      1161     1     4     2     1
  3.9460716682414437E-01 a      1162     1     4     2     2
  3.4171807698131051E-01 a      1163     1     4     2     3
  5.9488201620468151E-01 a      1164     1     4     2     4
  1.3202671895830326E-01 a      1165     1     4     2     5
  2.7120936619169794E-01 a      1166     1     4     2     6
  6.2220892883836400E-02 a      1167     1     4     2     7
 -1.4284556364518378E-01 a      1168     1     4     2     8
  1.8726996670209398E-01 a      1169     1     4     2     9
  4.7668787341336588E-01 a      1170     1     4     2    10
 -2.7021586456626190E-01 a      1171     1     4     2    11
  4.6319781555299366E-01 a      1172     1     4     2    12
 -8.9098957312495675E-01 a      1173     1     4     2    13
 -2.2691574000939421E-01 a      1174     1     4     2    14
  4.2473370628805995E-01 a      1175     1     4     2    15
  2.7178786470409833E-01 a      1176     1     4     2    16
  3.5527339643783418E-01 a      1177     1     4     2    17
  1.6880959245760049E-01 a      1178     1     4     2    18
 -1.6450811597799506E-01 a      1179     1     4     2    19
 -3.8254042212732697E-01 a      1180     1     4     2    20
 -3.4875054543563855E-01 a      1181     1     5     2     1
 -1.0543620525051650E-01 a      1182     1     5     2     2
  5.4488467693119114E-01 a      1183     1     5     2     3
  4.8961885099752805E-01 a      1184     1     5     2     4
 -3.6847106293717113E-01 a      1185     1     5     2     5
  4.9258217592442044E-01 a      1186     1     5     2     6
  2.2717290102415469E-01 a      1187     1     5     2     7
 -4.6357138444818931E-02 a      1188     1     5     2     8
 -6.8689553874009024E-01 a      1189     1     5     2     9
  4.0681108915694142E-01 a      1190     1     5     2    10
 -1.5889443429138300E-01 a      1191     1     5     2    11
 -1.7805090647129035E-01 a      1192     1     5     2    12
 -4.0542267371545260E-01 a      1193     1     5     2    13
 -1.8154032690137137E-01 a      1194     1     5     2    14
  3.9780253377325042E-01 a      1195     1     5     2    15
  3.8149594417911367E-02 a      1196     1     5     2    16
 -8.2861487619090624E-02 a      1197     1     5     2    17
 -1.6983353625521536E-01 a      1198     1     5     2    18
 -5.2685905321701287E-01 a      1199     1     5     2    19
 -9.5204490602159117E-02 a      1200     1     5     2    20
  9.0390847380300088E-01 a      1201     1     6     2     1
  9.3776514060204028E-02 a      1202     1     6     2     2
  5.2560076939287348E-01 a      1203     1     6     2     3
 -3.4320039109749190E-01 a      1204     1     6     2     4
 -7.7935208062256860E-03 a      1205     1     6     2     5
 -7.7377569008322555E-01 a      1206     1     6     2     6
 -5.9524131558776472E-01 a      1207     1     6     2     7
  4.4968963954274194E-01 a      1208     1     6     2     8
  1.2219453155334298E-01 a      1209     1     6     2     9
 -4.6785347062553490E-01 a      1210     1     6     2    10
  2.9072031371830276E-01 a      1211     1     6     2    11
  1.6615419507227250E-01 a      1212     1     6     2    12
 -2.7168613684629700E-01 a      1213     1     6     2    13
  3.7185186540135623E-01 a      1214     1     6     2    14
  1.6550961372835987E-01 a      1215     1     6     2    15
  5.6513344727836978E-01 a      1216     1     6     2    16
  2.9159574542045946E-01 a      1217     1     6     2    17
  9.0291736726842972E-02 a      1218     1     6     2    18
 -1.8159616900644512E-01 a      1219     1     6     2    19
 -3.7364182054619588E-01 a      1220     1     6     2    20
 -5.1264833319321212E-01 a      1221     1     7     2     1
  4.3702460577344721E-01 a      1222     1     7     2     2
  6.5633343620807794E-01 a      1223     1     7     2     3
  4.1074253818242451E-01 a      1224     1     7     2     4
 -1.9636356090348436E-01 a      1225     1     7     2     5
 -2.3001230076621546E-01 a      1226     1     7     2     6
 -1.2923362500157699E-02 a      1227     1     7     2     7
  5.5300419707118312E-02 a      1228     1     7     2     8
 -5.2932160629855518E-01 a      1229     1     7     2     9
  6.1080432204918933E-02 a      1230     1     7     2    10
  4.8067049526708422E-01 a      1231     1     7     2    11
  3.0542155785925174E-01 a      1232     1     7     2    12
 -1.9060766403905849E-01 a      1233     1     7     2    13
 -2.0787780415309343E-01 a      1234     1     7     2    14
  5.3426427976403035E-01 a      1235     1     7     2    15
  4.6510156878189773E-01 a      1236     1     7     2    16
  2.2542320057028450E-01 a      1237     1     7     2    17
  2.1439838953919207E-01 a      1238     1     7     2    18
  6.0318585699074412E-01 a      1239     1     7     2    19
  4.7833831064204296E-01 a      1240     1     7     2    20
 -1.6347962236920126E-02 a      1241     1     8     2     1
  4.0849781590136920E-02 a      1242     1     8     2     2
 -3.3866190278397773E-01 a      1243     1     8     2     3
 -1.9490489660908827E-01 a      1244     1     8     2     4
  3.8641630070472638E-01 a      1245     1     8     2     5
 -3.5181062413774900E-01 a      1246     1     8     2     6
 -2.1945543766160505E-01 a      1247     1     8     2     7
  6.2975736266408733E-01 a      1248     1     8     2     8
  2.7588306183084177E-01 a      1249     1     8     2     9
 -2.2036657889023337E-01 a      1250     1     8     2    10
 -2.2866085735036648E-01 a      1251     1     8     2    11
 -1.4572369509572403E-01 a      1252     1     8     2    12
  2.0766639175636109E-01 a      1253     1     8     2    13
 -3.1898849521043071E-01 a      1254     1     8     2    14
 -5.2979719616467602E-01 a      1255     1     8     2    15
  1.8001283781013658E-01 a      1256     1     8     2    16
 -2.3363466289628121E-01 a      1257     1     8     2    17
 -1.5371477951648635E-01 a      1258     1     8     2    18
  2.6368895655810021E-01 a      1259     1     8     2    19
  7.0336733116142566E-02 a      1260     1     8     2    20
  3.2460920007900318E-01 a      1261     1     9     2     1
 -1.6100841820733375E-01 a      1262     1     9     2     2
  3.7537628021080194E-01 a      1263     1     9     2     3
 -1.3134592627955730E-01 a      1264     1     9     2     4
 -1.5379048198527943E-02 a      1265     1     9     2     5
  8.7125277281408497E-01 a      1266     1     9     2     6
 -4.5588143799768976E-01 a      1267     1     9     2     7
  3.0259490546773715E-01 a      1268     1     9     2     8
 -3.9957389550013012E-01 a      1269     1     9     2     9
 -5.4316069334091732E-01 a      1270     1     9     2    10
 -8.8790861549492311E-02 a      1271     1     9     2    11
 -2.9840378639624432E-01 a      1272     1     9     2    12
 -6.7835597994433983E-01 a      1273     1     9     2    13
 -8.8536877342636475E-02 a      1274     1     9     2    14
 -2.6371653083052682E-01 a      1275     1     9     2    15
 -3.4318201493739026E-01 a      1276     1     9     2    16
 -1.3397866436490405E-01 a      1277     1     9     2    17
 -7.4588114842416037E-02 a      1278     1     9     2    18
 -6.7836695595554608E-01 a      1279     1     9     2    19
 -5.2985083847206960E-01 a      1280     1     9     2    20
 -3.2855993103173259E-01 a      1281     1    10     2     1
  2.3230719444162234E-01 a      1282     1    10     2     2
  5.6745592042795034E-01 a      1283     1    10     2     3
 -4.1546042505500130E-01 a      1284     1    10     2     4
 -3.5079004784654472E-01 a      1285     1    10     2     5
 -1.5223199267646115E-02 a      1286     1    10     2     6
 -4.3645931836639057E-01 a      1287     1    10     2     7
  1.4879923025252362E-01 a      1288     1    10     2     8
 -2.1338516085697559E-01 a      1289     1    10     2     9
  5.3763877267326426E-02 a      1290     1    10     2    10
  1.3006883606976311E-01 a      1291     1    10     2    11
 -3.5258405048508586E-02 a      1292     1    10     2    12
 -4.1184152620424364E-01 a      1293     1    10     2    13
 -3.7235031714031919E-01 a      1294     1    10     2    14
  2.9339123244167425E-01 a      1295     1    10     2    15
 -3.3704918735628042E-01 a      1296     1    10     2    16
 -2.0816215755922790E-01 a      1297     1    10     2    17
 -9.2626760225946944E-02 a      1298     1    10     2    18
 -1.9507564041927031E-01 a      1299     1    10     2    19
 -1.4881704752453673E-01 a      1300     1    10     2    20
  6.4541988730773769E-01 a      1301     1    11     2     1
 -7.7864704548146513E-01 a      1302     1    11     2     2
  2.4927543029448340E-01 a      1303     1    11     2     3
  4.3099691618660246E-01 a      1304     1    11     2     4
  5.1938828590632746E-01 a      1305     1    11     2     5
  1.7369894403008618E-01 a      1306     1    11     2     6
  1.2545892738740430E-01 a      1307     1    11     2     7
 -3.1231882057614646E-01 a      1308     1    11     2     8
 -7.6754052286778995E-01 a      1309     1    11     2     9
 -9.5535977180195527E-04 a      1310     1    11     2    10
  2.7403743556060600E-01 a      1311     1    11     2    11
  3.1448324918378062E-01 a      1312     1    11     2    12
  5.8234826513430726E-01 a      1313     1    11     2    13
 -2.3185344013139274E-02 a      1314     1    11     2    14
 -1.1825470700044145E-01 a      1315     1    11     2    15
  3.2401212540026753E-01 a      1316     1    11     2    16
 -2.1755421959730148E-01 a      1317     1    11     2    17
 -3.2068407792266307E-01 a      1318     1    11     2    18
 -5.5252263460113749E-01 a      1319     1    11     2    19
  6.0892109945540529E-01 a      1320     1    11     2    20
 -2.9827399920059700E-01 a      1321     1    12     2     1
  4.2689724533474915E-01 a      1322     1    12     2     2
 -3.2061210165818416E-01 a      1323     1    12     2     3
  6.1912211588365329E-01 a      1324     1    12     2     4
  3.3476289262741454E-01 a      1325     1    12     2     5
 -3.0764725635906509E-01 a      1326     1    12     2     6
 -1.1713059323773202E-02 a      1327     1    12     2     7
  5.0439003048081033E-01 a      1328     1    12     2     8
 -5.2282424373469041E-02 a      1329     1    12     2     9
 -4.6250388828916472E-01 a      1330     1    12     2    10
  7.7661220314740820E-02 a      1331     1    12     2    11
  5.0097489291061847E-01 a      1332     1    12     2    12
  4.2772535986047111E-01 a      1333     1    12     2    13
  1.5203673503171244E-01 a      1334     1    12     2    14
 -5.3315182030449382E-01 a      1335     1    12     2    15
 -3.2410681748754239E-01 a      1336     1    12     2    16
  5.2242436594760133E-01 a      1337     1    12     2    17
 -3.2601390084275378E-01 a      1338     1    12     2    18
  4.3539568066195039E-01 a      1339     1    12     2    19
  4.3304516058059223E-01 a      1340     1    12     2    20
  1.3482477223455461E-01 a      1341     1    13     2     1
 -5.9996707633489310E-01 a      1342     1    13     2     2
  7.9532974953754765E-01 a      1343     1    13     2     3
  6.7164343982114882E-01 a      1344     1    13     2     4
 -1.1689529180343128E-01 a      1345     1    13     2     5
 -1.9866855875289580E-01 a      1346     1    13     2     6
  2.4273274915538340E-01 a      1347     1    13     2     7
  6.8620456781163575E-01 a      1348     1    13     2     8
 -4.8768606788547131E-01 a      1349     1    13     2     9
 -3.1210445583385327E-01 a      1350     1    13     2    10
  3.2963864898111023E-01 a      1351     1    13     2    11
  2.9323651249090726E-01 a      1352     1    13     2    12
  8.0115087851139424E-02 a      1353     1    13     2    13
  2.3886669058327334E-01 a      1354     1    13     2    14
  2.5238011962099544E-01 a      1355     1    13     2    15
 -5.4602852327173612E-01 a      1356     1    13     2    16
 -2.1466233323532927E-02 a      1357     1    13     2    17
 -2.5612051124172613E-01 a      1358     1    13     2    18
  5.3864727159461979E-02 a      1359     1    13     2    19
 -1.7853398218790997E-01 a      1360     1    13     2    20
  6.8313094156603882E-01 a      1361     1    14     2     1
 -5.6711709485605888E-01 a      1362     1    14     2     2
  2.2278799638412114E-01 a      1363     1    14     2     3
  1.2555988226673914E-01 a      1364     1    14     2     4
  2.6026826640461215E-01 a      1365     1    14     2     5
 -7.3559771332136303E-01 a      1366     1    14     2     6
 -6.6026853616534809E-01 a      1367     1    14     2     7
 -3.2727756560618948E-01 a      1368     1    14     2     8
  5.6630264900930882E-01 a      1369     1    14     2     9
 -4.1180815227816203E-01 a      1370     1    14     2    10
  6.7149113450581244E-01 a      1371     1    14     2    11
 -3.0379572759029644E-01 a      1372     1    14     2    12
  3.1719537507402695E-01 a      1373     1    14     2    13
  9.6520197130922983E-02 a      1374     1    14     2    14
 -2.7091711812259645E-01 a      1375     1    14     2    15
 -3.0826979970184082E-01 a      1376     1    14     2    16
 -2.5583862262958768E-01 a      1377     1    14     2    17
  9.4067460118915258E-01 a      1378     1    14     2    18
 -3.0271708014748983E-01 a      1379     1    14     2    19
  5.1617885181775187E-02 a      1380     1    14     2    20
  5.3733322067012856E-01 a      1381     1    15     2     1
 -1.7607810283387071E-01 a      1382     1    15     2     2
 -2.2202233796822460E-03 a      1383     1    15     2     3
  2.4670694683944885E-01 a      1384     1    15     2     4
 -5.0641185570564828E-01 a      1385     1    15     2     5
  3.0275845310053123E-01 a      1386     1    15     2     6
 -3.5384540554324917E-01 a      1387     1    15     2     7
  5.4595101935560364E-01 a      1388     1    15     2     8
  7.7404891588592317E-01 a      1389     1    15     2     9
 -5.1252139332555902E-01 a      1390     1    15     2    10
 -7.1690983824689122E-02 a      1391     1    15     2    11
  1.5097360937768026E-01 a      1392     1    15     2    12
  6.4021171144717848E-01 a      1393     1    15     2    13
  5.8470961828331292E-01 a      1394     1    15     2    14
  2.3966922813426489E-01 a      1395     1    15     2    15
 -5.2309777451109130E-01 a      1396     1    15     2    16
 -2.0264892176405044E-01 a      1397     1    15     2    17
  3.1636645648116429E-01 a      1398     1    15     2    18
 -4.1220595587236758E-02 a      1399     1    15     2    19
  8.0042663577807052E-02 a      1400     1    15     2    20
 -2.4896135775955886E-02 a      1401     1    16     2     1
 -1.9108331197137335E-01 a      1402     1    16     2     2
  2.4975905057643719E-01 a      1403     1    16     2     3
  1.0219235542187725E-01 a      1404     1    16     2     4
  1.4197898587273505E-01 a      1405     1    16     2     5
 -3.1990040936540060E-01 a      1406     1    16     2     6
  2.6576371761411638E-01 a      1407     1    16     2     7
  4.2974048115014857E-01 a      1408     1    16     2     8
  2.7302418579242793E-01 a      1409     1    16     2     9
 -2.2336107458644016E-02 a      1410     1    16     2    10
 -1.7828633851196513E-02 a      1411     1    16     2    11
  5.4358600390626288E-01 a      1412     1    16     2    12
 -3.6390630707813532E-01 a      1413     1    16     2    13
 -3.4258466547565231E-01 a      1414     1    16     2    14
 -1.5964132444507151E-01 a      1415     1    16     2    15
  4.6098855369953196E-01 a      1416     1    16     2    16
 -1.3139227517325577E-01 a      1417     1    16     2    17
  2.1610052591566747E-01 a      1418     1    16     2    18
  6.0691096063393249E-02 a      1419     1    16     2    19
  3.6081982830545624E-02 a      1420     1    16     2    20
 -4.6830103698209634E-02 a      1421     1    17     2     1
 -3.8587126215909540E-01 a      1422     1    17     2     2
 -2.8553764355953259E-01 a      1423     1    17     2     3
 -1.2362155446458144E-01 a      1424     1    17     2     4
 -5.4702794737896443E-01 a      1425     1    17     2     5
 -6.6073810142199707E-01 a      1426     1    17     2     6
  2.1400238613961742E-01 a      1427     1    17     2     7
  7.9236659436039580E-01 a      1428     1    17     2     8
 -7.8400596577895543E-01 a      1429     1    17     2     9
  2.0129443894687632E-01 a      1430     1    17     2    10
  3.0311960548083744E-01 a      1431     1    17     2    11
  4.5087122515912026E-01 a      1432     1    17     2    12
  4.2200527427074619E-01 a      1433     1    17     2    13
 -2.5748855696179873E-01 a      1434     1    17     2    14
 -1.4182423850651416E-01 a      1435     1    17     2    15
  1.2195377856822255E-01 a      1436     1    17     2    16
 -8.6484088659900593E-01 a      1437     1    17     2    17
 -5.8830294722589815E-01 a      1438     1    17     2    18
  1.6336216414653945E-01 a      1439     1    17     2    19
  5.1446223854952622E-01 a      1440     1    17     2    20
 -6.2863347818470550E-01 a      1441     1    18     2     1
 -6.2362146787232331E-01 a      1442     1    18     2     2
  5.3702417830830872E-02 a      1443     1    18     2     3
  8.8740592426523962E-02 a      1444     1    18     2     4
  4.5427822502404469E-01 a      1445     1    18     2     5
  1.6349463713116671E-01 a      1446     1    18     2     6
  2.5118364108236735E-01 a      1447     1    18     2     7
 -1.6429081225037762E-01 a      1448     1    18     2     8
 -2.5571860841786415E-01 a      1449     1    18     2     9
  5.1699575363010830E-01 a      1450     1    18     2    10
 -4.4122965394269698E-01 a      1451     1    18     2    11
  9.0593122294436157E-01 a      1452     1    18     2    12
 -4.1621232416013099E-01 a      1453     1    18     2    13
 -3.5371505545270143E-01 a      1454     1    18     2    14
  9.5651055355270964E-02 a      1455     1    18     2    15
  2.8976407689018607E-01 a      1456     1    18     2    16
 -7.1422741177933166E-02 a      1457     1    18     2    17
 -7.4080651716950452E-01 a      1458     1    18     2    18
  1.5790052348845912E-01 a      1459     1    18     2    19
  4.8065026232466063E-01 a      1460     1    18     2    20
  4.5545016589821413E-01 a      1461     1    19     2     1
  4.3237357931030168E-01 a      1462     1    19     2     2
 -5.4814552140686357E-01 a      1463     1    19     2     3
  1.2952532123305773E-02 a      1464     1    19     2     4
  6.0195991046140380E-02 a      1465     1    19     2     5
 -4.6048198339221830E-01 a      1466     1    19     2     6
  2.6824080374498532E-01 a      1467     1    19     2     7
  5.4852771455422455E-01 a      1468     1    19     2     8
 -8.0585566517541951E-01 a      1469     1    19     2     9
  2.0338417348086213E-01 a      1470     1    19     2    10
 -2.8451304815992107E-01 a      1471     1    19     2    11
 -4.8473496389814058E-01 a      1472     1    19     2    12
  1.5172299971417735E-01 a      1473     1    19     2    13
  1.3128655652758281E-01 a      1474     1    19     2    14
 -1.8853521134850401E-01 a      1475     1    19     2    15
  5.9348715159679732E-01 a      1476     1    19     2    16
  2.9378497895042760E-01 a      1477     1    19     2    17
 -3.7927925913275568E-01 a      1478     1    19     2    18
  4.6472410868184343E-02 a      1479     1    19     2    19
 -1.0683400236397760E-01 a      1480     1    19     2    20
  5.9892358793280530E-03 a      1481     1    20     2     1
  1.4678109099136549E-01 a      1482     1    20     2     2
 -6.4149139074082345E-02 a      1483     1    20     2     3
  1.5897178767642692E-01 a      1484     1    20     2     4
  2.9049351651183331E-01 a      1485     1    20     2     5
 -6.8527664419764756E-01 a      1486     1    20     2     6
 -4.3618720360300006E-01 a      1487     1    20     2     7
  1.6579823324227164E-01 a      1488     1    20     2     8
 -5.4746531078920557E-01 a      1489     1    20     2     9
 -1.7063923098526066E-03 a      1490     1    20     2    10
  5.8079076340839142E-01 a      1491     1    20     2    11
  5.3430954380933815E-01 a      1492     1    20     2    12
 -1.3516172192013157E-01 a      1493     1    20     2    13
 -1.4616951097833422E-01 a      1494     1    20     2    14
 -1.2925172096580864E-01 a      1495     1    20     2    15
  5.3341673418996161E-01 a      1496     1    20     2    16
 -1.2440131186625452E+00 a      1497     1    20     2    17
 -7.1573341723863937E-01 a      1498     1    20     2    18
 -7.6335473481871183E-02 a      1499     1    20     2    19
 -1.2194727151542513E-01 a      1500     1    20     2    20
  8.2135433740313235E-02 b      1501     2     1
  6.3268177819295579E-01 b      1502     2     2
 -1.3031578472364957E-01 b      1503     2     3
 -4.6973943899988313E-01 b      1504     2     4
 -6.6941588444899580E-01 b      1505     2     5
  6.0103130640575253E-01 b      1506     2     6
  1.2958723702024613E+00 b      1507     2     7
 -1.4306096992767277E+00 b      1508     2     8
  2.0493272660008127E-01 b      1509     2     9
  6.3442860479290292E-02 b      1510     2    10
 -8.8423512301135920E-01 b      1511     2    11
 -1.1726977415465247E+00 b      1512     2    12
  5.0318147951745507E-01 b      1513     2    13
 -1.0185746474957282E+00 b      1514     2    14
 -4.8704431939071968E-01 b      1515     2    15
  1.6768481072102484E+00 b      1516     2    16
  1.6710187217459452E-01 b      1517     2    17
 -7.5484195489729822E-01 b      1518     2    18
  1.3685974975299678E-01 b      1519     2    19
 -8.0475034756964781E-01 b      1520     2    20
 -4.7273861981533905E-01 a      1521     2     1     3     1
 -1.8638645934542788E+00 a      1522     2     2     3     1
  3.0636063297111776E-01 a      1523     2     3     3     1
  2.1775778074141061E+00 a      1524     2     4     3     1
  1.3027552346562292E+00 a      1525     2     5     3     1
 -9.2978738354493246E-02 a      1526     2     6     3     1
 -4.3923185846655449E-01 a      1527     2     7     3     1
  1.9840788242771137E-01 a      1528     2     8     3     1
 -1.1287469084240348E-01 a      1529     2     9     3     1
  6.6970382006881746E-01 a      1530     2    10     3     1
  1.3960273759657589E+00 a      1531     2    11     3     1
  5.4809989037030848E-01 a      1532     2    12     3     1
  1.7925971356032461E-01 a      1533     2    13     3     1
  3.6865635298273214E-01 a      1534     2    14     3     1
 -6.8127487590146629E-01 a      1535     2    15     3     1
 -8.5168392562388173E-01 a      1536     2    16     3     1
  1.8240646099591402E+00 a      1537     2    17     3     1
  8.7126900153741083E-01 a      1538     2    18     3     1
 -3.6469594226987151E-01 a      1539     2    19     3     1
  2.6348839121865444E+00 a      1540     2    20     3     1
 -2.2963733899770418E+00 b      1541     3     1
