################################################################################
# Neural network connection values (weights and biases).
################################################################################
# Col  Name       Description
################################################################################
# 1    connection Neural network connection value.
# 2    t          Connection type (a = weight, b = bias).
# 3    index      Index enumerating weights.
# 4    l_s        Starting point layer (end point layer for biases).
# 5    n_s        Starting point neuron in starting layer (end point neuron for biases).
# 6    l_e        End point layer.
# 7    n_e        End point neuron in end layer.
################################################################################
#                      1 2         3     4     5     6     7
#             connection t     index   l_s   n_s   l_e   n_e
############################################################
 -4.1758178275888658E-01 a         1     0     1     1     1
  4.8944120636060662E-01 a         2     0     1     1     2
  1.6184543669866300E-01 a         3     0     1     1     3
 -1.9381044616162041E-01 a         4     0     1     1     4
 -5.3529735028056948E-02 a         5     0     1     1     5
 -2.2974483469301345E-02 a         6     0     1     1     6
  1.5987225169896971E-01 a         7     0     1     1     7
 -7.6295479562914081E-01 a         8     0     1     1     8
 -1.6640502045477124E-01 a         9     0     1     1     9
 -1.3233485082614768E-01 a        10     0     1     1    10
  1.3467492633380176E-01 a        11     0     1     1    11
 -2.4080798374127907E-01 a        12     0     1     1    12
 -3.6322018026964241E-02 a        13     0     1     1    13
  3.6982775117001443E-01 a        14     0     1     1    14
 -1.7815175678947884E-01 a        15     0     1     1    15
 -3.5627564070897300E-01 a        16     0     1     1    16
 -8.7982620708299908E-01 a        17     0     1     1    17
 -1.4141908202717535E-01 a        18     0     1     1    18
  1.9784679735840099E-01 a        19     0     1     1    19
 -1.8808592798362858E-01 a        20     0     1     1    20
 -2.0552911766887508E-02 a        21     0     2     1     1
 -5.4194114660163523E-02 a        22     0     2     1     2
 -2.5074242843147171E-01 a        23     0     2     1     3
  6.6190450445552926E-02 a        24     0     2     1     4
  1.1777694501875821E-01 a        25     0     2     1     5
 -3.0783175305890177E-02 a        26     0     2     1     6
 -8.6190477043381564E-02 a        27     0     2     1     7
  2.5343448901810234E-01 a        28     0     2     1     8
 -3.2705531110566138E-01 a        29     0     2     1     9
 -1.3351051824585303E-01 a        30     0     2     1    10
  1.4983175839565971E-01 a        31     0     2     1    11
  9.8824805301545460E-03 a        32     0     2     1    12
 -2.1899828284975018E-01 a        33     0     2     1    13
  1.0288235216377946E-01 a        34     0     2     1    14
 -9.4659460042376992E-02 a        35     0     2     1    15
 -6.2779082110445167E-02 a        36     0     2     1    16
 -1.6579261550574356E-01 a        37     0     2     1    17
  5.1655683615528906E-02 a        38     0     2     1    18
 -1.7506455036172949E-01 a        39     0     2     1    19
 -1.5344579111488996E-01 a        40     0     2     1    20
  1.5994723954776990E-01 a        41     0     3     1     1
 -1.2940070604411238E-01 a        42     0     3     1     2
 -1.1014171873751971E-01 a        43     0     3     1     3
  2.8556045781097128E-01 a        44     0     3     1     4
 -3.9985742446545869E-03 a        45     0     3     1     5
  2.1298298012724076E-01 a        46     0     3     1     6
 -5.8525451014972363E-02 a        47     0     3     1     7
  1.0572448044765269E-01 a        48     0     3     1     8
  6.8874091800081960E-01 a        49     0     3     1     9
  1.5256959379808224E-01 a        50     0     3     1    10
  4.5892499832174513E-02 a        51     0     3     1    11
 -2.1672324390735350E-02 a        52     0     3     1    12
 -2.1620440893848025E-02 a        53     0     3     1    13
 -6.0825300647373452E-02 a        54     0     3     1    14
 -1.0741787504731524E-01 a        55     0     3     1    15
  1.2114685902441541E-01 a        56     0     3     1    16
 -3.1469512691923433E-02 a        57     0     3     1    17
  4.2815113306901043E-01 a        58     0     3     1    18
 -1.4972697356301983E-02 a        59     0     3     1    19
  1.0180528045346818E-01 a        60     0     3     1    20
  3.8735233636098065E-01 a        61     0     4     1     1
 -4.1539715305782832E-01 a        62     0     4     1     2
 -8.6021339539976160E-01 a        63     0     4     1     3
  8.4702951453628761E-01 a        64     0     4     1     4
  1.4867747319464331E-01 a        65     0     4     1     5
  3.7254802275642823E-01 a        66     0     4     1     6
  2.7008560353519245E-01 a        67     0     4     1     7
  1.0519457694149761E+00 a        68     0     4     1     8
  3.9642197150440278E-01 a        69     0     4     1     9
  3.6860165021291763E-01 a        70     0     4     1    10
 -9.3837090673331036E-01 a        71     0     4     1    11
  1.0899420606316277E+00 a        72     0     4     1    12
 -6.0889102402827000E-01 a        73     0     4     1    13
  4.4368371681413249E-01 a        74     0     4     1    14
  9.7256668997601908E-02 a        75     0     4     1    15
  4.3260466350794519E-01 a        76     0     4     1    16
  6.3428745969115530E-01 a        77     0     4     1    17
  1.2336125981311459E-01 a        78     0     4     1    18
  2.8782762623170971E-01 a        79     0     4     1    19
  9.9611194763636779E-01 a        80     0     4     1    20
 -9.8731291251509812E-02 a        81     0     5     1     1
  1.5405210345617770E-01 a        82     0     5     1     2
  4.1736665649714305E-01 a        83     0     5     1     3
 -1.9953499037675604E-01 a        84     0     5     1     4
  2.1653782485363351E-01 a        85     0     5     1     5
  1.3080400560573147E-01 a        86     0     5     1     6
  3.2197355928583787E-01 a        87     0     5     1     7
 -4.1547418588273777E-01 a        88     0     5     1     8
  1.1212681622238643E+00 a        89     0     5     1     9
  2.2509565930231248E-01 a        90     0     5     1    10
 -2.1099943411178448E-01 a        91     0     5     1    11
 -1.5016952733303482E-01 a        92     0     5     1    12
  2.7750312722846177E-01 a        93     0     5     1    13
  1.4368988025346058E-01 a        94     0     5     1    14
  2.5222677786490350E-01 a        95     0     5     1    15
  1.6860169264742961E-01 a        96     0     5     1    16
  4.2074722190043923E-01 a        97     0     5     1    17
 -3.1467888702002622E-01 a        98     0     5     1    18
  2.8208935943229918E-01 a        99     0     5     1    19
  2.3658610888505516E-01 a       100     0     5     1    20
 -3.9967527594959218E-01 a       101     0     6     1     1
  7.9271284118079724E-02 a       102     0     6     1     2
  7.4185544335623421E-01 a       103     0     6     1     3
  3.6647616034086526E-02 a       104     0     6     1     4
 -6.4001411775810002E-01 a       105     0     6     1     5
 -3.4235141350687187E-01 a       106     0     6     1     6
  5.8682782183591731E-01 a       107     0     6     1     7
 -7.0753947202398981E-01 a       108     0     6     1     8
 -7.9213092222504200E-01 a       109     0     6     1     9
  1.5378655663861010E-01 a       110     0     6     1    10
 -5.7738802932703603E-01 a       111     0     6     1    11
  6.0551922930846613E-01 a       112     0     6     1    12
 -6.6666484576550944E-01 a       113     0     6     1    13
  3.5170198488637125E-03 a       114     0     6     1    14
 -3.3571389620985603E-01 a       115     0     6     1    15
 -2.0388832262155884E-01 a       116     0     6     1    16
 -9.7634645617674043E-01 a       117     0     6     1    17
 -8.4357914258511846E-01 a       118     0     6     1    18
 -3.7406947287550690E-01 a       119     0     6     1    19
 -2.7781918598236344E-01 a       120     0     6     1    20
 -4.5405677751075074E-01 a       121     0     7     1     1
  3.5132493772396273E-01 a       122     0     7     1     2
 -7.7061083321899301E-02 a       123     0     7     1     3
  3.0632529988325141E-01 a       124     0     7     1     4
  1.5987658181140110E-01 a       125     0     7     1     5
 -3.9591011839862367E-01 a       126     0     7     1     6
 -1.4153851946655410E-01 a       127     0     7     1     7
 -4.3866029335608597E-01 a       128     0     7     1     8
  1.2499894561508249E-01 a       129     0     7     1     9
  4.3462749078284896E-01 a       130     0     7     1    10
  4.1077271898903846E-02 a       131     0     7     1    11
 -3.2001629607990695E-01 a       132     0     7     1    12
 -6.2194439278428737E-01 a       133     0     7     1    13
 -1.6909250665086525E-01 a       134     0     7     1    14
 -4.1381365051802660E-01 a       135     0     7     1    15
  1.2597394936809395E-01 a       136     0     7     1    16
 -4.5969324929888239E-01 a       137     0     7     1    17
 -2.7686888599290138E-02 a       138     0     7     1    18
  4.1817912073244402E-02 a       139     0     7     1    19
  2.9822703620934232E-01 a       140     0     7     1    20
  1.5724039898500972E-01 a       141     0     8     1     1
  7.0208370437129811E-02 a       142     0     8     1     2
 -6.6259780725771142E-02 a       143     0     8     1     3
 -3.4227842740631059E-01 a       144     0     8     1     4
  3.4080900918032542E-01 a       145     0     8     1     5
  1.3882946944172419E-02 a       146     0     8     1     6
 -3.0891914207968463E-01 a       147     0     8     1     7
 -1.8316175058458001E-01 a       148     0     8     1     8
  1.4200931487076013E-01 a       149     0     8     1     9
 -7.4161480531606358E-02 a       150     0     8     1    10
  4.4052424127696432E-01 a       151     0     8     1    11
 -9.6191507873931492E-02 a       152     0     8     1    12
 -1.8730157328537663E-02 a       153     0     8     1    13
 -2.2183863737650589E-01 a       154     0     8     1    14
  7.1685496949125072E-02 a       155     0     8     1    15
  1.0956729917971229E-01 a       156     0     8     1    16
  1.8800979592299888E-01 a       157     0     8     1    17
  4.4372190464716660E-01 a       158     0     8     1    18
  1.4177710031717511E-01 a       159     0     8     1    19
 -4.8892281250638381E-02 a       160     0     8     1    20
  3.2790856041690097E-01 a       161     0     9     1     1
 -2.2787806621936643E-01 a       162     0     9     1     2
  7.0801295238974271E-01 a       163     0     9     1     3
 -3.2640529739364610E-01 a       164     0     9     1     4
 -6.2984933995366110E-01 a       165     0     9     1     5
  1.0853376741937977E-01 a       166     0     9     1     6
  5.2873992717678464E-01 a       167     0     9     1     7
  4.7087836751655093E-01 a       168     0     9     1     8
 -7.1466593216498175E-02 a       169     0     9     1     9
 -2.9987299023198100E-01 a       170     0     9     1    10
 -9.5149392066752922E-02 a       171     0     9     1    11
 -2.5245533921095736E-01 a       172     0     9     1    12
 -8.6906750955146528E-01 a       173     0     9     1    13
  5.1141068609485174E-01 a       174     0     9     1    14
 -4.9056605449183732E-01 a       175     0     9     1    15
 -2.7318955775753795E-01 a       176     0     9     1    16
 -7.2467798689401985E-01 a       177     0     9     1    17
 -4.0002029397760230E-01 a       178     0     9     1    18
  2.8338205485922113E-01 a       179     0     9     1    19
  3.8523944280556124E-02 a       180     0     9     1    20
  3.7605633338389226E-02 a       181     0    10     1     1
 -1.4593490220230981E-01 a       182     0    10     1     2
 -2.4726079205315715E-01 a       183     0    10     1     3
  4.5014748479100347E-01 a       184     0    10     1     4
 -2.0389215083300755E-01 a       185     0    10     1     5
  2.0949023451792828E-01 a       186     0    10     1     6
  2.3878761735463755E-01 a       187     0    10     1     7
  4.0788924344162886E-01 a       188     0    10     1     8
 -5.3371743251578607E-01 a       189     0    10     1     9
 -2.5410909274830085E-01 a       190     0    10     1    10
 -4.7006490802868117E-01 a       191     0    10     1    11
  3.5977830971557173E-01 a       192     0    10     1    12
 -1.2677017162858853E-01 a       193     0    10     1    13
  1.6313692871533661E-01 a       194     0    10     1    14
 -2.1023006288694863E-02 a       195     0    10     1    15
  2.6392260122913559E-02 a       196     0    10     1    16
  2.3368701590067950E-01 a       197     0    10     1    17
  1.7687933131116243E-01 a       198     0    10     1    18
  4.0295931462035506E-01 a       199     0    10     1    19
  4.7698737542412400E-01 a       200     0    10     1    20
  4.6623678924585810E-01 a       201     0    11     1     1
 -1.6181868555249959E-01 a       202     0    11     1     2
 -5.5564035845851756E-01 a       203     0    11     1     3
 -1.5528449274370957E-03 a       204     0    11     1     4
 -9.7396673486388474E-02 a       205     0    11     1     5
  3.2338857240296959E-01 a       206     0    11     1     6
 -4.8258533089621436E-01 a       207     0    11     1     7
  6.1040418602743218E-01 a       208     0    11     1     8
 -1.0633829423800396E+00 a       209     0    11     1     9
  3.1348553864866020E-02 a       210     0    11     1    10
 -3.1279479609966032E-01 a       211     0    11     1    11
  4.4364452305594222E-02 a       212     0    11     1    12
  2.9600118437744183E-01 a       213     0    11     1    13
  1.3330299322830885E-01 a       214     0    11     1    14
  1.2461873315651124E-01 a       215     0    11     1    15
 -1.8552331954368820E-01 a       216     0    11     1    16
 -9.6116685678050276E-02 a       217     0    11     1    17
  2.3729897789141457E-02 a       218     0    11     1    18
  1.4136308504217227E-01 a       219     0    11     1    19
 -5.9599436622164881E-01 a       220     0    11     1    20
  3.9590524345986572E-01 a       221     0    12     1     1
 -4.1222937541068361E-01 a       222     0    12     1     2
  3.5026124292816141E-01 a       223     0    12     1     3
  5.6653343048543880E-01 a       224     0    12     1     4
  1.5789423891456258E-01 a       225     0    12     1     5
  3.8015620511517401E-01 a       226     0    12     1     6
  2.3672403992271115E-01 a       227     0    12     1     7
 -2.0684668923639835E-01 a       228     0    12     1     8
  1.1702607419598537E-01 a       229     0    12     1     9
  3.2882650971441202E-01 a       230     0    12     1    10
  3.1237734248354254E-01 a       231     0    12     1    11
  8.7225779920347879E-01 a       232     0    12     1    12
 -3.9269042251339409E-01 a       233     0    12     1    13
  3.7880468612517360E-01 a       234     0    12     1    14
  3.5012148938992826E-01 a       235     0    12     1    15
 -1.7000500030305163E-02 a       236     0    12     1    16
  1.4668773779954583E-01 a       237     0    12     1    17
 -2.2301397280043719E-01 a       238     0    12     1    18
 -1.1400301775443494E-01 a       239     0    12     1    19
  8.3320527532544197E-01 a       240     0    12     1    20
 -3.3794611644576034E-01 a       241     0    13     1     1
  2.6767598350485311E-01 a       242     0    13     1     2
 -2.2518277629469771E-01 a       243     0    13     1     3
  9.3966997484544124E-02 a       244     0    13     1     4
  9.8844978777068909E-02 a       245     0    13     1     5
 -1.0957218741741090E-02 a       246     0    13     1     6
 -1.6701931446179888E-01 a       247     0    13     1     7
 -1.1462334198247831E-01 a       248     0    13     1     8
  4.5238975274249177E-01 a       249     0    13     1     9
  4.0684781076031962E-01 a       250     0    13     1    10
  9.7199982739141003E-02 a       251     0    13     1    11
  2.6405115897184320E-02 a       252     0    13     1    12
 -1.5996805670742012E-01 a       253     0    13     1    13
  4.1467476020051693E-02 a       254     0    13     1    14
  8.4016905332830211E-02 a       255     0    13     1    15
 -8.9670645893472220E-02 a       256     0    13     1    16
 -3.7199980119276133E-01 a       257     0    13     1    17
  1.0850051452275173E-02 a       258     0    13     1    18
 -2.0494749218810521E-01 a       259     0    13     1    19
  3.1713034135787349E-01 a       260     0    13     1    20
 -3.1745958686073716E-01 a       261     0    14     1     1
  2.2626626520732210E-01 a       262     0    14     1     2
  6.2010201748622995E-01 a       263     0    14     1     3
 -3.6603146578250856E-01 a       264     0    14     1     4
 -2.5291663458488867E-01 a       265     0    14     1     5
  2.2280654980923462E-01 a       266     0    14     1     6
  4.8434203970878853E-01 a       267     0    14     1     7
 -6.6819775214454025E-01 a       268     0    14     1     8
  1.1478008253430294E+00 a       269     0    14     1     9
  6.4321964847251589E-01 a       270     0    14     1    10
  1.5082952019809448E-01 a       271     0    14     1    11
 -1.0617193471418197E-01 a       272     0    14     1    12
  1.0059004110877918E+00 a       273     0    14     1    13
 -7.4229919773367181E-02 a       274     0    14     1    14
 -3.2187418904590898E-02 a       275     0    14     1    15
 -3.4119818128285367E-01 a       276     0    14     1    16
 -1.7016873306842989E-01 a       277     0    14     1    17
 -4.1575296886658170E-01 a       278     0    14     1    18
  4.6410473878227648E-01 a       279     0    14     1    19
  7.0455912096811938E-03 a       280     0    14     1    20
  8.5211746499605945E-02 a       281     0    15     1     1
  9.5574286895234728E-02 a       282     0    15     1     2
  4.6340739836910577E-01 a       283     0    15     1     3
 -4.9650527481100670E-01 a       284     0    15     1     4
 -7.5576775909018656E-01 a       285     0    15     1     5
 -5.7059056685010623E-01 a       286     0    15     1     6
  1.4992537818560711E-01 a       287     0    15     1     7
 -2.7999287005465373E-01 a       288     0    15     1     8
 -1.0321930673297057E+00 a       289     0    15     1     9
 -6.0830914942403419E-02 a       290     0    15     1    10
 -3.0889560599424565E-01 a       291     0    15     1    11
 -3.0447711788904860E-02 a       292     0    15     1    12
 -4.7520685628913534E-01 a       293     0    15     1    13
 -5.8776226457451430E-01 a       294     0    15     1    14
 -5.6313495728163576E-01 a       295     0    15     1    15
  2.0303440620515414E-01 a       296     0    15     1    16
  7.3939464828730941E-02 a       297     0    15     1    17
 -4.5879794270344437E-01 a       298     0    15     1    18
  2.8752086065304905E-01 a       299     0    15     1    19
 -1.0049620772586673E-01 a       300     0    15     1    20
 -4.0297537428927541E-02 a       301     0    16     1     1
 -1.1065790912502019E-01 a       302     0    16     1     2
 -4.0722662375624541E-01 a       303     0    16     1     3
  1.4089904704692488E-01 a       304     0    16     1     4
 -2.3382170129286103E-01 a       305     0    16     1     5
  2.0772560326320516E-01 a       306     0    16     1     6
  2.9433058639566217E-01 a       307     0    16     1     7
  2.2194174417358445E-03 a       308     0    16     1     8
 -2.1283099321129062E-01 a       309     0    16     1     9
 -8.7597023199551288E-02 a       310     0    16     1    10
 -3.6375774367814956E-01 a       311     0    16     1    11
  1.4978311975944972E-01 a       312     0    16     1    12
 -2.3303683792288518E-01 a       313     0    16     1    13
  3.6193121170427084E-01 a       314     0    16     1    14
 -8.1619775713639334E-02 a       315     0    16     1    15
 -1.2953925601399982E-01 a       316     0    16     1    16
  2.4502333850116359E-01 a       317     0    16     1    17
  1.8213192193064220E-01 a       318     0    16     1    18
  1.3129287584610114E-01 a       319     0    16     1    19
  1.8951052386013983E-01 a       320     0    16     1    20
  5.2729326449970715E-01 a       321     0    17     1     1
  1.4050216431907203E-01 a       322     0    17     1     2
 -8.6619553947927586E-01 a       323     0    17     1     3
 -2.0858989964822227E-02 a       324     0    17     1     4
 -5.6883252869577364E-02 a       325     0    17     1     5
 -1.5574080099963080E-03 a       326     0    17     1     6
 -4.0113034132359887E-01 a       327     0    17     1     7
  3.2117472534084757E-01 a       328     0    17     1     8
 -6.1172638185216366E-01 a       329     0    17     1     9
 -1.0948321679098156E+00 a       330     0    17     1    10
  3.6528677225108476E-02 a       331     0    17     1    11
 -2.5155627590108992E-01 a       332     0    17     1    12
 -1.4881926520599711E-01 a       333     0    17     1    13
 -4.3990136225624543E-01 a       334     0    17     1    14
  3.7241631405600323E-01 a       335     0    17     1    15
  2.7064112561833148E-01 a       336     0    17     1    16
 -4.1848314264436159E-01 a       337     0    17     1    17
  5.2516410577079065E-02 a       338     0    17     1    18
  1.0659864311178586E+00 a       339     0    17     1    19
 -9.5453295526294460E-02 a       340     0    17     1    20
 -1.6670715099996406E-02 a       341     0    18     1     1
 -4.4678292717539603E-01 a       342     0    18     1     2
  3.0301671723137663E-01 a       343     0    18     1     3
  2.0095468673401459E-01 a       344     0    18     1     4
  2.9821688179998740E-01 a       345     0    18     1     5
  2.8266723393317879E-02 a       346     0    18     1     6
  1.8934247803740695E-01 a       347     0    18     1     7
 -9.7495526045110179E-02 a       348     0    18     1     8
  2.0613304168572884E-02 a       349     0    18     1     9
 -2.1274641594280264E-02 a       350     0    18     1    10
 -2.8966735760589829E-01 a       351     0    18     1    11
  3.9230010444115976E-01 a       352     0    18     1    12
 -3.7734122059330855E-01 a       353     0    18     1    13
  3.9544476956813523E-01 a       354     0    18     1    14
 -1.7053725325492905E-01 a       355     0    18     1    15
 -5.5883350024941791E-01 a       356     0    18     1    16
  1.9102041401948347E-01 a       357     0    18     1    17
  1.6279378521051791E-01 a       358     0    18     1    18
 -4.1043284900542154E-01 a       359     0    18     1    19
 -8.7165519547157524E-02 a       360     0    18     1    20
 -2.8693066780334786E-02 a       361     0    19     1     1
  1.0686674977284571E-01 a       362     0    19     1     2
  2.5384687826564190E-01 a       363     0    19     1     3
  1.7734001892085860E-01 a       364     0    19     1     4
 -1.2048021601091587E-01 a       365     0    19     1     5
 -1.2659303754730275E-01 a       366     0    19     1     6
 -7.1491297356576500E-02 a       367     0    19     1     7
  4.1954831557532192E-02 a       368     0    19     1     8
 -1.0180164412776167E-01 a       369     0    19     1     9
  3.6755465164928347E-01 a       370     0    19     1    10
 -9.9968047809523689E-02 a       371     0    19     1    11
 -4.1056093361773668E-02 a       372     0    19     1    12
 -1.8727620362149341E-01 a       373     0    19     1    13
 -3.5509906519598580E-02 a       374     0    19     1    14
  1.0274124445317825E-01 a       375     0    19     1    15
 -1.8016206949909122E-01 a       376     0    19     1    16
 -1.2436922338580798E-03 a       377     0    19     1    17
  1.1600853331630247E-02 a       378     0    19     1    18
 -7.3344625621161522E-02 a       379     0    19     1    19
  1.2837071482805917E-01 a       380     0    19     1    20
 -7.2000921620267624E-02 a       381     0    20     1     1
 -1.9671839197964186E-01 a       382     0    20     1     2
  5.2098265379063280E-01 a       383     0    20     1     3
  1.3726560491885098E-01 a       384     0    20     1     4
 -6.0616471674172201E-01 a       385     0    20     1     5
 -1.0072625092567232E-01 a       386     0    20     1     6
  9.1117857171389441E-02 a       387     0    20     1     7
 -9.1288696673342870E-02 a       388     0    20     1     8
 -6.5606025361914577E-01 a       389     0    20     1     9
 -4.6823746792052395E-02 a       390     0    20     1    10
 -8.3657903590306046E-02 a       391     0    20     1    11
  6.9883990342139740E-02 a       392     0    20     1    12
  1.1452126778893187E-01 a       393     0    20     1    13
 -9.4962906282410400E-02 a       394     0    20     1    14
 -4.0475044251282988E-01 a       395     0    20     1    15
 -1.4282368241078086E-02 a       396     0    20     1    16
 -2.6822940985919738E-02 a       397     0    20     1    17
 -1.8234326698277861E-02 a       398     0    20     1    18
 -6.2397883294643219E-01 a       399     0    20     1    19
 -2.7751835184433160E-01 a       400     0    20     1    20
 -9.7200528932086375E-02 a       401     0    21     1     1
  4.4276781456180170E-01 a       402     0    21     1     2
 -2.4910886844133395E-01 a       403     0    21     1     3
 -3.5638929357413718E-01 a       404     0    21     1     4
  2.6990895540612503E-01 a       405     0    21     1     5
  3.4002852059783734E-01 a       406     0    21     1     6
  8.6771637943149460E-02 a       407     0    21     1     7
  1.0972002523395838E-01 a       408     0    21     1     8
  7.4215644729045671E-01 a       409     0    21     1     9
  4.4634473011409592E-01 a       410     0    21     1    10
 -6.3056024063208635E-02 a       411     0    21     1    11
 -3.2808114114615511E-01 a       412     0    21     1    12
 -1.6284190616615307E-01 a       413     0    21     1    13
  2.6187745417181113E-01 a       414     0    21     1    14
  3.6772893171623650E-01 a       415     0    21     1    15
  4.3155338618744238E-02 a       416     0    21     1    16
 -2.9146475532152055E-01 a       417     0    21     1    17
 -5.3549532209256800E-01 a       418     0    21     1    18
  3.8146631433395406E-01 a       419     0    21     1    19
  3.5107552810797737E-01 a       420     0    21     1    20
 -1.1172623245158157E-01 a       421     0    22     1     1
 -7.2122462578592283E-02 a       422     0    22     1     2
 -2.1161278012880921E-01 a       423     0    22     1     3
 -1.1995703754817855E-01 a       424     0    22     1     4
 -1.2141947894370196E-01 a       425     0    22     1     5
  1.0184115010642524E-01 a       426     0    22     1     6
  6.9152034932737860E-02 a       427     0    22     1     7
 -1.6858994843652200E-01 a       428     0    22     1     8
  2.2709018856873109E-01 a       429     0    22     1     9
  3.9743104324919468E-02 a       430     0    22     1    10
 -2.2904274619448126E-01 a       431     0    22     1    11
  1.0814698761396702E-01 a       432     0    22     1    12
 -5.7077294179542749E-02 a       433     0    22     1    13
  1.7346075814856962E-01 a       434     0    22     1    14
 -2.1972605857616648E-01 a       435     0    22     1    15
 -6.2479161199200522E-03 a       436     0    22     1    16
  1.0902861296930003E-01 a       437     0    22     1    17
  1.0988790124449115E-01 a       438     0    22     1    18
 -2.1739411643450829E-01 a       439     0    22     1    19
 -7.9358773263288135E-02 a       440     0    22     1    20
  8.9104675604593175E-02 a       441     0    23     1     1
  4.2345751871411380E-01 a       442     0    23     1     2
 -8.0332515250126124E-01 a       443     0    23     1     3
  1.3148515621859136E-01 a       444     0    23     1     4
  7.3498265747603586E-01 a       445     0    23     1     5
  3.1167551969492335E-01 a       446     0    23     1     6
 -5.1323352745229929E-02 a       447     0    23     1     7
  2.1537015707708818E-02 a       448     0    23     1     8
  1.0609402246042456E+00 a       449     0    23     1     9
  4.8882136307062912E-01 a       450     0    23     1    10
  3.0596388227595916E-01 a       451     0    23     1    11
 -2.1214459270768810E-01 a       452     0    23     1    12
  4.7273212719095507E-02 a       453     0    23     1    13
 -1.2957213906436058E-01 a       454     0    23     1    14
  5.4861816095660676E-01 a       455     0    23     1    15
  7.4533408944282606E-02 a       456     0    23     1    16
 -5.7028253184069144E-01 a       457     0    23     1    17
 -2.8327266217737200E-02 a       458     0    23     1    18
  1.3651659204129067E+00 a       459     0    23     1    19
  3.5991481081396248E-01 a       460     0    23     1    20
 -1.3370220488445084E-01 a       461     0    24     1     1
 -4.1879506857939436E-01 a       462     0    24     1     2
 -1.5831714947731806E-01 a       463     0    24     1     3
 -2.7310468380015815E-02 a       464     0    24     1     4
 -4.1743702319233417E-01 a       465     0    24     1     5
  1.1987712417106135E-01 a       466     0    24     1     6
 -6.5947532676225037E-02 a       467     0    24     1     7
 -3.6020356088871486E-01 a       468     0    24     1     8
 -6.7291291376549900E-01 a       469     0    24     1     9
 -3.8137364110243654E-01 a       470     0    24     1    10
 -2.1730340221632036E-02 a       471     0    24     1    11
  5.3971564638950342E-01 a       472     0    24     1    12
  5.5395395222166477E-01 a       473     0    24     1    13
 -5.0953194944904592E-02 a       474     0    24     1    14
 -5.1746106462007602E-01 a       475     0    24     1    15
 -2.7781666832989216E-01 a       476     0    24     1    16
  6.5759776067759945E-01 a       477     0    24     1    17
  2.7565924615180404E-01 a       478     0    24     1    18
 -7.6838435614793499E-01 a       479     0    24     1    19
 -2.9442081787482949E-02 a       480     0    24     1    20
  2.7995319001817783E-02 a       481     0    25     1     1
  3.7943073062500436E-02 a       482     0    25     1     2
 -1.2272079704672181E-01 a       483     0    25     1     3
  9.8406725391383051E-02 a       484     0    25     1     4
  4.1571968103892049E-02 a       485     0    25     1     5
  9.9699826526676305E-02 a       486     0    25     1     6
  6.5104296763708103E-02 a       487     0    25     1     7
  8.5376937500796640E-02 a       488     0    25     1     8
  1.2677716047641391E-01 a       489     0    25     1     9
  5.7970603197087904E-02 a       490     0    25     1    10
  6.2520815996336132E-02 a       491     0    25     1    11
 -4.5114002173117833E-02 a       492     0    25     1    12
 -4.5408582907470914E-02 a       493     0    25     1    13
 -1.8946386531826124E-02 a       494     0    25     1    14
  9.4358125995224348E-02 a       495     0    25     1    15
 -2.9476833580613021E-01 a       496     0    25     1    16
 -2.1287120429936982E-02 a       497     0    25     1    17
 -5.3505849269141120E-02 a       498     0    25     1    18
  6.9159445090630392E-02 a       499     0    25     1    19
  5.6022852238839717E-02 a       500     0    25     1    20
 -1.1394970743778864E-01 a       501     0    26     1     1
 -3.2241937173679375E-01 a       502     0    26     1     2
  4.6566173403765260E-01 a       503     0    26     1     3
  5.7948814506483114E-02 a       504     0    26     1     4
 -5.5674050148238574E-01 a       505     0    26     1     5
 -3.8698258617690912E-01 a       506     0    26     1     6
 -8.5849145755621789E-02 a       507     0    26     1     7
  3.5849185187370590E-02 a       508     0    26     1     8
 -7.1235405219390924E-01 a       509     0    26     1     9
 -3.8882815712563285E-01 a       510     0    26     1    10
 -2.4644934940073643E-01 a       511     0    26     1    11
  7.4825678661537109E-02 a       512     0    26     1    12
 -3.7864708325768232E-01 a       513     0    26     1    13
  4.2307080063087657E-02 a       514     0    26     1    14
 -3.2891017010754686E-01 a       515     0    26     1    15
  2.3386992673657758E-01 a       516     0    26     1    16
  3.6100454164289858E-01 a       517     0    26     1    17
  1.9177292733989801E-01 a       518     0    26     1    18
 -9.4441556248619629E-01 a       519     0    26     1    19
 -3.2724142719890603E-01 a       520     0    26     1    20
  8.7072878348488869E-02 a       521     0    27     1     1
  2.4015291037233221E-02 a       522     0    27     1     2
  2.0564506243658462E-01 a       523     0    27     1     3
  2.5899312252310503E-02 a       524     0    27     1     4
  2.5452759633112759E-01 a       525     0    27     1     5
  9.0798071965651955E-02 a       526     0    27     1     6
  9.5356149472447124E-02 a       527     0    27     1     7
  8.5101273834812655E-02 a       528     0    27     1     8
  3.1554860699669657E-01 a       529     0    27     1     9
  5.7097345880843253E-01 a       530     0    27     1    10
 -4.0454069188707376E-01 a       531     0    27     1    11
 -2.6687486887769502E-01 a       532     0    27     1    12
 -3.4429632515884717E-01 a       533     0    27     1    13
  2.5747805560734589E-02 a       534     0    27     1    14
 -1.6180986137205772E-01 a       535     0    27     1    15
 -1.0077213027355075E-01 a       536     0    27     1    16
 -3.1911161361401791E-01 a       537     0    27     1    17
 -8.9035828230184050E-02 a       538     0    27     1    18
  4.6289342453272109E-01 a       539     0    27     1    19
 -3.7678442343311752E-01 a       540     0    27     1    20
 -9.3756312031679612E-02 a       541     0    28     1     1
 -4.8199710764562857E-02 a       542     0    28     1     2
 -4.7980390577510114E-02 a       543     0    28     1     3
 -9.6349886318772412E-05 a       544     0    28     1     4
 -1.5391809189647002E-02 a       545     0    28     1     5
  1.5933895837430048E-03 a       546     0    28     1     6
 -1.0028631118217113E-02 a       547     0    28     1     7
 -3.7474336609590139E-02 a       548     0    28     1     8
  1.3478329670987069E-01 a       549     0    28     1     9
 -2.0034882155048062E-01 a       550     0    28     1    10
 -1.0359416305160220E-01 a       551     0    28     1    11
  1.4595822175186757E-02 a       552     0    28     1    12
 -1.0479364366614398E-01 a       553     0    28     1    13
  1.8221979641598964E-02 a       554     0    28     1    14
 -1.3357766122769035E-01 a       555     0    28     1    15
  5.7998301371408961E-02 a       556     0    28     1    16
  5.8416793063991453E-02 a       557     0    28     1    17
  8.1328448261733910E-02 a       558     0    28     1    18
 -1.2764221304312001E-01 a       559     0    28     1    19
 -4.4457085628440959E-02 a       560     0    28     1    20
  1.2722143549981119E-01 a       561     0    29     1     1
  2.8197125612497076E-01 a       562     0    29     1     2
 -2.0241501304314191E-01 a       563     0    29     1     3
  1.0953504433379131E-01 a       564     0    29     1     4
  4.2330322867574993E-01 a       565     0    29     1     5
  6.5726274053064693E-02 a       566     0    29     1     6
  3.8079789647277778E-03 a       567     0    29     1     7
 -7.2358308044988107E-02 a       568     0    29     1     8
  4.8980912547085670E-01 a       569     0    29     1     9
 -2.5071426110848907E-02 a       570     0    29     1    10
  9.8226767458539213E-02 a       571     0    29     1    11
 -1.0774268470293009E-01 a       572     0    29     1    12
 -4.8173805086887289E-02 a       573     0    29     1    13
 -1.2547095590782489E-01 a       574     0    29     1    14
  3.1209344550909474E-01 a       575     0    29     1    15
  2.7790550239453905E-02 a       576     0    29     1    16
 -3.1768948598050945E-01 a       577     0    29     1    17
 -5.0361745531529951E-02 a       578     0    29     1    18
  7.8721897466009016E-01 a       579     0    29     1    19
  2.9663040424851783E-01 a       580     0    29     1    20
 -9.1184735381686990E-02 a       581     0    30     1     1
  5.5058918734385530E-03 a       582     0    30     1     2
 -1.0185031156151669E-01 a       583     0    30     1     3
 -1.3721737870109088E-01 a       584     0    30     1     4
  1.3274822479269494E-01 a       585     0    30     1     5
  8.6544082583566051E-02 a       586     0    30     1     6
  6.9513283330505132E-02 a       587     0    30     1     7
  3.8737546163301037E-02 a       588     0    30     1     8
  1.4728290988882387E-01 a       589     0    30     1     9
 -4.2163695513604077E-01 a       590     0    30     1    10
  2.6956157416919375E-02 a       591     0    30     1    11
  4.4591368641618140E-02 a       592     0    30     1    12
 -4.4421874926003677E-02 a       593     0    30     1    13
  2.4305641892204130E-01 a       594     0    30     1    14
  1.6175670713711449E-01 a       595     0    30     1    15
 -2.3535732038395171E-01 a       596     0    30     1    16
  2.9741889631908991E-01 a       597     0    30     1    17
 -1.0216806402252424E-01 a       598     0    30     1    18
 -1.8744104809988776E-01 a       599     0    30     1    19
  1.7333730082838728E-01 a       600     0    30     1    20
  7.0167676432632442E-02 a       601     0    31     1     1
 -2.2604795258907965E-02 a       602     0    31     1     2
  6.2074025576738856E-01 a       603     0    31     1     3
 -8.5136307124666255E-01 a       604     0    31     1     4
 -3.9065771991068676E-01 a       605     0    31     1     5
 -1.2828232861038918E-01 a       606     0    31     1     6
 -1.8680483219336003E-01 a       607     0    31     1     7
 -5.3528425352485642E-01 a       608     0    31     1     8
  1.6212749392413899E-02 a       609     0    31     1     9
 -2.7764529974940411E-01 a       610     0    31     1    10
 -6.5956885058134310E-02 a       611     0    31     1    11
 -1.7102101192325639E-01 a       612     0    31     1    12
 -6.9103596536121623E-02 a       613     0    31     1    13
  5.6264150303328475E-01 a       614     0    31     1    14
  1.3856252379806905E-01 a       615     0    31     1    15
  3.1105006860111012E-01 a       616     0    31     1    16
  1.8218495166238724E-01 a       617     0    31     1    17
  1.4368176167061730E-01 a       618     0    31     1    18
  5.4790686488108906E-02 a       619     0    31     1    19
 -1.1464455867724443E+00 a       620     0    31     1    20
 -8.2359292612490115E-02 a       621     0    32     1     1
 -1.2856931700890950E-01 a       622     0    32     1     2
  1.0192450030734636E-01 a       623     0    32     1     3
  9.6311458350896528E-01 a       624     0    32     1     4
 -6.2100114252324402E-02 a       625     0    32     1     5
 -2.6700068025208007E-01 a       626     0    32     1     6
  1.8942383145816766E-01 a       627     0    32     1     7
  2.3575384284958856E-02 a       628     0    32     1     8
 -3.8266516936794720E-01 a       629     0    32     1     9
 -2.9112352608133957E-01 a       630     0    32     1    10
  1.5784398921184939E-01 a       631     0    32     1    11
  6.1609855501972538E-02 a       632     0    32     1    12
 -1.5443399083790776E-01 a       633     0    32     1    13
 -5.9658707736922900E-01 a       634     0    32     1    14
 -6.2178296903866637E-01 a       635     0    32     1    15
 -1.3929830621338005E-01 a       636     0    32     1    16
 -2.9409220578229277E-02 a       637     0    32     1    17
 -2.2099252825567944E-01 a       638     0    32     1    18
 -7.8252369747637651E-01 a       639     0    32     1    19
  2.9903425008475765E-01 a       640     0    32     1    20
 -1.2527218167185819E-01 a       641     0    33     1     1
  1.3356783119456392E-01 a       642     0    33     1     2
 -6.5138298401402756E-02 a       643     0    33     1     3
 -4.0973501740047436E-02 a       644     0    33     1     4
 -3.9040675946302278E-01 a       645     0    33     1     5
 -1.3331487344407453E-01 a       646     0    33     1     6
  1.1296476086326736E-01 a       647     0    33     1     7
  7.0048124715638233E-02 a       648     0    33     1     8
  9.3902706085932222E-02 a       649     0    33     1     9
  2.6646238997337307E-01 a       650     0    33     1    10
  1.1562240722350757E-01 a       651     0    33     1    11
 -2.5897696708976004E-01 a       652     0    33     1    12
  4.9165945567734591E-02 a       653     0    33     1    13
  5.4338889333373233E-02 a       654     0    33     1    14
  2.2504246145025289E-01 a       655     0    33     1    15
 -2.8305909428770576E-01 a       656     0    33     1    16
  1.6323079737988880E-01 a       657     0    33     1    17
  4.8711970900428808E-01 a       658     0    33     1    18
  2.0670803012922004E-01 a       659     0    33     1    19
 -1.2688104901946313E-02 a       660     0    33     1    20
  3.0536987340834576E-01 a       661     0    34     1     1
 -1.3677039207428759E-01 a       662     0    34     1     2
 -3.9299260289776733E-01 a       663     0    34     1     3
 -4.5195648903451419E-01 a       664     0    34     1     4
  1.6319536426429049E-01 a       665     0    34     1     5
 -1.9677958153342212E-01 a       666     0    34     1     6
 -2.9157574707582917E-01 a       667     0    34     1     7
 -8.1008195668140229E-02 a       668     0    34     1     8
  2.4046489438265209E-01 a       669     0    34     1     9
 -1.7077282360639229E-01 a       670     0    34     1    10
 -4.0093175119039687E-01 a       671     0    34     1    11
 -5.5982225620149895E-01 a       672     0    34     1    12
 -6.7518465928222560E-01 a       673     0    34     1    13
  1.1482557173695890E-01 a       674     0    34     1    14
 -2.3223322112419120E-01 a       675     0    34     1    15
  1.3812935047252045E-01 a       676     0    34     1    16
 -3.1658891267630890E-01 a       677     0    34     1    17
  2.8631052548335334E-01 a       678     0    34     1    18
  7.4372889836018996E-01 a       679     0    34     1    19
 -4.0644738975931027E-01 a       680     0    34     1    20
  4.6307399006657379E-01 a       681     0    35     1     1
 -1.7154950806915817E-01 a       682     0    35     1     2
 -7.7117806445709192E-01 a       683     0    35     1     3
  3.9840940708512163E-01 a       684     0    35     1     4
 -1.0347362671586247E-02 a       685     0    35     1     5
 -2.0345000257248344E-01 a       686     0    35     1     6
  1.8925882419862874E-01 a       687     0    35     1     7
 -1.6148513706482745E-01 a       688     0    35     1     8
 -4.9204980911310930E-01 a       689     0    35     1     9
  3.0992321302896747E-01 a       690     0    35     1    10
 -3.5678740456798197E-01 a       691     0    35     1    11
  1.2313576273936834E-01 a       692     0    35     1    12
 -2.2071422721895850E-01 a       693     0    35     1    13
 -7.5497275949302045E-01 a       694     0    35     1    14
  1.8912482829203958E-01 a       695     0    35     1    15
 -5.9274277390368424E-01 a       696     0    35     1    16
 -2.0632124153991105E-01 a       697     0    35     1    17
 -3.3417469622427903E-01 a       698     0    35     1    18
 -6.9132800277899298E-01 a       699     0    35     1    19
 -9.1731599280889065E-01 a       700     0    35     1    20
 -5.7295314456170532E-01 a       701     0    36     1     1
  5.7899870503591022E-01 a       702     0    36     1     2
 -2.0399894240615279E-01 a       703     0    36     1     3
 -1.8197381650670583E-01 a       704     0    36     1     4
 -1.6779550420617271E+00 a       705     0    36     1     5
 -6.1033247630865754E-02 a       706     0    36     1     6
 -7.0483190308730481E-01 a       707     0    36     1     7
 -2.6906065791235284E-01 a       708     0    36     1     8
 -8.9408875467099524E-01 a       709     0    36     1     9
 -6.6515935662252737E-02 a       710     0    36     1    10
 -1.7638303865261465E-01 a       711     0    36     1    11
 -2.6835558239660739E-01 a       712     0    36     1    12
  4.6930133523025425E-01 a       713     0    36     1    13
  1.4103080789776576E-01 a       714     0    36     1    14
  6.4056368198978655E-02 a       715     0    36     1    15
  2.9986443668212703E-01 a       716     0    36     1    16
  5.5437238768041697E-01 a       717     0    36     1    17
  1.2074742697980385E+00 a       718     0    36     1    18
  3.0619448330621180E-01 a       719     0    36     1    19
  3.2980935287613922E-01 a       720     0    36     1    20
  4.5502451694074864E-01 a       721     0    37     1     1
 -4.3517600289013991E-01 a       722     0    37     1     2
 -4.2374672165548410E-01 a       723     0    37     1     3
  2.2234630877573369E-01 a       724     0    37     1     4
 -6.7865799160819085E-02 a       725     0    37     1     5
  5.0967582384320455E-02 a       726     0    37     1     6
 -1.1065181436023648E-01 a       727     0    37     1     7
 -2.6369405012183911E-01 a       728     0    37     1     8
  7.9128718732876066E-02 a       729     0    37     1     9
  2.5584454082266861E-01 a       730     0    37     1    10
  6.2719563314949794E-02 a       731     0    37     1    11
  2.3158020204766841E-01 a       732     0    37     1    12
 -5.2965393260039484E-01 a       733     0    37     1    13
 -7.6444747738077967E-01 a       734     0    37     1    14
  1.9198148044664451E-01 a       735     0    37     1    15
  3.5508121781845592E-01 a       736     0    37     1    16
  3.1898828486268564E-02 a       737     0    37     1    17
  1.9601380491000700E-01 a       738     0    37     1    18
 -4.0589608269141636E-01 a       739     0    37     1    19
  2.8043646930792743E-01 a       740     0    37     1    20
  1.6302397296323662E-01 a       741     0    38     1     1
 -1.7636755583071392E-01 a       742     0    38     1     2
  4.2777727542281635E-01 a       743     0    38     1     3
 -5.4739132547479896E-01 a       744     0    38     1     4
  8.4888973911706897E-02 a       745     0    38     1     5
 -1.0192359061536055E-01 a       746     0    38     1     6
  6.8487464482158519E-02 a       747     0    38     1     7
  9.4059663279360411E-02 a       748     0    38     1     8
 -6.6251646776378820E-02 a       749     0    38     1     9
 -2.2606155922140084E-01 a       750     0    38     1    10
  8.4634503840115088E-02 a       751     0    38     1    11
 -8.1328104202533728E-03 a       752     0    38     1    12
 -1.5280126442089223E-01 a       753     0    38     1    13
  5.7910078944559695E-01 a       754     0    38     1    14
 -1.1752674482367619E-01 a       755     0    38     1    15
 -2.9891049813824078E-01 a       756     0    38     1    16
  2.0121781915038009E-02 a       757     0    38     1    17
  4.2272138442324220E-01 a       758     0    38     1    18
  1.7844981087496928E-01 a       759     0    38     1    19
 -1.6002271153606629E-01 a       760     0    38     1    20
  9.1834650845978888E-02 a       761     0    39     1     1
  1.0888156709080474E-01 a       762     0    39     1     2
 -2.0700335037871523E-01 a       763     0    39     1     3
 -6.1422061739280678E-02 a       764     0    39     1     4
  1.7119978046618675E-02 a       765     0    39     1     5
  5.5592498183590452E-02 a       766     0    39     1     6
 -1.9803091792875258E-01 a       767     0    39     1     7
 -3.5953050254989882E-01 a       768     0    39     1     8
  3.4246308285426857E-01 a       769     0    39     1     9
  1.0528805439292373E-01 a       770     0    39     1    10
 -1.9058769351221685E-01 a       771     0    39     1    11
  2.0666759242773652E-01 a       772     0    39     1    12
  3.9812234659117360E-02 a       773     0    39     1    13
  4.9013519335828464E-03 a       774     0    39     1    14
 -5.3774425276653076E-02 a       775     0    39     1    15
  4.2769794085090218E-01 a       776     0    39     1    16
 -3.7906893269170233E-01 a       777     0    39     1    17
 -3.9065716639539311E-02 a       778     0    39     1    18
 -5.0183659662997870E-02 a       779     0    39     1    19
 -3.6047755900377280E-02 a       780     0    39     1    20
 -3.7329021135291801E-01 a       781     0    40     1     1
  4.2086654550336211E-01 a       782     0    40     1     2
  8.8694227519175117E-01 a       783     0    40     1     3
  8.2695405908782638E-01 a       784     0    40     1     4
 -9.8154004174471565E-02 a       785     0    40     1     5
  5.9104274717121286E-01 a       786     0    40     1     6
  1.9592332316868386E-01 a       787     0    40     1     7
 -3.0920776952578855E-01 a       788     0    40     1     8
  6.1361892362466142E-01 a       789     0    40     1     9
 -4.7045178671269555E-01 a       790     0    40     1    10
 -4.0911141637290405E-01 a       791     0    40     1    11
  7.9630403951504103E-01 a       792     0    40     1    12
 -1.7054909411306587E-01 a       793     0    40     1    13
 -3.6655952981588014E-01 a       794     0    40     1    14
  4.0489795575881937E-01 a       795     0    40     1    15
  4.1154050882386228E-01 a       796     0    40     1    16
  2.2520681233684858E-01 a       797     0    40     1    17
 -4.3663620558549349E-01 a       798     0    40     1    18
  1.4060411538637758E-02 a       799     0    40     1    19
  7.5323896619851127E-01 a       800     0    40     1    20
 -1.4948343690608361E+00 a       801     0    41     1     1
  1.5508032006410413E-01 a       802     0    41     1     2
 -8.7017304351348149E-02 a       803     0    41     1     3
 -1.2136799322954099E-01 a       804     0    41     1     4
  1.1969044861789202E+00 a       805     0    41     1     5
  6.7631676732039314E-01 a       806     0    41     1     6
 -2.8949085248544232E-01 a       807     0    41     1     7
  9.1104685031272370E-01 a       808     0    41     1     8
 -1.8487895522761599E-01 a       809     0    41     1     9
 -5.4634422491977153E-01 a       810     0    41     1    10
  8.6267615923130736E-01 a       811     0    41     1    11
 -1.5035280098832817E+00 a       812     0    41     1    12
  2.7555974358823382E-01 a       813     0    41     1    13
 -5.0468065718571953E-01 a       814     0    41     1    14
  1.3213672095246681E-01 a       815     0    41     1    15
  9.3342442933592940E-01 a       816     0    41     1    16
  3.4085117934099907E-02 a       817     0    41     1    17
  1.8678237725456179E-01 a       818     0    41     1    18
 -1.0205703400761591E-01 a       819     0    41     1    19
  6.4371138209015799E-01 a       820     0    41     1    20
  3.8295268627418744E-01 a       821     0    42     1     1
 -7.1147162394647370E-02 a       822     0    42     1     2
  7.4617708574084646E-02 a       823     0    42     1     3
  7.4716290515809206E-02 a       824     0    42     1     4
  9.2763732645299835E-01 a       825     0    42     1     5
 -5.3485518137647059E-01 a       826     0    42     1     6
  3.8408268447466848E-01 a       827     0    42     1     7
  5.6782348259202996E-02 a       828     0    42     1     8
  1.3006801408815685E+00 a       829     0    42     1     9
  7.0757208338299016E-01 a       830     0    42     1    10
  3.1844208485612197E-01 a       831     0    42     1    11
  4.9286583530310221E-02 a       832     0    42     1    12
  1.0211592783178944E-01 a       833     0    42     1    13
  2.4536588150664601E-01 a       834     0    42     1    14
  5.2788643393130226E-02 a       835     0    42     1    15
 -2.9713394637986779E-01 a       836     0    42     1    16
  7.4861614275903432E-02 a       837     0    42     1    17
 -2.3334072121822030E-01 a       838     0    42     1    18
 -1.1829420135235398E-01 a       839     0    42     1    19
  2.6823862761409661E-01 a       840     0    42     1    20
  2.3242621313199446E-01 a       841     0    43     1     1
  1.3287994899877931E-01 a       842     0    43     1     2
  2.8061869373076859E-01 a       843     0    43     1     3
  1.2701071205850598E-02 a       844     0    43     1     4
  5.0594875404586837E-01 a       845     0    43     1     5
  8.2156254157249781E-02 a       846     0    43     1     6
  5.4180432955203979E-02 a       847     0    43     1     7
  2.6967227692619089E-01 a       848     0    43     1     8
  3.7127255668260206E-01 a       849     0    43     1     9
  2.0605646457470059E-01 a       850     0    43     1    10
  3.2922336383134188E-02 a       851     0    43     1    11
  1.1259639014638022E-02 a       852     0    43     1    12
 -8.2957757674461369E-02 a       853     0    43     1    13
  5.2384444399042496E-02 a       854     0    43     1    14
  3.7189873572305972E-02 a       855     0    43     1    15
 -2.4203282690335828E-01 a       856     0    43     1    16
  5.0450276322415200E-01 a       857     0    43     1    17
 -2.7700345830391210E-01 a       858     0    43     1    18
 -3.8605784587814579E-01 a       859     0    43     1    19
  3.0880883430384361E-02 a       860     0    43     1    20
  2.0342555163186657E-02 a       861     0    44     1     1
 -1.0945719942707115E-01 a       862     0    44     1     2
  1.7069804685499354E-01 a       863     0    44     1     3
 -1.4869052904309599E-01 a       864     0    44     1     4
 -2.5643847270318992E-01 a       865     0    44     1     5
 -1.2823554503926657E-01 a       866     0    44     1     6
 -4.0216121834747973E-02 a       867     0    44     1     7
 -3.4811850980625791E-01 a       868     0    44     1     8
 -9.6857993365406597E-02 a       869     0    44     1     9
 -1.7754169509223175E-01 a       870     0    44     1    10
 -2.2465422635225975E-02 a       871     0    44     1    11
 -3.4553706357793784E-02 a       872     0    44     1    12
  4.1824258959015807E-02 a       873     0    44     1    13
  4.6106713295818023E-02 a       874     0    44     1    14
  1.3278229532612729E-02 a       875     0    44     1    15
 -1.1952556609880262E-01 a       876     0    44     1    16
 -5.3005675219065418E-01 a       877     0    44     1    17
  2.1969869390523186E-01 a       878     0    44     1    18
  2.2994290298940412E-01 a       879     0    44     1    19
  9.6037817366715100E-02 a       880     0    44     1    20
  9.2063001489781943E-02 a       881     0    45     1     1
  6.7981747126002023E-02 a       882     0    45     1     2
  2.6332921709567244E-02 a       883     0    45     1     3
 -1.6573684702151531E-01 a       884     0    45     1     4
  1.7891654570336354E-01 a       885     0    45     1     5
  2.6589480521250303E-01 a       886     0    45     1     6
 -1.0042147501173664E-01 a       887     0    45     1     7
  1.8798446130137030E-02 a       888     0    45     1     8
  3.0458031942149945E-02 a       889     0    45     1     9
  2.7066504510645556E-01 a       890     0    45     1    10
 -1.0021988818634087E-01 a       891     0    45     1    11
  6.2092979304526487E-02 a       892     0    45     1    12
  2.6901803314332251E-01 a       893     0    45     1    13
  7.2230562306141666E-02 a       894     0    45     1    14
  4.9256670127472410E-02 a       895     0    45     1    15
  2.2832669150896873E-01 a       896     0    45     1    16
  3.6051793069746318E-01 a       897     0    45     1    17
 -2.5431776646492682E-01 a       898     0    45     1    18
  1.6409590210360175E-01 a       899     0    45     1    19
 -2.2306399713089797E-01 a       900     0    45     1    20
 -3.9624254944298304E-02 a       901     0    46     1     1
 -5.7663205891935257E-02 a       902     0    46     1     2
  9.9314637490840810E-02 a       903     0    46     1     3
 -1.0378836616922592E-01 a       904     0    46     1     4
 -2.2006197388389945E-01 a       905     0    46     1     5
 -1.0878339524239218E-01 a       906     0    46     1     6
  4.3914504430124270E-02 a       907     0    46     1     7
  4.0272406056466487E-01 a       908     0    46     1     8
 -2.2801495721104947E-01 a       909     0    46     1     9
 -6.9404803414720259E-02 a       910     0    46     1    10
  3.9137359342874149E-02 a       911     0    46     1    11
  2.0640192575671384E-01 a       912     0    46     1    12
  2.9604323932342291E-01 a       913     0    46     1    13
 -1.8007146826061241E-01 a       914     0    46     1    14
  4.3797660095760266E-01 a       915     0    46     1    15
  2.1386112519833372E-01 a       916     0    46     1    16
  2.2043936929857033E-01 a       917     0    46     1    17
 -1.6328416433082144E-01 a       918     0    46     1    18
  1.3361322331468845E-01 a       919     0    46     1    19
  1.9069767779217264E-01 a       920     0    46     1    20
 -4.2797639204522481E-02 a       921     0    47     1     1
  4.0327199423106974E-02 a       922     0    47     1     2
  3.4417819208597700E-01 a       923     0    47     1     3
 -1.2104370051436567E-01 a       924     0    47     1     4
  1.1428458348850222E-01 a       925     0    47     1     5
 -2.0682452983477906E-01 a       926     0    47     1     6
  1.8876413656084620E-01 a       927     0    47     1     7
 -3.7571408180552357E-01 a       928     0    47     1     8
 -1.1453492786056239E+00 a       929     0    47     1     9
 -1.9555425750424296E-01 a       930     0    47     1    10
  3.8876699107867924E-01 a       931     0    47     1    11
  3.5972179686764350E-01 a       932     0    47     1    12
  4.2673286015069178E-01 a       933     0    47     1    13
  2.4197474780946734E-01 a       934     0    47     1    14
 -2.3595326749737644E-01 a       935     0    47     1    15
 -1.3186611989845323E-01 a       936     0    47     1    16
  1.5588463828434665E-01 a       937     0    47     1    17
 -4.2497757251767687E-01 a       938     0    47     1    18
  2.8021241169934147E-01 a       939     0    47     1    19
  4.4440481166422297E-01 a       940     0    47     1    20
  1.5853186112829235E-01 a       941     0    48     1     1
 -4.4412773704643263E-02 a       942     0    48     1     2
  9.1858415648155653E-02 a       943     0    48     1     3
 -2.3026852562580155E-01 a       944     0    48     1     4
  3.4748701479196309E-01 a       945     0    48     1     5
  3.4053343588523100E-01 a       946     0    48     1     6
 -4.3376769784213863E-02 a       947     0    48     1     7
 -7.4448001814091183E-02 a       948     0    48     1     8
  2.4739324547937541E-01 a       949     0    48     1     9
 -2.5398668609041962E-02 a       950     0    48     1    10
 -2.3485480614329027E-01 a       951     0    48     1    11
 -2.4790428373181450E-01 a       952     0    48     1    12
 -1.0061819139821952E-01 a       953     0    48     1    13
  1.0938524270239862E-01 a       954     0    48     1    14
  3.9076393189963821E-01 a       955     0    48     1    15
 -1.5736024327010051E-01 a       956     0    48     1    16
  2.1640509298710253E-01 a       957     0    48     1    17
 -1.6964035366024571E-02 a       958     0    48     1    18
  3.5367154006231022E-01 a       959     0    48     1    19
 -3.1825956903304337E-01 a       960     0    48     1    20
  9.3666488811755544E-02 a       961     0    49     1     1
  7.1171308422164722E-02 a       962     0    49     1     2
  4.5495775868734556E-01 a       963     0    49     1     3
 -1.0691513344474786E-01 a       964     0    49     1     4
  3.7268473846420430E-01 a       965     0    49     1     5
 -3.1890362009419615E-01 a       966     0    49     1     6
 -3.9985155743756585E-02 a       967     0    49     1     7
  4.8934262372426776E-02 a       968     0    49     1     8
  6.3639132332410708E-01 a       969     0    49     1     9
  2.6094228763758182E-01 a       970     0    49     1    10
  9.2404506084683383E-02 a       971     0    49     1    11
 -7.1672155241198812E-02 a       972     0    49     1    12
  1.3959429248624017E-01 a       973     0    49     1    13
  4.0728090516120041E-01 a       974     0    49     1    14
 -1.5937793051273907E-01 a       975     0    49     1    15
 -9.1333038692536395E-02 a       976     0    49     1    16
  2.3265966763802359E-01 a       977     0    49     1    17
 -4.3179893508123690E-01 a       978     0    49     1    18
 -1.2169748561245178E-01 a       979     0    49     1    19
 -7.5416143809515626E-02 a       980     0    49     1    20
 -5.5290160787555875E-01 a       981     0    50     1     1
  5.9837553233236351E-01 a       982     0    50     1     2
 -3.6530278597874138E-01 a       983     0    50     1     3
 -7.8442936066630511E-02 a       984     0    50     1     4
  2.8896491840621863E-01 a       985     0    50     1     5
  4.8378694861603500E-01 a       986     0    50     1     6
  6.0161147785489283E-02 a       987     0    50     1     7
  3.2972871953364757E-01 a       988     0    50     1     8
 -1.8099652320449647E-01 a       989     0    50     1     9
  6.2689240286494988E-02 a       990     0    50     1    10
  5.6953847982060116E-02 a       991     0    50     1    11
 -4.6237170254091375E-01 a       992     0    50     1    12
  4.7411320109388150E-01 a       993     0    50     1    13
 -3.5371082384367569E-01 a       994     0    50     1    14
  9.5384228512515865E-02 a       995     0    50     1    15
 -1.2160209045182441E-03 a       996     0    50     1    16
 -2.4233998921694810E-01 a       997     0    50     1    17
 -4.2003487448124133E-01 a       998     0    50     1    18
  1.1405920304085254E-01 a       999     0    50     1    19
 -4.4183587063446822E-01 a      1000     0    50     1    20
  1.6366314116202058E-02 a      1001     0    51     1     1
  1.5072456721763933E-02 a      1002     0    51     1     2
 -1.0994973468299913E-02 a      1003     0    51     1     3
  2.2028506060696028E-02 a      1004     0    51     1     4
  4.7229032939444776E-02 a      1005     0    51     1     5
  8.3631051128229078E-02 a      1006     0    51     1     6
  8.4634343893930500E-02 a      1007     0    51     1     7
  8.0890143432736941E-02 a      1008     0    51     1     8
  1.2876793341014711E-01 a      1009     0    51     1     9
  1.0999695178522348E-01 a      1010     0    51     1    10
  9.0389911037546497E-02 a      1011     0    51     1    11
 -1.3243558541053857E-01 a      1012     0    51     1    12
  3.4186691021393892E-02 a      1013     0    51     1    13
  5.8009698801137911E-02 a      1014     0    51     1    14
  1.2481340045461331E-02 a      1015     0    51     1    15
 -1.9851245691853375E-01 a      1016     0    51     1    16
  1.5388151733796770E-01 a      1017     0    51     1    17
 -1.2976100820661668E-02 a      1018     0    51     1    18
  2.0990684361041161E-02 a      1019     0    51     1    19
  2.4331592042737719E-02 a      1020     0    51     1    20
  1.5809053875214457E-01 a      1021     0    52     1     1
 -5.4114676639353776E-01 a      1022     0    52     1     2
  1.5883759744541340E-01 a      1023     0    52     1     3
 -4.5723944627143909E-01 a      1024     0    52     1     4
  2.2096969011260487E-02 a      1025     0    52     1     5
 -6.1386772701436965E-01 a      1026     0    52     1     6
 -2.0583802192408057E-02 a      1027     0    52     1     7
  1.4579635211233624E-01 a      1028     0    52     1     8
 -7.8750029333642099E-02 a      1029     0    52     1     9
  3.6288022521913221E-01 a      1030     0    52     1    10
  3.7994251523329858E-01 a      1031     0    52     1    11
 -1.9552900813113755E-01 a      1032     0    52     1    12
  2.8469324319307990E-02 a      1033     0    52     1    13
  4.0929144949057228E-01 a      1034     0    52     1    14
 -2.4487248405417089E-01 a      1035     0    52     1    15
 -9.2195765696421308E-02 a      1036     0    52     1    16
  2.8929379251585002E-01 a      1037     0    52     1    17
  5.0959463643586189E-01 a      1038     0    52     1    18
 -1.0021646189545421E+00 a      1039     0    52     1    19
 -3.9411245917183357E-01 a      1040     0    52     1    20
  5.1660879748346278E-01 a      1041     0    53     1     1
 -2.4741558868901581E-01 a      1042     0    53     1     2
 -9.5999374942011528E-01 a      1043     0    53     1     3
  1.3965190264099034E-01 a      1044     0    53     1     4
  4.0588704468438203E-01 a      1045     0    53     1     5
 -3.1347240142745691E-01 a      1046     0    53     1     6
 -4.4617905950026887E-01 a      1047     0    53     1     7
  4.4609803685884569E-01 a      1048     0    53     1     8
 -4.2876566403707722E-01 a      1049     0    53     1     9
 -7.6645284599135433E-01 a      1050     0    53     1    10
  5.2260489961020407E-01 a      1051     0    53     1    11
  1.0507107674692415E+00 a      1052     0    53     1    12
  1.0749816442913507E+00 a      1053     0    53     1    13
  3.3722193493899844E-01 a      1054     0    53     1    14
 -1.7741635654715784E-02 a      1055     0    53     1    15
  3.6454906959475297E-01 a      1056     0    53     1    16
  3.4160487201473611E-01 a      1057     0    53     1    17
 -4.5689489942323086E-01 a      1058     0    53     1    18
  2.0385249399758495E-01 a      1059     0    53     1    19
 -6.1489611955198864E-01 a      1060     0    53     1    20
  2.1883874500719609E-02 a      1061     0    54     1     1
  9.0613347455992532E-02 a      1062     0    54     1     2
  3.0195359450518294E-01 a      1063     0    54     1     3
  1.8546194503518923E-01 a      1064     0    54     1     4
 -3.8100514750484055E-01 a      1065     0    54     1     5
  1.0928491381279931E-02 a      1066     0    54     1     6
  7.3300855362538497E-02 a      1067     0    54     1     7
  8.3614259614758872E-03 a      1068     0    54     1     8
 -2.4678959719978605E-02 a      1069     0    54     1     9
 -3.6266566124084909E-01 a      1070     0    54     1    10
 -4.7327976219177365E-01 a      1071     0    54     1    11
 -1.3325886842173421E-01 a      1072     0    54     1    12
 -6.9053898882872811E-01 a      1073     0    54     1    13
  2.0688091095833333E-01 a      1074     0    54     1    14
  1.5656485023743655E-01 a      1075     0    54     1    15
 -4.4762029841260181E-01 a      1076     0    54     1    16
 -1.0995912124748486E-02 a      1077     0    54     1    17
  1.8430921792927135E-01 a      1078     0    54     1    18
 -3.3267274136793151E-01 a      1079     0    54     1    19
  2.7365537622318659E-01 a      1080     0    54     1    20
 -1.1929544576111442E+00 b      1081     1     1
  1.7049536542947821E-01 b      1082     1     2
 -8.5503551392472654E-01 b      1083     1     3
  5.1708150922925122E-01 b      1084     1     4
 -1.2254660991304087E+00 b      1085     1     5
 -1.0894447034536225E+00 b      1086     1     6
 -5.4575120523565157E-01 b      1087     1     7
 -8.4965147299343924E-01 b      1088     1     8
  1.6404901745808089E+00 b      1089     1     9
  1.4779857170175512E+00 b      1090     1    10
  2.9419123719282052E-02 b      1091     1    11
 -1.2983872226963893E+00 b      1092     1    12
 -1.2481549898478168E+00 b      1093     1    13
 -1.0370704151318713E+00 b      1094     1    14
  8.1073895149524799E-01 b      1095     1    15
  1.2320646076818511E+00 b      1096     1    16
 -1.3792202495141377E+00 b      1097     1    17
  6.9604253440854702E-01 b      1098     1    18
 -1.0548471899886172E+00 b      1099     1    19
 -5.8586990179432386E-01 b      1100     1    20
  5.0885341136230566E-01 a      1101     1     1     2     1
  6.2920598679296447E-01 a      1102     1     1     2     2
  2.6149899232820217E-01 a      1103     1     1     2     3
  9.6102186673668799E-01 a      1104     1     1     2     4
  4.4482272354468905E-01 a      1105     1     1     2     5
  7.8853213868620764E-01 a      1106     1     1     2     6
  6.8724551928222355E-01 a      1107     1     1     2     7
 -7.7801802200535597E-01 a      1108     1     1     2     8
 -9.8690888298330370E-01 a      1109     1     1     2     9
 -6.8595047305643231E-01 a      1110     1     1     2    10
  9.5855684596520774E-02 a      1111     1     1     2    11
  3.4983205882375951E-01 a      1112     1     1     2    12
  4.7783152438729831E-01 a      1113     1     1     2    13
 -4.4106313857600382E-01 a      1114     1     1     2    14
 -3.3745484320452307E-01 a      1115     1     1     2    15
 -3.0179338735994254E-01 a      1116     1     1     2    16
  5.8064501004266222E-01 a      1117     1     1     2    17
  6.9536287050617094E-03 a      1118     1     1     2    18
  7.6416472383263578E-01 a      1119     1     1     2    19
 -1.4404235056156062E-01 a      1120     1     1     2    20
  4.1197351283106171E-02 a      1121     1     2     2     1
  6.1859898888389686E-01 a      1122     1     2     2     2
  2.7836556250077450E-02 a      1123     1     2     2     3
  3.0584595346344529E-01 a      1124     1     2     2     4
  1.3738110918693713E-01 a      1125     1     2     2     5
 -2.4912423924651955E-02 a      1126     1     2     2     6
 -1.1809099895255723E-01 a      1127     1     2     2     7
 -2.8158531682141935E-01 a      1128     1     2     2     8
  7.3548270925618353E-01 a      1129     1     2     2     9
 -9.6899843516218262E-02 a      1130     1     2     2    10
 -2.0786055571629319E-01 a      1131     1     2     2    11
 -2.2826812892133863E-01 a      1132     1     2     2    12
  7.9718598473567193E-01 a      1133     1     2     2    13
  1.1732150396923186E-01 a      1134     1     2     2    14
 -3.0250404221803007E-01 a      1135     1     2     2    15
 -3.3924622280861355E-01 a      1136     1     2     2    16
 -6.2263425189089353E-02 a      1137     1     2     2    17
  4.7838494763043732E-01 a      1138     1     2     2    18
  3.8432610221477836E-01 a      1139     1     2     2    19
 -2.6664754251749728E-01 a      1140     1     2     2    20
  1.2089279358844034E-01 a      1141     1     3     2     1
 -5.7144687408629935E-01 a      1142     1     3     2     2
 -3.7025037233014385E-01 a      1143     1     3     2     3
 -2.7172164165079493E-01 a      1144     1     3     2     4
  1.2505522195661184E-01 a      1145     1     3     2     5
 -5.7893850243505796E-01 a      1146     1     3     2     6
 -9.8036281355166260E-02 a      1147     1     3     2     7
  5.2099240134982169E-02 a      1148     1     3     2     8
  4.4310460157465464E-01 a      1149     1     3     2     9
  3.2431050495794261E-01 a      1150     1     3     2    10
 -3.2749722973071771E-01 a      1151     1     3     2    11
  1.7099173553977963E-02 a      1152     1     3     2    12
 -1.0860352205000983E+00 a      1153     1     3     2    13
 -3.5201279840479938E-01 a      1154     1     3     2    14
 -3.0359546671720322E-01 a      1155     1     3     2    15
  9.1389339601082142E-01 a      1156     1     3     2    16
 -3.3653310502754297E-01 a      1157     1     3     2    17
  1.1785909329427726E+00 a      1158     1     3     2    18
  2.9095399954397871E-01 a      1159     1     3     2    19
  5.2821531760118917E-02 a      1160     1     3     2    20
  4.7986114328246798E-01 a      1161     1     4     2     1
  3.1030765760218276E-01 a      1162     1     4     2     2
  6.9961915820276541E-02 a      1163     1     4     2     3
 -2.6617879921694015E-01 a      1164     1     4     2     4
 -4.2803336354988031E-01 a      1165     1     4     2     5
  3.9096744262556721E-01 a      1166     1     4     2     6
 -4.7738602595319485E-01 a      1167     1     4     2     7
 -9.6432813395702491E-02 a      1168     1     4     2     8
  6.6155429401787380E-01 a      1169     1     4     2     9
  1.9350340201286062E-01 a      1170     1     4     2    10
  3.1922893319145454E-02 a      1171     1     4     2    11
  4.9210792656949887E-02 a      1172     1     4     2    12
 -4.2779162616919725E-01 a      1173     1     4     2    13
  1.7577767568186198E-01 a      1174     1     4     2    14
 -3.6711428455970696E-01 a      1175     1     4     2    15
 -8.8336256512942057E-01 a      1176     1     4     2    16
  2.2127848251788654E-02 a      1177     1     4     2    17
 -3.8907350671177632E-01 a      1178     1     4     2    18
  4.5732488792256132E-01 a      1179     1     4     2    19
  4.8678871822862829E-01 a      1180     1     4     2    20
  1.9400581625203880E-01 a      1181     1     5     2     1
  4.7419631448684985E-01 a      1182     1     5     2     2
 -3.9248930990568948E-01 a      1183     1     5     2     3
 -2.9722929942685383E-02 a      1184     1     5     2     4
 -1.2089990100691682E-01 a      1185     1     5     2     5
  2.5439671607622716E-01 a      1186     1     5     2     6
 -1.5922367810491392E-01 a      1187     1     5     2     7
  1.4556346904801060E-01 a      1188     1     5     2     8
 -3.1207335518911979E-02 a      1189     1     5     2     9
 -3.6441454420352938E-02 a      1190     1     5     2    10
  1.0359238045448622E-01 a      1191     1     5     2    11
 -2.5005795285982108E-01 a      1192     1     5     2    12
 -5.7804374039443862E-01 a      1193     1     5     2    13
 -5.8491757516885257E-01 a      1194     1     5     2    14
 -2.8726781511597732E-01 a      1195     1     5     2    15
  3.9808317901098872E-01 a      1196     1     5     2    16
  4.1661777166944797E-01 a      1197     1     5     2    17
 -2.9045162795803291E-02 a      1198     1     5     2    18
 -3.9858511913369254E-01 a      1199     1     5     2    19
 -2.7961917286355351E-03 a      1200     1     5     2    20
 -1.4623077491110537E-01 a      1201     1     6     2     1
 -5.0092054033755329E-01 a      1202     1     6     2     2
 -6.0416350329567892E-01 a      1203     1     6     2     3
  3.6735932405247329E-01 a      1204     1     6     2     4
 -2.9599258871653567E-01 a      1205     1     6     2     5
 -3.8904624986781583E-01 a      1206     1     6     2     6
  4.5427952018637563E-01 a      1207     1     6     2     7
 -4.4448711471537300E-01 a      1208     1     6     2     8
  5.3281597408926074E-01 a      1209     1     6     2     9
 -3.4008966234958432E-01 a      1210     1     6     2    10
  2.0085182966503974E-02 a      1211     1     6     2    11
 -6.0453979723573059E-01 a      1212     1     6     2    12
  2.5390499642651754E-01 a      1213     1     6     2    13
 -3.8419154775762110E-01 a      1214     1     6     2    14
  2.6027032829712188E-01 a      1215     1     6     2    15
  4.2322583594613838E-01 a      1216     1     6     2    16
  6.2930334503100316E-01 a      1217     1     6     2    17
  5.0519849949749818E-01 a      1218     1     6     2    18
  5.7635857750113295E-01 a      1219     1     6     2    19
  8.3073609278098215E-01 a      1220     1     6     2    20
  1.1210609270307499E-01 a      1221     1     7     2     1
  1.5262839191462496E-01 a      1222     1     7     2     2
 -4.0963167798388939E-01 a      1223     1     7     2     3
 -6.3072244058886107E-01 a      1224     1     7     2     4
 -2.1885354352949232E-01 a      1225     1     7     2     5
 -6.0784689884464005E-02 a      1226     1     7     2     6
  3.3425142412265912E-01 a      1227     1     7     2     7
 -4.5422214734397687E-01 a      1228     1     7     2     8
 -8.4113234424824124E-01 a      1229     1     7     2     9
 -1.2316579883191500E-01 a      1230     1     7     2    10
  9.6074489811199337E-01 a      1231     1     7     2    11
 -7.2739358883727101E-01 a      1232     1     7     2    12
 -6.3717555172671336E-01 a      1233     1     7     2    13
 -8.6755465012352340E-01 a      1234     1     7     2    14
  1.9362017141418231E-01 a      1235     1     7     2    15
  1.4420395927438551E-01 a      1236     1     7     2    16
 -3.3968249305094395E-01 a      1237     1     7     2    17
 -2.7542784104120743E-01 a      1238     1     7     2    18
 -2.7684928982599938E-01 a      1239     1     7     2    19
 -1.8647313349842082E-01 a      1240     1     7     2    20
 -3.6034131335878253E-02 a      1241     1     8     2     1
 -3.2621099829614764E-01 a      1242     1     8     2     2
  7.3097942808099736E-01 a      1243     1     8     2     3
  8.4638273060925917E-01 a      1244     1     8     2     4
  1.1241748211494482E-01 a      1245     1     8     2     5
  8.5726522085065437E-01 a      1246     1     8     2     6
  5.5130192207709483E-02 a      1247     1     8     2     7
  4.0322391112256523E-01 a      1248     1     8     2     8
 -2.8315996993201265E-01 a      1249     1     8     2     9
  1.0389880165131060E+00 a      1250     1     8     2    10
  4.1374998271489868E-02 a      1251     1     8     2    11
 -3.5430601088592356E-01 a      1252     1     8     2    12
 -5.7293026873844544E-01 a      1253     1     8     2    13
 -3.0199791002915360E-01 a      1254     1     8     2    14
 -5.6480432517643009E-01 a      1255     1     8     2    15
 -1.4081180540047425E-01 a      1256     1     8     2    16
  9.2809396946211736E-02 a      1257     1     8     2    17
  7.1226387505210076E-01 a      1258     1     8     2    18
  3.1643978491357377E-01 a      1259     1     8     2    19
 -2.0805840881295909E-01 a      1260     1     8     2    20
 -2.9787184559409752E-01 a      1261     1     9     2     1
 -4.9089307962794515E-01 a      1262     1     9     2     2
 -6.1077150028610594E-01 a      1263     1     9     2     3
 -3.1244167049802829E-01 a      1264     1     9     2     4
  3.4932343603701493E-01 a      1265     1     9     2     5
  2.5616853210924534E-01 a      1266     1     9     2     6
  6.4902168657056936E-01 a      1267     1     9     2     7
  1.5709728334498649E-01 a      1268     1     9     2     8
 -7.0173581556707365E-01 a      1269     1     9     2     9
  6.4341391000442116E-01 a      1270     1     9     2    10
  8.7089102284302472E-02 a      1271     1     9     2    11
  7.8686683070249153E-01 a      1272     1     9     2    12
  7.4551261432503568E-01 a      1273     1     9     2    13
  6.8877872015271102E-01 a      1274     1     9     2    14
  5.8640393631662702E-01 a      1275     1     9     2    15
  4.1311326280930732E-01 a      1276     1     9     2    16
  1.0680916162576572E-01 a      1277     1     9     2    17
  1.4341748667522809E+00 a      1278     1     9     2    18
 -7.6400111562126927E-01 a      1279     1     9     2    19
 -1.1456500631935604E+00 a      1280     1     9     2    20
  3.6773710862172410E-01 a      1281     1    10     2     1
 -2.1081104933812314E-01 a      1282     1    10     2     2
  1.7704523228547425E-01 a      1283     1    10     2     3
 -4.1309223171723176E-02 a      1284     1    10     2     4
 -5.5451793801177907E-01 a      1285     1    10     2     5
 -8.7272122543937303E-01 a      1286     1    10     2     6
  8.4631328678852291E-01 a      1287     1    10     2     7
  3.3729577867129085E-01 a      1288     1    10     2     8
  5.1468623664759912E-02 a      1289     1    10     2     9
  2.9581367648843432E-01 a      1290     1    10     2    10
 -8.3092809341357843E-01 a      1291     1    10     2    11
 -7.5173270518871993E-01 a      1292     1    10     2    12
 -2.4065190242135465E-01 a      1293     1    10     2    13
 -2.9175969392087647E-01 a      1294     1    10     2    14
 -6.9413216220880980E-01 a      1295     1    10     2    15
  8.0451843134248635E-01 a      1296     1    10     2    16
 -7.0578469893349954E-02 a      1297     1    10     2    17
  9.4645493924047114E-02 a      1298     1    10     2    18
 -7.8552690903242217E-01 a      1299     1    10     2    19
  1.2720047149226598E-02 a      1300     1    10     2    20
  1.0036835002788372E-01 a      1301     1    11     2     1
 -1.5115073229286213E-01 a      1302     1    11     2     2
 -2.5337606028406778E-01 a      1303     1    11     2     3
  2.8726983800559058E-04 a      1304     1    11     2     4
 -2.8404955606174676E-01 a      1305     1    11     2     5
  2.2648516775875319E-01 a      1306     1    11     2     6
 -3.4037228151857007E-01 a      1307     1    11     2     7
  1.4037271701495210E-01 a      1308     1    11     2     8
  1.4418477441102351E-01 a      1309     1    11     2     9
 -5.2187828212439780E-01 a      1310     1    11     2    10
  5.3209375445936813E-01 a      1311     1    11     2    11
  4.1133887042662282E-01 a      1312     1    11     2    12
 -7.9672592166441702E-01 a      1313     1    11     2    13
  2.6861233929268480E-01 a      1314     1    11     2    14
 -3.7713215595855853E-01 a      1315     1    11     2    15
 -5.2715441218817743E-02 a      1316     1    11     2    16
 -7.1190927355398936E-01 a      1317     1    11     2    17
  8.5335754026974941E-01 a      1318     1    11     2    18
  1.5136667631145240E-01 a      1319     1    11     2    19
 -4.9868520154517987E-01 a      1320     1    11     2    20
  1.4832903855835436E-01 a      1321     1    12     2     1
 -6.4957828440877341E-01 a      1322     1    12     2     2
  8.2070962974254291E-01 a      1323     1    12     2     3
  9.2839746444576751E-02 a      1324     1    12     2     4
 -4.3516232043990230E-02 a      1325     1    12     2     5
  1.4453977904434387E-01 a      1326     1    12     2     6
 -4.9090248676916826E-01 a      1327     1    12     2     7
 -1.2865633052967806E-01 a      1328     1    12     2     8
  5.2674257986986517E-01 a      1329     1    12     2     9
 -1.1955822952801340E-01 a      1330     1    12     2    10
  2.7068726531649334E-01 a      1331     1    12     2    11
 -8.9637899175876623E-01 a      1332     1    12     2    12
  1.7433785192534251E-01 a      1333     1    12     2    13
 -4.5938254949631452E-01 a      1334     1    12     2    14
 -1.1759993506180297E+00 a      1335     1    12     2    15
 -3.9029482611388784E-02 a      1336     1    12     2    16
  2.8473453646193053E-01 a      1337     1    12     2    17
  3.7809729019588412E-01 a      1338     1    12     2    18
 -9.6177186416721294E-02 a      1339     1    12     2    19
 -7.3344318854156015E-02 a      1340     1    12     2    20
  3.7350121671033110E-01 a      1341     1    13     2     1
  4.0597088874804960E-01 a      1342     1    13     2     2
 -1.5215506613276281E-01 a      1343     1    13     2     3
 -1.8293143916284169E-01 a      1344     1    13     2     4
  1.3073058784697170E-02 a      1345     1    13     2     5
  3.6897338808940403E-02 a      1346     1    13     2     6
 -3.1822039047543377E-01 a      1347     1    13     2     7
  7.6699639753743643E-01 a      1348     1    13     2     8
 -1.2426710886080897E-01 a      1349     1    13     2     9
 -1.5828980261175928E-02 a      1350     1    13     2    10
  2.5717132563691908E-01 a      1351     1    13     2    11
  4.4351545210821325E-03 a      1352     1    13     2    12
 -6.1357917767655390E-01 a      1353     1    13     2    13
  4.1225394852376657E-01 a      1354     1    13     2    14
  1.7435073184976405E-01 a      1355     1    13     2    15
  1.4620233543671754E-01 a      1356     1    13     2    16
  5.3534064156047299E-02 a      1357     1    13     2    17
 -8.4570288541281735E-01 a      1358     1    13     2    18
 -2.2235701208715347E-01 a      1359     1    13     2    19
 -1.5159288594200834E-01 a      1360     1    13     2    20
  4.3005962375721568E-01 a      1361     1    14     2     1
 -3.1245469116313396E-01 a      1362     1    14     2     2
  1.0968014428601333E-01 a      1363     1    14     2     3
  3.4334436295200554E-01 a      1364     1    14     2     4
  7.4567363014388588E-01 a      1365     1    14     2     5
 -2.2079169047243641E-01 a      1366     1    14     2     6
  5.8607040720596261E-03 a      1367     1    14     2     7
 -1.4532574778399890E-01 a      1368     1    14     2     8
 -4.3383128767535573E-01 a      1369     1    14     2     9
 -6.6981275443982691E-01 a      1370     1    14     2    10
  8.1123190987169824E-01 a      1371     1    14     2    11
  5.2006883334398457E-01 a      1372     1    14     2    12
  1.0388141558484532E+00 a      1373     1    14     2    13
 -1.0127880207278342E-01 a      1374     1    14     2    14
  3.3227199672777659E-02 a      1375     1    14     2    15
  4.6266189388398460E-01 a      1376     1    14     2    16
 -6.8861693528373946E-01 a      1377     1    14     2    17
 -6.3067411121774697E-01 a      1378     1    14     2    18
  1.7390158714491549E-02 a      1379     1    14     2    19
  6.0032800702044864E-01 a      1380     1    14     2    20
 -2.8459183006381272E-01 a      1381     1    15     2     1
  5.3264041481908420E-01 a      1382     1    15     2     2
  1.9025073347759580E-01 a      1383     1    15     2     3
 -6.8970027905310272E-01 a      1384     1    15     2     4
 -1.3876696871747196E-01 a      1385     1    15     2     5
 -1.7801199589219407E-01 a      1386     1    15     2     6
  4.6271520558303919E-01 a      1387     1    15     2     7
  4.9037225015296150E-02 a      1388     1    15     2     8
  2.3798338739185465E-01 a      1389     1    15     2     9
  4.2092311638869812E-01 a      1390     1    15     2    10
 -3.0395554835478994E-01 a      1391     1    15     2    11
 -3.4894105357301031E-01 a      1392     1    15     2    12
 -5.7934697662407797E-01 a      1393     1    15     2    13
  4.1041670085484810E-01 a      1394     1    15     2    14
 -3.5898533858751952E-01 a      1395     1    15     2    15
  2.6797820049796334E-01 a      1396     1    15     2    16
  9.8437819625617234E-02 a      1397     1    15     2    17
 -4.8855370142206045E-01 a      1398     1    15     2    18
  2.1944438317095108E-01 a      1399     1    15     2    19
 -5.8969451612263191E-02 a      1400     1    15     2    20
  3.9945921685299413E-01 a      1401     1    16     2     1
  2.0843634339657796E-01 a      1402     1    16     2     2
  4.0425210060208265E-03 a      1403     1    16     2     3
 -2.2825986543964036E-01 a      1404     1    16     2     4
 -3.2366254771586422E-01 a      1405     1    16     2     5
  3.3386370526024234E-01 a      1406     1    16     2     6
  2.8336465629886814E-01 a      1407     1    16     2     7
 -9.4867468007450462E-01 a      1408     1    16     2     8
 -3.7573782328852101E-01 a      1409     1    16     2     9
  6.7770932731403466E-01 a      1410     1    16     2    10
  2.9790354850088041E-01 a      1411     1    16     2    11
 -5.2012059846803604E-01 a      1412     1    16     2    12
  3.1616812560109536E-01 a      1413     1    16     2    13
  4.3670762920996559E-01 a      1414     1    16     2    14
  7.0468545800287163E-01 a      1415     1    16     2    15
 -2.2519851720080042E-01 a      1416     1    16     2    16
 -4.4817105797849366E-01 a      1417     1    16     2    17
  1.5367022143192349E-01 a      1418     1    16     2    18
  6.9204498198990694E-01 a      1419     1    16     2    19
  5.7462971702101917E-01 a      1420     1    16     2    20
 -3.7233760095478452E-01 a      1421     1    17     2     1
 -1.2319813311101645E-01 a      1422     1    17     2     2
  1.7915108881989958E-01 a      1423     1    17     2     3
  2.1347389513983642E-02 a      1424     1    17     2     4
 -3.7750147436846260E-01 a      1425     1    17     2     5
 -5.5221353755877645E-01 a      1426     1    17     2     6
  6.9669434511825512E-01 a      1427     1    17     2     7
 -6.5788122920309888E-01 a      1428     1    17     2     8
  3.2899382185196052E-01 a      1429     1    17     2     9
 -5.1078495721353057E-01 a      1430     1    17     2    10
  5.2603033239377728E-01 a      1431     1    17     2    11
  2.6693930986734248E-02 a      1432     1    17     2    12
  6.4774462659444398E-01 a      1433     1    17     2    13
 -8.9827686731433476E-01 a      1434     1    17     2    14
  5.5041599297058375E-01 a      1435     1    17     2    15
 -8.9145096118598577E-01 a      1436     1    17     2    16
  4.9761239979184990E-01 a      1437     1    17     2    17
 -9.6622304791439362E-01 a      1438     1    17     2    18
  5.2011131463176119E-01 a      1439     1    17     2    19
  4.9374361170970160E-01 a      1440     1    17     2    20
  3.8901832388228219E-01 a      1441     1    18     2     1
 -5.9575821415889330E-01 a      1442     1    18     2     2
 -2.3286136861734172E-01 a      1443     1    18     2     3
  2.0191069445319729E-01 a      1444     1    18     2     4
  4.6357256895638044E-01 a      1445     1    18     2     5
 -2.4497429219926903E-01 a      1446     1    18     2     6
  3.9454142552517185E-01 a      1447     1    18     2     7
 -8.7059722830609670E-02 a      1448     1    18     2     8
 -4.3915981738973053E-01 a      1449     1    18     2     9
  3.7568628572460178E-01 a      1450     1    18     2    10
  4.7162533709003189E-02 a      1451     1    18     2    11
  5.7403260609453222E-01 a      1452     1    18     2    12
  1.0005813407028384E-01 a      1453     1    18     2    13
 -1.3921108775892330E-01 a      1454     1    18     2    14
  6.7703028234413709E-01 a      1455     1    18     2    15
  8.3561538028375670E-01 a      1456     1    18     2    16
 -9.2640911205063306E-02 a      1457     1    18     2    17
  1.9064420357092215E-01 a      1458     1    18     2    18
  3.3512068632630718E-02 a      1459     1    18     2    19
 -2.8646057353405546E-01 a      1460     1    18     2    20
  5.1734870060717175E-01 a      1461     1    19     2     1
 -2.6661687047415850E-01 a      1462     1    19     2     2
 -8.0642735176456648E-01 a      1463     1    19     2     3
  3.0973924007158909E-01 a      1464     1    19     2     4
  4.8661403553477084E-01 a      1465     1    19     2     5
  3.6439548821298007E-01 a      1466     1    19     2     6
  1.2642736573397925E-01 a      1467     1    19     2     7
  3.8770164515519900E-01 a      1468     1    19     2     8
 -1.4811676296414461E-01 a      1469     1    19     2     9
  1.6801184387523674E-01 a      1470     1    19     2    10
  4.4236308344827741E-01 a      1471     1    19     2    11
  4.0500017066762517E-01 a      1472     1    19     2    12
  8.4536676519189335E-01 a      1473     1    19     2    13
  1.1768138506880337E-01 a      1474     1    19     2    14
  3.7483195118934115E-01 a      1475     1    19     2    15
  2.6403719972291539E-01 a      1476     1    19     2    16
  2.0803541861545208E-01 a      1477     1    19     2    17
  8.1179608683730997E-01 a      1478     1    19     2    18
 -7.0812672027585744E-01 a      1479     1    19     2    19
 -5.1857022781186324E-01 a      1480     1    19     2    20
  1.1512715259958551E-02 a      1481     1    20     2     1
 -2.8041024651869273E-01 a      1482     1    20     2     2
 -2.0749520056140122E-01 a      1483     1    20     2     3
 -5.3539448149956681E-01 a      1484     1    20     2     4
  8.1090123190438484E-02 a      1485     1    20     2     5
  6.5925266589139164E-02 a      1486     1    20     2     6
  1.6126921120249427E-01 a      1487     1    20     2     7
 -3.3215843325655420E-01 a      1488     1    20     2     8
 -3.2085923034115715E-01 a      1489     1    20     2     9
 -2.4617907727995142E-01 a      1490     1    20     2    10
  1.2756815071287944E-01 a      1491     1    20     2    11
 -2.0995783347591007E-01 a      1492     1    20     2    12
 -7.3239785100194399E-01 a      1493     1    20     2    13
 -6.2866619893540943E-01 a      1494     1    20     2    14
 -9.3955551816349361E-03 a      1495     1    20     2    15
  1.3301369698357454E-01 a      1496     1    20     2    16
  5.3846321083402904E-01 a      1497     1    20     2    17
  4.8532194506992921E-02 a      1498     1    20     2    18
 -1.6983934739320330E-01 a      1499     1    20     2    19
  5.3550180384935575E-01 a      1500     1    20     2    20
 -8.0133537796278376E-01 b      1501     2     1
  1.0122892305148985E-01 b      1502     2     2
  1.0365494808429182E-02 b      1503     2     3
  7.5323219941198027E-01 b      1504     2     4
 -7.9113757019682274E-01 b      1505     2     5
 -1.1352296116983860E+00 b      1506     2     6
  1.1957794262843364E+00 b      1507     2     7
  1.9440161615253662E-01 b      1508     2     8
 -1.5428034900323497E+00 b      1509     2     9
 -4.7160823136731883E-01 b      1510     2    10
 -6.5764253861047350E-01 b      1511     2    11
 -1.8462934565852485E-01 b      1512     2    12
  8.3113375236913101E-01 b      1513     2    13
  1.5649973971011405E-01 b      1514     2    14
  4.2537035838180137E-01 b      1515     2    15
  2.4841985300199074E-01 b      1516     2    16
 -1.5971138030004830E+00 b      1517     2    17
 -3.0700062241454468E-01 b      1518     2    18
  3.5574578083229702E-01 b      1519     2    19
  1.3522642670624172E+00 b      1520     2    20
  9.9574478855184423E-01 a      1521     2     1     3     1
 -8.8747520170108374E-01 a      1522     2     2     3     1
  3.2662910751623767E-02 a      1523     2     3     3     1
  6.5397967851407535E-01 a      1524     2     4     3     1
  1.5354873032029734E+00 a      1525     2     5     3     1
  1.9626110364517393E+00 a      1526     2     6     3     1
 -1.5515382461700280E+00 a      1527     2     7     3     1
 -9.6604258329698689E-01 a      1528     2     8     3     1
  1.6947813755727272E+00 a      1529     2     9     3     1
 -1.6883082129831528E+00 a      1530     2    10     3     1
  2.4961647950348702E+00 a      1531     2    11     3     1
 -5.4355530685231612E-01 a      1532     2    12     3     1
  1.4419827304431218E-01 a      1533     2    13     3     1
 -1.9095305656606290E+00 a      1534     2    14     3     1
 -1.3274479866434823E+00 a      1535     2    15     3     1
  3.6742611415258336E-01 a      1536     2    16     3     1
  1.9931632986593604E+00 a      1537     2    17     3     1
 -5.7587004831987210E-01 a      1538     2    18     3     1
  3.1003442675791082E-01 a      1539     2    19     3     1
 -1.1047995183321497E+00 a      1540     2    20     3     1
 -2.0994394329339330E+00 b      1541     3     1
