################################################################################
# Neural network connection values (weights and biases).
################################################################################
# Col  Name       Description
################################################################################
# 1    connection Neural network connection value.
# 2    t          Connection type (a = weight, b = bias).
# 3    index      Index enumerating weights.
# 4    l_s        Starting point layer (end point layer for biases).
# 5    n_s        Starting point neuron in starting layer (end point neuron for biases).
# 6    l_e        End point layer.
# 7    n_e        End point neuron in end layer.
################################################################################
#                      1 2         3     4     5     6     7
#             connection t     index   l_s   n_s   l_e   n_e
############################################################
 -1.0512660842653089E-01 a         1     0     1     1     1
  1.3987734984524866E-01 a         2     0     1     1     2
  1.0042435757420264E-01 a         3     0     1     1     3
 -5.9567162339432142E-02 a         4     0     1     1     4
  1.6516992933550859E-01 a         5     0     1     1     5
 -1.7914946534232609E-01 a         6     0     1     1     6
  2.8718767033038728E-01 a         7     0     1     1     7
  1.3001664810768107E-01 a         8     0     1     1     8
  2.3545561166749246E-01 a         9     0     1     1     9
  2.0707957246577709E-02 a        10     0     1     1    10
  5.4537636495458419E-01 a        11     0     1     1    11
 -4.0050899471698626E-02 a        12     0     1     1    12
  6.6294420885163819E-03 a        13     0     1     1    13
 -6.3759536965781780E-02 a        14     0     1     1    14
  1.1794281800116489E-01 a        15     0     1     1    15
 -4.2936561369809428E-01 a        16     0     1     1    16
  5.7699495547521400E-02 a        17     0     1     1    17
  2.8871798637957219E-02 a        18     0     1     1    18
  1.8510674412436978E-02 a        19     0     1     1    19
  7.6478504902977820E-02 a        20     0     1     1    20
 -2.4107827997895800E-01 a        21     0     2     1     1
 -6.6781224652877669E-02 a        22     0     2     1     2
 -3.0020363879395545E-01 a        23     0     2     1     3
 -2.0869659057801954E-01 a        24     0     2     1     4
  1.8156754741904860E-01 a        25     0     2     1     5
  2.9204060743623239E-01 a        26     0     2     1     6
 -1.0318191037513248E-01 a        27     0     2     1     7
 -7.3123688041836957E-02 a        28     0     2     1     8
 -8.5597624797426691E-02 a        29     0     2     1     9
  4.2289844598995027E-02 a        30     0     2     1    10
  7.1816691423865986E-02 a        31     0     2     1    11
 -7.0024316012808716E-02 a        32     0     2     1    12
 -2.5872586502422262E-01 a        33     0     2     1    13
  8.1444795163740660E-02 a        34     0     2     1    14
 -1.9946113596139065E-01 a        35     0     2     1    15
 -2.0546371828127102E-01 a        36     0     2     1    16
  4.7264938863207866E-02 a        37     0     2     1    17
  1.7325200317245773E-01 a        38     0     2     1    18
  7.7919729708549088E-02 a        39     0     2     1    19
  5.7364828680680857E-01 a        40     0     2     1    20
  1.5370983174254435E-01 a        41     0     3     1     1
 -1.1143678531373219E-01 a        42     0     3     1     2
 -3.3046379102602164E-02 a        43     0     3     1     3
  1.1007756133057560E-01 a        44     0     3     1     4
  2.8370022227998432E-01 a        45     0     3     1     5
  1.8475151147765316E-02 a        46     0     3     1     6
 -8.0015677370697424E-02 a        47     0     3     1     7
  1.9619740768194793E-01 a        48     0     3     1     8
 -1.6416072415398400E-01 a        49     0     3     1     9
 -4.5749406958428891E-02 a        50     0     3     1    10
  3.4085774105512924E-02 a        51     0     3     1    11
  1.5871886615241533E-02 a        52     0     3     1    12
 -5.5683502270783454E-02 a        53     0     3     1    13
 -3.8495023070553781E-02 a        54     0     3     1    14
  5.1844080583639346E-02 a        55     0     3     1    15
 -3.3345965339682082E-01 a        56     0     3     1    16
 -2.3234779938282968E-01 a        57     0     3     1    17
  1.4733094456546830E-01 a        58     0     3     1    18
  6.9063061478601894E-03 a        59     0     3     1    19
 -3.0150099052888544E-02 a        60     0     3     1    20
 -7.2708564827541108E-02 a        61     0     4     1     1
  5.6305067049896329E-01 a        62     0     4     1     2
  1.1401037146564935E-02 a        63     0     4     1     3
 -4.2164087638449629E-02 a        64     0     4     1     4
 -3.4469553374212664E-01 a        65     0     4     1     5
  5.5498500616428366E-02 a        66     0     4     1     6
 -5.2551794255564964E-02 a        67     0     4     1     7
 -1.3524596643931766E-01 a        68     0     4     1     8
  4.3846944208308897E-01 a        69     0     4     1     9
  3.6691492734015446E-01 a        70     0     4     1    10
 -9.7352211609625849E-01 a        71     0     4     1    11
  1.4900895855508950E-01 a        72     0     4     1    12
  1.5628100621434535E-01 a        73     0     4     1    13
  4.0668391898973588E-02 a        74     0     4     1    14
 -1.4231656668032555E-01 a        75     0     4     1    15
  2.3451913716748302E-01 a        76     0     4     1    16
 -4.4852432002844655E-01 a        77     0     4     1    17
 -5.3916442504326770E-02 a        78     0     4     1    18
  7.5771662429113584E-01 a        79     0     4     1    19
 -1.7258644948372304E-02 a        80     0     4     1    20
 -1.9085943018950899E-01 a        81     0     5     1     1
  4.0582397151787963E-01 a        82     0     5     1     2
 -2.3801001844482075E-01 a        83     0     5     1     3
  1.9958089433129883E-01 a        84     0     5     1     4
 -2.4684013762042459E-01 a        85     0     5     1     5
 -8.7262633698148395E-01 a        86     0     5     1     6
  6.4078376853434282E-01 a        87     0     5     1     7
  1.7654573861411155E-01 a        88     0     5     1     8
  4.5883711419607742E-01 a        89     0     5     1     9
 -2.7090879743548174E-01 a        90     0     5     1    10
 -4.8342137968951276E-01 a        91     0     5     1    11
  9.6723413279511811E-02 a        92     0     5     1    12
  5.5583599891968893E-01 a        93     0     5     1    13
 -1.7326175370039035E-01 a        94     0     5     1    14
 -3.0205751494526317E-01 a        95     0     5     1    15
  1.2181164072548158E-01 a        96     0     5     1    16
  1.8849283639882444E-01 a        97     0     5     1    17
 -3.3719506464645860E-01 a        98     0     5     1    18
 -7.4205603599747005E-01 a        99     0     5     1    19
 -4.3526754458196654E-01 a       100     0     5     1    20
 -1.5791738428431124E-01 a       101     0     6     1     1
  1.4277745546689355E-01 a       102     0     6     1     2
  2.9526520635563880E-01 a       103     0     6     1     3
  2.5143781043581719E-02 a       104     0     6     1     4
 -2.9009718465166340E-01 a       105     0     6     1     5
  1.1216365640551221E-01 a       106     0     6     1     6
  1.4296278526810266E-01 a       107     0     6     1     7
 -2.6466841411539155E-01 a       108     0     6     1     8
  2.0973261333082960E-01 a       109     0     6     1     9
  2.2100921759927736E-01 a       110     0     6     1    10
 -9.7760124659265993E-02 a       111     0     6     1    11
  8.8189739208505230E-02 a       112     0     6     1    12
 -3.8620248832855447E-02 a       113     0     6     1    13
  3.3644569484700776E-01 a       114     0     6     1    14
 -1.5994053337490263E-01 a       115     0     6     1    15
  2.9026966179652591E-01 a       116     0     6     1    16
  2.1954411703234050E-01 a       117     0     6     1    17
 -2.1012014514562777E-01 a       118     0     6     1    18
  7.9139132968956041E-02 a       119     0     6     1    19
  1.8998522810057469E-01 a       120     0     6     1    20
  2.0180112022415811E-01 a       121     0     7     1     1
 -4.0863210774881670E-01 a       122     0     7     1     2
 -9.2126898418982361E-02 a       123     0     7     1     3
  2.2977770872382425E-01 a       124     0     7     1     4
  2.3903717010075368E-01 a       125     0     7     1     5
  1.9258564682765961E-01 a       126     0     7     1     6
 -1.6049873131144846E-01 a       127     0     7     1     7
  8.2134948041639538E-02 a       128     0     7     1     8
 -1.2293004084548018E+00 a       129     0     7     1     9
 -3.9016384464632181E-01 a       130     0     7     1    10
  9.1348636020756480E-01 a       131     0     7     1    11
 -1.6031167522657519E-01 a       132     0     7     1    12
 -3.1882074367655333E-01 a       133     0     7     1    13
 -2.2201658125153984E-01 a       134     0     7     1    14
  4.8549746843549013E-01 a       135     0     7     1    15
  4.4150849092143274E-01 a       136     0     7     1    16
  3.6375703940873538E-01 a       137     0     7     1    17
  2.9055099727191985E-02 a       138     0     7     1    18
 -3.2729866291242826E-01 a       139     0     7     1    19
 -2.0172577784723872E-01 a       140     0     7     1    20
 -3.1606765174094636E-01 a       141     0     8     1     1
 -6.5135811659345635E-02 a       142     0     8     1     2
 -2.5263168863700773E-02 a       143     0     8     1     3
 -3.0431514821700600E-02 a       144     0     8     1     4
  1.9508039269282035E-01 a       145     0     8     1     5
  3.9630017798260619E-01 a       146     0     8     1     6
  9.5651881653254379E-03 a       147     0     8     1     7
  1.2771857376408621E-01 a       148     0     8     1     8
 -4.0822356634224975E-02 a       149     0     8     1     9
  9.2680509197525407E-02 a       150     0     8     1    10
  5.9345620263328493E-02 a       151     0     8     1    11
 -2.7246371885903620E-01 a       152     0     8     1    12
 -2.1526142917467175E-01 a       153     0     8     1    13
 -4.7433880759224334E-02 a       154     0     8     1    14
  1.1771108089135709E-01 a       155     0     8     1    15
 -9.1977751251713993E-02 a       156     0     8     1    16
 -1.0485796975611347E-01 a       157     0     8     1    17
  3.4618867749221738E-02 a       158     0     8     1    18
  3.4645510416680292E-02 a       159     0     8     1    19
  6.3733995781814123E-01 a       160     0     8     1    20
 -9.8732786072375484E-02 a       161     0     9     1     1
 -1.8788631902957556E-01 a       162     0     9     1     2
 -1.9876020008200290E-01 a       163     0     9     1     3
 -1.9609931970662925E-01 a       164     0     9     1     4
 -1.1297990813896554E-01 a       165     0     9     1     5
  1.4726389931914149E-01 a       166     0     9     1     6
 -1.5282090102579901E-01 a       167     0     9     1     7
 -2.0676638922206259E-01 a       168     0     9     1     8
  1.3062920971826952E-01 a       169     0     9     1     9
  3.6064032338888313E-01 a       170     0     9     1    10
  3.4472680317456417E-01 a       171     0     9     1    11
 -5.0133295620056910E-02 a       172     0     9     1    12
  2.1018145754068582E-01 a       173     0     9     1    13
  2.1871103027493000E-01 a       174     0     9     1    14
  8.8290517459510054E-02 a       175     0     9     1    15
 -1.5987172806458758E-01 a       176     0     9     1    16
  2.7492550406791116E-02 a       177     0     9     1    17
 -1.5307541541417591E-01 a       178     0     9     1    18
  2.0648012571911706E-01 a       179     0     9     1    19
 -2.1827372008308546E-01 a       180     0     9     1    20
 -3.4266211042055927E-01 a       181     0    10     1     1
  5.6934339585617610E-01 a       182     0    10     1     2
  1.9424778040246258E-02 a       183     0    10     1     3
 -8.5076724760629510E-02 a       184     0    10     1     4
 -2.2132823120070594E-01 a       185     0    10     1     5
 -1.3113655556402179E-01 a       186     0    10     1     6
 -3.0416242582760145E-01 a       187     0    10     1     7
 -2.8960880494562774E-01 a       188     0    10     1     8
  8.5551318945005772E-01 a       189     0    10     1     9
  9.8922591418959316E-02 a       190     0    10     1    10
 -2.0297426618700862E-01 a       191     0    10     1    11
  2.8074335839513487E-01 a       192     0    10     1    12
  2.3112561175254756E-01 a       193     0    10     1    13
 -9.3687005689991627E-03 a       194     0    10     1    14
 -1.9259110610596655E-01 a       195     0    10     1    15
 -4.2043211023383281E-01 a       196     0    10     1    16
 -2.6955106136108209E-01 a       197     0    10     1    17
  2.3167734613900280E-02 a       198     0    10     1    18
  7.3617205204189562E-01 a       199     0    10     1    19
  9.5138956908576378E-02 a       200     0    10     1    20
 -2.3374302648686170E-02 a       201     0    11     1     1
  3.9743216377375751E-01 a       202     0    11     1     2
  7.1228422389548263E-03 a       203     0    11     1     3
 -8.9397584625792476E-02 a       204     0    11     1     4
  2.4674170257351410E-01 a       205     0    11     1     5
 -1.6516180974723435E-01 a       206     0    11     1     6
  6.5977187109547364E-02 a       207     0    11     1     7
  2.1782347891431356E-01 a       208     0    11     1     8
 -2.9174729719695910E-02 a       209     0    11     1     9
 -3.5144314842395630E-01 a       210     0    11     1    10
 -9.6243337562388509E-02 a       211     0    11     1    11
  2.2417099837351958E-02 a       212     0    11     1    12
  1.8743288284229651E-01 a       213     0    11     1    13
  2.3872895447580969E-01 a       214     0    11     1    14
 -2.2475681185766300E-01 a       215     0    11     1    15
  2.4321207222082955E-01 a       216     0    11     1    16
 -3.8317984313028595E-02 a       217     0    11     1    17
  2.0225028062553659E-02 a       218     0    11     1    18
 -1.4658802853926534E-01 a       219     0    11     1    19
 -4.4563439511357172E-01 a       220     0    11     1    20
  1.5469618125933796E-01 a       221     0    12     1     1
 -4.3179308333477329E-02 a       222     0    12     1     2
  3.2173897561992765E-02 a       223     0    12     1     3
 -1.8120728678948917E-02 a       224     0    12     1     4
 -5.5266128763905194E-02 a       225     0    12     1     5
  1.1305846071218627E-01 a       226     0    12     1     6
 -2.2879175045646918E-01 a       227     0    12     1     7
  8.3281581400818344E-02 a       228     0    12     1     8
 -2.3514805600539282E-01 a       229     0    12     1     9
  4.8106238109441646E-01 a       230     0    12     1    10
  9.8129759866714003E-02 a       231     0    12     1    11
  4.6174961745232496E-01 a       232     0    12     1    12
 -1.3255234747851624E-01 a       233     0    12     1    13
 -3.3825537571204232E-02 a       234     0    12     1    14
  1.1355004780988914E-01 a       235     0    12     1    15
 -1.1301995833344021E-01 a       236     0    12     1    16
  5.5048342727650537E-02 a       237     0    12     1    17
  9.3208277109254292E-02 a       238     0    12     1    18
  8.1716146756959287E-03 a       239     0    12     1    19
  5.7017142428595874E-02 a       240     0    12     1    20
  2.3419451338453801E-01 a       241     0    13     1     1
 -3.7568591851082089E-01 a       242     0    13     1     2
 -1.4141683546922187E-01 a       243     0    13     1     3
  2.4827820689324279E-01 a       244     0    13     1     4
 -1.1872884915296485E-01 a       245     0    13     1     5
  5.5028448029636988E-02 a       246     0    13     1     6
  9.6672373966722680E-02 a       247     0    13     1     7
  6.4689610027929445E-02 a       248     0    13     1     8
 -4.5809821233400905E-01 a       249     0    13     1     9
  1.2273552333357167E-02 a       250     0    13     1    10
  2.2557059308279864E-01 a       251     0    13     1    11
 -1.1453367942151696E-01 a       252     0    13     1    12
 -4.5417933500222149E-02 a       253     0    13     1    13
  2.1636683799204540E-02 a       254     0    13     1    14
  2.0276858621697122E-01 a       255     0    13     1    15
 -4.6005499859305965E-02 a       256     0    13     1    16
  2.5126509876478997E-01 a       257     0    13     1    17
 -1.2270938454421104E-02 a       258     0    13     1    18
 -1.9698696807699703E-01 a       259     0    13     1    19
 -8.0856808022291060E-02 a       260     0    13     1    20
 -4.5490870421999813E-01 a       261     0    14     1     1
  8.0100370082761760E-02 a       262     0    14     1     2
 -2.0791904740115358E-02 a       263     0    14     1     3
 -6.2268429114603993E-02 a       264     0    14     1     4
  2.6171830229758303E-01 a       265     0    14     1     5
 -6.2321513352710203E-02 a       266     0    14     1     6
  1.9809704211932883E-01 a       267     0    14     1     7
  1.8832069372141197E-01 a       268     0    14     1     8
  8.9926210652625724E-02 a       269     0    14     1     9
 -1.7604249622923890E-01 a       270     0    14     1    10
 -2.4156607920049689E-01 a       271     0    14     1    11
 -3.3421322220026195E-01 a       272     0    14     1    12
  4.7450064896928539E-02 a       273     0    14     1    13
  1.8214927775592055E-01 a       274     0    14     1    14
  1.1922830390169967E-01 a       275     0    14     1    15
  1.5747923612565379E-01 a       276     0    14     1    16
 -7.0146729810372774E-02 a       277     0    14     1    17
 -1.0074738975171551E-02 a       278     0    14     1    18
 -5.4813975295600594E-02 a       279     0    14     1    19
  5.1394303708913702E-01 a       280     0    14     1    20
  6.1773137794254390E-02 a       281     0    15     1     1
 -3.6169542577816638E-01 a       282     0    15     1     2
  2.2591470913085759E-01 a       283     0    15     1     3
  1.9567462147722944E-01 a       284     0    15     1     4
  5.2671744587025060E-02 a       285     0    15     1     5
  1.7014559830725162E-01 a       286     0    15     1     6
  1.4245054852570238E-01 a       287     0    15     1     7
 -1.3750549120882327E-01 a       288     0    15     1     8
  2.2460403512521993E-01 a       289     0    15     1     9
  1.0700776196238936E-01 a       290     0    15     1    10
 -2.2049999676126089E-01 a       291     0    15     1    11
 -4.3966314084811491E-02 a       292     0    15     1    12
 -5.3764098544093454E-02 a       293     0    15     1    13
 -1.4419621926592441E-01 a       294     0    15     1    14
 -1.9208903229298213E-01 a       295     0    15     1    15
 -2.2941402535534530E-01 a       296     0    15     1    16
 -1.3562490722013329E-01 a       297     0    15     1    17
 -1.4811434326452155E-01 a       298     0    15     1    18
  2.0462618973455743E-01 a       299     0    15     1    19
  1.0185255582009439E-01 a       300     0    15     1    20
 -3.5472154269828464E-02 a       301     0    16     1     1
  5.9437147375890231E-02 a       302     0    16     1     2
  6.8795250778312056E-02 a       303     0    16     1     3
 -2.7226120009924842E-01 a       304     0    16     1     4
  1.3235435194433759E-01 a       305     0    16     1     5
  5.8326494309867860E-02 a       306     0    16     1     6
 -3.9288663576974331E-01 a       307     0    16     1     7
 -1.6207354326191567E-01 a       308     0    16     1     8
  3.8654260116866859E-02 a       309     0    16     1     9
 -5.0260983458012623E-02 a       310     0    16     1    10
  1.5848081769062175E-01 a       311     0    16     1    11
  2.0643105388441146E-01 a       312     0    16     1    12
 -6.3318417149057588E-02 a       313     0    16     1    13
 -6.9822210827822334E-02 a       314     0    16     1    14
 -7.7856840429831625E-02 a       315     0    16     1    15
 -9.6189824614890271E-02 a       316     0    16     1    16
  2.5991113060567672E-01 a       317     0    16     1    17
  1.9096359441842664E-01 a       318     0    16     1    18
  9.3448463997019643E-02 a       319     0    16     1    19
 -9.8187341737606612E-02 a       320     0    16     1    20
  7.1492871649618178E-02 a       321     0    17     1     1
  1.6191241860948644E-01 a       322     0    17     1     2
  5.2230630410162612E-02 a       323     0    17     1     3
  7.5315525021742213E-02 a       324     0    17     1     4
 -3.3218257147381039E-02 a       325     0    17     1     5
 -7.7233131608879652E-02 a       326     0    17     1     6
  1.0582345960367837E-01 a       327     0    17     1     7
  1.6892892091602396E-01 a       328     0    17     1     8
  2.3086949952907696E-02 a       329     0    17     1     9
 -1.5025342949577072E-01 a       330     0    17     1    10
 -2.8982728410750652E-02 a       331     0    17     1    11
  1.0074127745855495E-01 a       332     0    17     1    12
  8.3911431455093805E-02 a       333     0    17     1    13
 -4.3485150218364535E-02 a       334     0    17     1    14
 -1.4561071626655358E-02 a       335     0    17     1    15
  2.7836532374550538E-01 a       336     0    17     1    16
 -2.2817767077393825E-01 a       337     0    17     1    17
  3.8702974143804365E-02 a       338     0    17     1    18
 -1.0807444202006250E-02 a       339     0    17     1    19
 -8.5843411327327410E-02 a       340     0    17     1    20
 -1.6775456336023408E-02 a       341     0    18     1     1
 -2.8035439069270512E-01 a       342     0    18     1     2
  3.6721672593860444E-03 a       343     0    18     1     3
 -3.2101195619337858E-02 a       344     0    18     1     4
  2.7443604584734654E-01 a       345     0    18     1     5
  1.7156159318259184E-02 a       346     0    18     1     6
 -2.7337383196093851E-01 a       347     0    18     1     7
  1.2261001771798501E-01 a       348     0    18     1     8
 -6.9357347998680624E-02 a       349     0    18     1     9
  1.3135526992478030E-01 a       350     0    18     1    10
  3.0333092824354013E-01 a       351     0    18     1    11
  4.5527039043257396E-02 a       352     0    18     1    12
  1.2201110141078905E-01 a       353     0    18     1    13
  1.7394864665835105E-01 a       354     0    18     1    14
 -6.7846807706148510E-02 a       355     0    18     1    15
 -1.5963286019010850E-01 a       356     0    18     1    16
  1.4321056494393800E-01 a       357     0    18     1    17
  1.1448901071747634E-01 a       358     0    18     1    18
 -1.5959705897426071E-01 a       359     0    18     1    19
 -1.3335557074265683E-02 a       360     0    18     1    20
  3.1962217521930576E-02 a       361     0    19     1     1
  2.6061454071839296E-03 a       362     0    19     1     2
 -9.0558711727780711E-02 a       363     0    19     1     3
 -6.0647832934217868E-02 a       364     0    19     1     4
 -1.5791049113008998E-01 a       365     0    19     1     5
  2.4995354465837265E-02 a       366     0    19     1     6
  7.3582981621605467E-02 a       367     0    19     1     7
 -4.4611347596252730E-02 a       368     0    19     1     8
  2.5892496007310119E-02 a       369     0    19     1     9
  3.0464376237175883E-01 a       370     0    19     1    10
 -7.6113624084424417E-02 a       371     0    19     1    11
 -4.0761967702654729E-02 a       372     0    19     1    12
  1.6210534291368636E-02 a       373     0    19     1    13
 -1.3806788101851902E-01 a       374     0    19     1    14
  2.2169695978611903E-02 a       375     0    19     1    15
 -1.6028624376641223E-01 a       376     0    19     1    16
  1.8494024004565568E-01 a       377     0    19     1    17
 -1.7318471805861313E-01 a       378     0    19     1    18
  1.6251371658490610E-02 a       379     0    19     1    19
 -1.4646877582998624E-01 a       380     0    19     1    20
 -1.0909041482384974E-01 a       381     0    20     1     1
 -9.5022129665811542E-02 a       382     0    20     1     2
  6.0888349562368868E-02 a       383     0    20     1     3
  2.8546612235034058E-01 a       384     0    20     1     4
  7.4531631092632042E-02 a       385     0    20     1     5
 -6.1964555705691635E-02 a       386     0    20     1     6
  2.0307721351759508E-01 a       387     0    20     1     7
  6.9184414943482583E-02 a       388     0    20     1     8
 -3.7265714610931894E-02 a       389     0    20     1     9
 -3.2432406302332145E-01 a       390     0    20     1    10
 -1.4265621477218088E-01 a       391     0    20     1    11
 -3.0981887026448124E-01 a       392     0    20     1    12
  4.8229311890004962E-02 a       393     0    20     1    13
  5.1390454870610791E-01 a       394     0    20     1    14
 -6.3709933042405145E-02 a       395     0    20     1    15
  6.8590442657208123E-02 a       396     0    20     1    16
 -3.4320106411822443E-01 a       397     0    20     1    17
  4.6368445421834390E-03 a       398     0    20     1    18
  2.4733908893332107E-01 a       399     0    20     1    19
  2.0882392098160826E-01 a       400     0    20     1    20
  1.2796108111729218E-01 a       401     0    21     1     1
 -1.0675627493254677E-01 a       402     0    21     1     2
 -5.2984709273812082E-02 a       403     0    21     1     3
 -6.9367215125379508E-02 a       404     0    21     1     4
  1.3542587654995379E-02 a       405     0    21     1     5
  1.5189305290948477E-01 a       406     0    21     1     6
  1.3646236600219930E-01 a       407     0    21     1     7
 -1.0506115656115925E-01 a       408     0    21     1     8
  1.1714226329197124E-01 a       409     0    21     1     9
  5.8254257891333226E-02 a       410     0    21     1    10
 -1.9999768084628267E-01 a       411     0    21     1    11
  6.7477925046216344E-02 a       412     0    21     1    12
  1.2828124338968478E-02 a       413     0    21     1    13
 -1.9158611676915635E-01 a       414     0    21     1    14
 -9.9555052178896070E-02 a       415     0    21     1    15
 -2.0307597207992306E-01 a       416     0    21     1    16
 -2.0700306120611699E-02 a       417     0    21     1    17
 -2.2027131614195380E-01 a       418     0    21     1    18
  1.3411651500891475E-01 a       419     0    21     1    19
 -5.9933747451244468E-02 a       420     0    21     1    20
  5.6390283493672672E-02 a       421     0    22     1     1
 -1.2747647351146102E-01 a       422     0    22     1     2
 -1.4083916445823536E-02 a       423     0    22     1     3
 -1.0872703103529630E-01 a       424     0    22     1     4
  1.9306143591678437E-01 a       425     0    22     1     5
  2.9460791222889082E-02 a       426     0    22     1     6
 -1.7895428998556090E-01 a       427     0    22     1     7
 -1.0263789759675936E-01 a       428     0    22     1     8
 -1.3465552943544251E-01 a       429     0    22     1     9
 -1.1017598844697978E-01 a       430     0    22     1    10
  1.0999283808741218E-01 a       431     0    22     1    11
  1.1804474636374061E-01 a       432     0    22     1    12
 -5.7143159230045405E-02 a       433     0    22     1    13
 -3.0224803345733636E-01 a       434     0    22     1    14
  7.7856418911471034E-02 a       435     0    22     1    15
 -1.0839222737007936E-02 a       436     0    22     1    16
  1.7326594242389734E-01 a       437     0    22     1    17
  1.4485555001940928E-01 a       438     0    22     1    18
 -1.4783275059464496E-01 a       439     0    22     1    19
  5.8151598362881822E-03 a       440     0    22     1    20
  4.0806705141286446E-02 a       441     0    23     1     1
  1.3370226629497262E-01 a       442     0    23     1     2
  3.0134911376538117E-02 a       443     0    23     1     3
  2.3419485637047845E-02 a       444     0    23     1     4
  5.7736836635706182E-02 a       445     0    23     1     5
 -4.9325632006939103E-02 a       446     0    23     1     6
  1.6126690585622552E-01 a       447     0    23     1     7
  2.2273095466284426E-01 a       448     0    23     1     8
  6.2715374348305250E-02 a       449     0    23     1     9
 -9.6498907108212045E-02 a       450     0    23     1    10
 -2.4264522639074752E-02 a       451     0    23     1    11
  1.0460047359535618E-01 a       452     0    23     1    12
  5.7575695059991563E-02 a       453     0    23     1    13
 -2.0032483691883938E-03 a       454     0    23     1    14
  6.7426685553296950E-02 a       455     0    23     1    15
  2.2185630325443564E-01 a       456     0    23     1    16
 -3.0169629314603452E-01 a       457     0    23     1    17
  2.9920317917488247E-02 a       458     0    23     1    18
 -7.3608632569089810E-02 a       459     0    23     1    19
  7.7450407533437432E-02 a       460     0    23     1    20
  6.7176231657577303E-03 a       461     0    24     1     1
 -1.1531158746263381E-01 a       462     0    24     1     2
  1.6698996854874679E-02 a       463     0    24     1     3
 -2.4988283313235747E-03 a       464     0    24     1     4
  4.4071895093759139E-02 a       465     0    24     1     5
  2.0523540437602638E-02 a       466     0    24     1     6
 -1.8838649919282899E-01 a       467     0    24     1     7
 -8.4313978203051171E-02 a       468     0    24     1     8
 -7.7573828946519735E-02 a       469     0    24     1     9
  2.1623865591239050E-01 a       470     0    24     1    10
  1.9172108562504478E-01 a       471     0    24     1    11
 -3.5231684640094872E-02 a       472     0    24     1    12
 -8.8497899688089632E-02 a       473     0    24     1    13
 -1.5797592854323247E-02 a       474     0    24     1    14
  8.0325389306807229E-02 a       475     0    24     1    15
 -5.7332501062885059E-02 a       476     0    24     1    16
  4.4516469882588332E-02 a       477     0    24     1    17
 -1.6611252133973475E-02 a       478     0    24     1    18
 -1.9039019941843674E-01 a       479     0    24     1    19
 -2.8817074595626720E-02 a       480     0    24     1    20
 -4.9661494641720143E-02 a       481     0    25     1     1
  2.9110157263209546E-02 a       482     0    25     1     2
 -5.8308994336841984E-03 a       483     0    25     1     3
 -5.8341409980061543E-02 a       484     0    25     1     4
 -8.5170428614335061E-02 a       485     0    25     1     5
 -1.6999657586071061E-02 a       486     0    25     1     6
 -8.7793646193581130E-03 a       487     0    25     1     7
  3.5579432109289783E-03 a       488     0    25     1     8
  7.6684673677146292E-02 a       489     0    25     1     9
  1.3470224365262878E-01 a       490     0    25     1    10
 -8.4367555333597410E-02 a       491     0    25     1    11
 -7.0214357138841926E-03 a       492     0    25     1    12
  2.2451087515267750E-02 a       493     0    25     1    13
 -1.4272414824117818E-02 a       494     0    25     1    14
 -8.5214267111787048E-02 a       495     0    25     1    15
 -5.3725818481121276E-02 a       496     0    25     1    16
  1.0540760166923724E-01 a       497     0    25     1    17
 -8.8338066801977436E-02 a       498     0    25     1    18
  4.9600062516800984E-02 a       499     0    25     1    19
 -7.5773050861536323E-02 a       500     0    25     1    20
 -1.3706789190206264E-02 a       501     0    26     1     1
 -1.0163501946023371E-01 a       502     0    26     1     2
  4.7008979020959740E-02 a       503     0    26     1     3
  8.3489372945213955E-02 a       504     0    26     1     4
  1.1288986744277888E-02 a       505     0    26     1     5
  5.3738284700673010E-02 a       506     0    26     1     6
  6.0082269877033911E-02 a       507     0    26     1     7
 -5.4902834887129763E-02 a       508     0    26     1     8
  5.2819074374503934E-03 a       509     0    26     1     9
  1.2343320635476988E-01 a       510     0    26     1    10
 -5.2979137248650512E-02 a       511     0    26     1    11
 -1.0290170925770815E-01 a       512     0    26     1    12
 -9.7456940101291554E-03 a       513     0    26     1    13
  2.7707229867013305E-01 a       514     0    26     1    14
 -9.4485623307130187E-02 a       515     0    26     1    15
 -1.4378636548138407E-01 a       516     0    26     1    16
 -2.9242601184421048E-02 a       517     0    26     1    17
 -1.0760849069966300E-01 a       518     0    26     1    18
  9.0285663849634171E-02 a       519     0    26     1    19
  6.9092889619372475E-02 a       520     0    26     1    20
 -2.5156965167195556E-02 a       521     0    27     1     1
  2.3195535697768943E-02 a       522     0    27     1     2
 -1.7065453901841155E-02 a       523     0    27     1     3
 -2.0132772801266860E-01 a       524     0    27     1     4
  4.1359449868868317E-02 a       525     0    27     1     5
  1.2153452066241670E-02 a       526     0    27     1     6
  5.4757645201013380E-02 a       527     0    27     1     7
 -1.6664290008582383E-03 a       528     0    27     1     8
  4.2932320902758551E-02 a       529     0    27     1     9
  3.2428616846078694E-02 a       530     0    27     1    10
 -1.2164747572422448E-01 a       531     0    27     1    11
  6.0440756608456540E-02 a       532     0    27     1    12
  8.4370186345351553E-02 a       533     0    27     1    13
 -3.2418624993770510E-02 a       534     0    27     1    14
 -2.8462108917151008E-02 a       535     0    27     1    15
 -4.9454166810541017E-02 a       536     0    27     1    16
  1.4993138623976471E-01 a       537     0    27     1    17
  3.2962224381742053E-02 a       538     0    27     1    18
  5.2743100131035517E-02 a       539     0    27     1    19
 -2.2405985680765707E-02 a       540     0    27     1    20
  2.7534303750934606E-02 a       541     0    28     1     1
  2.6329270442042906E-03 a       542     0    28     1     2
 -4.0281686938296805E-02 a       543     0    28     1     3
 -7.3527468333575219E-04 a       544     0    28     1     4
  6.8546603291469782E-03 a       545     0    28     1     5
  2.6373804971039971E-02 a       546     0    28     1     6
 -1.1929779925507353E-02 a       547     0    28     1     7
 -6.7425456501769426E-02 a       548     0    28     1     8
 -4.7534092728241592E-02 a       549     0    28     1     9
 -7.2413144443343449E-03 a       550     0    28     1    10
  2.5754240689022646E-02 a       551     0    28     1    11
  1.7322057914200967E-02 a       552     0    28     1    12
 -4.1539259037086468E-02 a       553     0    28     1    13
 -1.0506721417113352E-01 a       554     0    28     1    14
  5.2604607041836532E-02 a       555     0    28     1    15
  2.2826720916357367E-03 a       556     0    28     1    16
 -5.0802739432838202E-02 a       557     0    28     1    17
 -4.9783126912164834E-02 a       558     0    28     1    18
 -5.5169450562971629E-02 a       559     0    28     1    19
  4.5638817574953829E-03 a       560     0    28     1    20
  1.3596092829526694E-02 a       561     0    29     1     1
  1.4028593516903876E-01 a       562     0    29     1     2
  4.2512421835904202E-02 a       563     0    29     1     3
  2.3566841601564054E-02 a       564     0    29     1     4
  9.1328630679707201E-02 a       565     0    29     1     5
 -1.2148993723384292E-02 a       566     0    29     1     6
  7.1071246815929606E-02 a       567     0    29     1     7
  1.1349455245826250E-01 a       568     0    29     1     8
 -3.1301498764621224E-02 a       569     0    29     1     9
 -1.1652727909096311E-01 a       570     0    29     1    10
 -7.1950425897419033E-03 a       571     0    29     1    11
  4.9822171976368615E-03 a       572     0    29     1    12
 -1.1521152072366165E-04 a       573     0    29     1    13
 -4.5258116232845660E-02 a       574     0    29     1    14
  4.8940820338221606E-02 a       575     0    29     1    15
  1.4772414307684809E-01 a       576     0    29     1    16
 -1.6692260822070523E-01 a       577     0    29     1    17
  7.5376434028552097E-02 a       578     0    29     1    18
  4.3348574252840701E-02 a       579     0    29     1    19
  9.0146306699982852E-03 a       580     0    29     1    20
  5.3657942705794548E-02 a       581     0    30     1     1
 -1.2349792809289864E-01 a       582     0    30     1     2
 -4.5445147633705336E-02 a       583     0    30     1     3
  1.3066886103079603E-01 a       584     0    30     1     4
 -8.0431035192065868E-03 a       585     0    30     1     5
  3.2461540834999005E-02 a       586     0    30     1     6
 -6.1451712920675902E-02 a       587     0    30     1     7
 -4.6125047187275781E-02 a       588     0    30     1     8
  2.6710996734936958E-03 a       589     0    30     1     9
  3.7101724049026272E-02 a       590     0    30     1    10
  5.6386805622899321E-02 a       591     0    30     1    11
 -8.3755613895381584E-04 a       592     0    30     1    12
 -7.5035784295743313E-02 a       593     0    30     1    13
 -2.0791952403750175E-01 a       594     0    30     1    14
 -2.4949560920782102E-02 a       595     0    30     1    15
 -1.0104907657098668E-01 a       596     0    30     1    16
 -8.9274721256628664E-02 a       597     0    30     1    17
 -1.3447545331736968E-01 a       598     0    30     1    18
 -8.6814892316101927E-02 a       599     0    30     1    19
 -1.2952426762674824E-03 a       600     0    30     1    20
 -1.6037837957254797E-01 a       601     0    31     1     1
 -5.3783360575952333E-01 a       602     0    31     1     2
  2.0227008284087211E-01 a       603     0    31     1     3
 -9.4015250883514936E-02 a       604     0    31     1     4
  9.2714210201965852E-02 a       605     0    31     1     5
 -4.9589507203550709E-01 a       606     0    31     1     6
 -1.4114765760387487E-02 a       607     0    31     1     7
 -5.0208114862189512E-01 a       608     0    31     1     8
  1.0104620132865151E-01 a       609     0    31     1     9
  1.0917075886616032E-01 a       610     0    31     1    10
 -2.9992105223698634E-01 a       611     0    31     1    11
  1.8494983041482430E-01 a       612     0    31     1    12
  2.8790489087947074E-01 a       613     0    31     1    13
  3.8594357689455884E-02 a       614     0    31     1    14
  3.5485131919944429E-02 a       615     0    31     1    15
 -1.3203487546411709E-02 a       616     0    31     1    16
  9.3938991795570595E-02 a       617     0    31     1    17
 -1.0799515525563624E-01 a       618     0    31     1    18
  2.2451836938064809E-01 a       619     0    31     1    19
  1.9177199195565764E-01 a       620     0    31     1    20
  1.4255193567671259E-01 a       621     0    32     1     1
  3.1040627602346249E-01 a       622     0    32     1     2
 -1.3183167150588382E-01 a       623     0    32     1     3
  3.7564324913181082E-02 a       624     0    32     1     4
 -4.2118914965425164E-01 a       625     0    32     1     5
  4.2114523686952843E-01 a       626     0    32     1     6
  4.5587492724827189E-01 a       627     0    32     1     7
  6.7084589558879049E-01 a       628     0    32     1     8
  3.0759665060312924E-01 a       629     0    32     1     9
 -3.6457951098079910E-01 a       630     0    32     1    10
  1.0783396462002898E-01 a       631     0    32     1    11
 -1.6337190251040057E-01 a       632     0    32     1    12
 -3.0832987352382979E-01 a       633     0    32     1    13
  2.8443104685822612E-01 a       634     0    32     1    14
 -5.0337100635852960E-01 a       635     0    32     1    15
  3.7734360890605245E-01 a       636     0    32     1    16
 -1.5925401963749478E-02 a       637     0    32     1    17
  3.9172997449481006E-01 a       638     0    32     1    18
 -1.0807595685223708E+00 a       639     0    32     1    19
 -1.4071849853987303E-01 a       640     0    32     1    20
 -8.1820422056664926E-04 a       641     0    33     1     1
  1.8289488668897506E-02 a       642     0    33     1     2
 -8.6164595036918701E-02 a       643     0    33     1     3
 -3.5503241979635769E-01 a       644     0    33     1     4
 -3.6040885930701497E-02 a       645     0    33     1     5
 -2.3070788891323697E-02 a       646     0    33     1     6
 -6.1728452619131693E-02 a       647     0    33     1     7
 -1.7146043823095963E-01 a       648     0    33     1     8
 -1.0431427518512650E-01 a       649     0    33     1     9
  3.3830932099148996E-02 a       650     0    33     1    10
 -1.1743044413669704E-01 a       651     0    33     1    11
 -5.0788051582850010E-03 a       652     0    33     1    12
 -5.6963481613520960E-02 a       653     0    33     1    13
 -6.3220997391320019E-02 a       654     0    33     1    14
  1.2736833815046325E-01 a       655     0    33     1    15
 -1.9482384282125248E-01 a       656     0    33     1    16
 -1.2195317732930042E-01 a       657     0    33     1    17
 -2.7127279487498213E-01 a       658     0    33     1    18
 -5.1088607087190784E-02 a       659     0    33     1    19
  8.2614015329101689E-02 a       660     0    33     1    20
  3.1605803521685322E-01 a       661     0    34     1     1
 -6.0722247128693607E-01 a       662     0    34     1     2
  8.7993237375374150E-02 a       663     0    34     1     3
 -2.2679777607218354E-01 a       664     0    34     1     4
 -1.2051753771777868E-01 a       665     0    34     1     5
 -3.1489966503521311E-01 a       666     0    34     1     6
 -6.1670258431994029E-01 a       667     0    34     1     7
 -7.1251526681706079E-01 a       668     0    34     1     8
 -6.7922939652563991E-02 a       669     0    34     1     9
  4.7007257759034021E-01 a       670     0    34     1    10
  2.0095824768252005E-01 a       671     0    34     1    11
  2.7100337731488655E-01 a       672     0    34     1    12
  1.3203176912188141E-01 a       673     0    34     1    13
  1.5512114932484059E-02 a       674     0    34     1    14
  2.4382465267620140E-01 a       675     0    34     1    15
 -6.3675289610564545E-01 a       676     0    34     1    16
  1.6381144425453971E-02 a       677     0    34     1    17
 -1.7184689163626904E-01 a       678     0    34     1    18
  7.4985567439378031E-01 a       679     0    34     1    19
 -1.3823803020446609E-01 a       680     0    34     1    20
  1.0326422181614543E-01 a       681     0    35     1     1
  4.8609809055371306E-01 a       682     0    35     1     2
  2.9324472891721587E-01 a       683     0    35     1     3
 -3.9980660916878359E-03 a       684     0    35     1     4
 -1.1583521266877445E-01 a       685     0    35     1     5
  3.3763248555606357E-01 a       686     0    35     1     6
  3.9769171545657905E-01 a       687     0    35     1     7
  1.7746724514525580E-01 a       688     0    35     1     8
  1.9244552689635025E-01 a       689     0    35     1     9
  1.1825751146638530E-01 a       690     0    35     1    10
 -3.0978455641304803E-01 a       691     0    35     1    11
 -1.5502480159166715E-01 a       692     0    35     1    12
 -1.9327388690933370E-01 a       693     0    35     1    13
 -7.9823156280195068E-02 a       694     0    35     1    14
 -3.0239664050328197E-01 a       695     0    35     1    15
  4.0486596794604324E-01 a       696     0    35     1    16
  6.3837398607334195E-01 a       697     0    35     1    17
  4.8178818094374276E-01 a       698     0    35     1    18
 -3.1997035967242854E-01 a       699     0    35     1    19
 -1.6369974068368481E-01 a       700     0    35     1    20
 -1.4500022011478050E-01 a       701     0    36     1     1
  1.8767614951676681E-01 a       702     0    36     1     2
  1.5746470416254058E-03 a       703     0    36     1     3
 -1.0509909488070776E-01 a       704     0    36     1     4
 -3.3463345554530101E-02 a       705     0    36     1     5
 -2.1027586219917482E-01 a       706     0    36     1     6
 -5.0649249391528296E-02 a       707     0    36     1     7
 -1.1122867661380272E-01 a       708     0    36     1     8
  1.9807164181807499E-01 a       709     0    36     1     9
 -3.0841994321318678E-01 a       710     0    36     1    10
 -4.2969214432143396E-02 a       711     0    36     1    11
 -6.9987042711924352E-02 a       712     0    36     1    12
  1.6369564348771529E-01 a       713     0    36     1    13
 -2.9020350151736007E-01 a       714     0    36     1    14
  2.8046132872409607E-01 a       715     0    36     1    15
  1.2811706882574275E-01 a       716     0    36     1    16
  3.8496256121105077E-02 a       717     0    36     1    17
 -4.2671957074915876E-02 a       718     0    36     1    18
 -2.5642962963045401E-01 a       719     0    36     1    19
 -1.4086183422540796E-01 a       720     0    36     1    20
  2.4256882190270951E-01 a       721     0    37     1     1
  3.4859711196075938E-01 a       722     0    37     1     2
 -2.3215642547047907E-01 a       723     0    37     1     3
  2.8899797199467064E-01 a       724     0    37     1     4
  9.6688358154878154E-02 a       725     0    37     1     5
  3.1216285831654167E-01 a       726     0    37     1     6
  1.4098461408672003E-01 a       727     0    37     1     7
  6.5211733156701313E-01 a       728     0    37     1     8
 -2.3924175249533570E-02 a       729     0    37     1     9
  5.7267227277578836E-01 a       730     0    37     1    10
  9.0318268865211160E-02 a       731     0    37     1    11
 -3.4005816487966778E-01 a       732     0    37     1    12
 -3.3238393872466604E-02 a       733     0    37     1    13
 -2.5698597396293904E-01 a       734     0    37     1    14
  3.2612676293214871E-01 a       735     0    37     1    15
 -1.8372429461633655E-01 a       736     0    37     1    16
  1.2673303885481288E-02 a       737     0    37     1    17
 -4.2915053858729089E-02 a       738     0    37     1    18
  8.8915001354278156E-02 a       739     0    37     1    19
 -9.3071343137371143E-02 a       740     0    37     1    20
  1.0456120435126132E-01 a       741     0    38     1     1
 -1.2135434896283430E-01 a       742     0    38     1     2
  6.8608786929406274E-01 a       743     0    38     1     3
 -5.4758684243380396E-01 a       744     0    38     1     4
  1.8722166610813137E-01 a       745     0    38     1     5
  4.9463350482851783E-02 a       746     0    38     1     6
 -8.8098335573605122E-02 a       747     0    38     1     7
 -6.8527501610577002E-01 a       748     0    38     1     8
  5.2840644936081003E-02 a       749     0    38     1     9
 -1.9704707290195195E-01 a       750     0    38     1    10
 -1.6195565011515581E-01 a       751     0    38     1    11
  4.8545428565309395E-01 a       752     0    38     1    12
 -3.9099255237421093E-01 a       753     0    38     1    13
  2.9160008485286648E-01 a       754     0    38     1    14
 -5.4072764256410188E-01 a       755     0    38     1    15
 -4.3215618148414336E-01 a       756     0    38     1    16
  5.1151397307598871E-02 a       757     0    38     1    17
 -4.0995234750116127E-02 a       758     0    38     1    18
  2.8605215643581111E-01 a       759     0    38     1    19
  9.3449823250860597E-02 a       760     0    38     1    20
  9.1221464389970919E-02 a       761     0    39     1     1
 -6.4976246773962257E-02 a       762     0    39     1     2
  3.0349847305500052E-02 a       763     0    39     1     3
  3.3583237524909915E-01 a       764     0    39     1     4
  1.8090682662637969E-01 a       765     0    39     1     5
 -4.0835206448390352E-02 a       766     0    39     1     6
  9.9841132829372362E-02 a       767     0    39     1     7
  8.7027537484507797E-02 a       768     0    39     1     8
  9.4725643601114393E-02 a       769     0    39     1     9
  2.7028340842622706E-01 a       770     0    39     1    10
 -4.0060677869316913E-02 a       771     0    39     1    11
 -4.3088879849265918E-02 a       772     0    39     1    12
  8.6699225934996071E-02 a       773     0    39     1    13
 -1.0982288811516086E-01 a       774     0    39     1    14
 -1.3884111990126657E-02 a       775     0    39     1    15
  2.1830196744315650E-02 a       776     0    39     1    16
  1.0701083790742548E-01 a       777     0    39     1    17
  3.7953801380351017E-02 a       778     0    39     1    18
  1.6201998621892313E-01 a       779     0    39     1    19
 -2.1186486787170009E-01 a       780     0    39     1    20
 -7.7544200372524144E-02 a       781     0    40     1     1
  4.8799774683072054E-02 a       782     0    40     1     2
 -3.3462980261746589E-01 a       783     0    40     1     3
  5.8427926512409212E-01 a       784     0    40     1     4
 -8.4765274875567925E-02 a       785     0    40     1     5
  1.2198400078699549E-01 a       786     0    40     1     6
 -3.9145900557825020E-02 a       787     0    40     1     7
  4.3277857598568192E-01 a       788     0    40     1     8
 -2.3672078256258039E-01 a       789     0    40     1     9
 -2.9527430483632322E-01 a       790     0    40     1    10
  8.3793814174526235E-02 a       791     0    40     1    11
 -2.3064838065673546E-01 a       792     0    40     1    12
  1.8534995494989403E-03 a       793     0    40     1    13
 -3.8135800158790145E-02 a       794     0    40     1    14
 -6.5533082489832001E-02 a       795     0    40     1    15
  3.8308098711343358E-01 a       796     0    40     1    16
 -1.9246339249411301E-01 a       797     0    40     1    17
 -8.3626038767660005E-02 a       798     0    40     1    18
 -2.3649345091459523E-01 a       799     0    40     1    19
 -6.4207156092086007E-02 a       800     0    40     1    20
  7.9604218338496444E-02 a       801     0    41     1     1
 -1.8488542365824004E-01 a       802     0    41     1     2
  5.1200797138528674E-02 a       803     0    41     1     3
 -2.2797469232924431E-01 a       804     0    41     1     4
  6.8777096352273276E-02 a       805     0    41     1     5
 -3.8644143265495590E-02 a       806     0    41     1     6
  5.3385791514278669E-01 a       807     0    41     1     7
  6.9358074505093223E-02 a       808     0    41     1     8
 -2.5575669088922520E-01 a       809     0    41     1     9
 -4.6022768632557065E-01 a       810     0    41     1    10
  4.5908486722708541E-01 a       811     0    41     1    11
 -1.9318617969362317E-01 a       812     0    41     1    12
  1.5360536514855902E-01 a       813     0    41     1    13
 -1.1513291569239850E-01 a       814     0    41     1    14
  9.7803823281259111E-02 a       815     0    41     1    15
  1.3338186535720950E-01 a       816     0    41     1    16
 -1.6787122337225335E-01 a       817     0    41     1    17
  2.0702388464152346E-01 a       818     0    41     1    18
  4.5738242646230337E-01 a       819     0    41     1    19
  1.3903949339004995E-01 a       820     0    41     1    20
 -2.3715151723431221E-02 a       821     0    42     1     1
  1.5177813973009102E-01 a       822     0    42     1     2
 -3.8867190976237104E-01 a       823     0    42     1     3
  2.1490801773212467E-02 a       824     0    42     1     4
  1.3427415837500509E-01 a       825     0    42     1     5
 -1.8741136246368501E-01 a       826     0    42     1     6
 -1.8978484887349861E-01 a       827     0    42     1     7
  7.3831033382966774E-02 a       828     0    42     1     8
  4.9033926852872355E-02 a       829     0    42     1     9
 -8.0676669623816866E-02 a       830     0    42     1    10
  2.2166952512670406E-02 a       831     0    42     1    11
  1.9900745064382155E-01 a       832     0    42     1    12
 -9.6723625601731145E-02 a       833     0    42     1    13
  3.0065756483963374E-01 a       834     0    42     1    14
 -3.7207010462665230E-01 a       835     0    42     1    15
 -1.3238224307288844E-02 a       836     0    42     1    16
 -2.8051240859755805E-01 a       837     0    42     1    17
 -3.6572348261440335E-01 a       838     0    42     1    18
 -1.9320562424080728E-01 a       839     0    42     1    19
  1.8351508003234465E-01 a       840     0    42     1    20
  4.4561444130012923E-02 a       841     0    43     1     1
 -9.7843185817083317E-02 a       842     0    43     1     2
  6.1065007714460884E-02 a       843     0    43     1     3
 -9.2740730737618272E-03 a       844     0    43     1     4
  1.3153482595785615E-01 a       845     0    43     1     5
  4.2264245063628629E-02 a       846     0    43     1     6
  5.1019366724763704E-02 a       847     0    43     1     7
  9.7761351695222543E-02 a       848     0    43     1     8
  1.3005422686898594E-02 a       849     0    43     1     9
  1.3194632592185906E-01 a       850     0    43     1    10
 -1.1614674313507325E-01 a       851     0    43     1    11
 -6.7302157494969787E-04 a       852     0    43     1    12
  2.0042784894224345E-02 a       853     0    43     1    13
 -7.8827518134705135E-02 a       854     0    43     1    14
 -1.9413052669212214E-02 a       855     0    43     1    15
  4.5107358980580090E-02 a       856     0    43     1    16
 -1.2896387298554537E-01 a       857     0    43     1    17
 -4.4328607975233594E-02 a       858     0    43     1    18
  5.3620254100200694E-02 a       859     0    43     1    19
  2.4067996580491240E-02 a       860     0    43     1    20
 -1.5397464935992786E-01 a       861     0    44     1     1
  1.8079046259482418E-01 a       862     0    44     1     2
 -1.8203020667106429E-02 a       863     0    44     1     3
 -5.3951529074281586E-02 a       864     0    44     1     4
  1.2415618160504556E-01 a       865     0    44     1     5
 -5.4249287522457043E-02 a       866     0    44     1     6
  8.4526313627149435E-03 a       867     0    44     1     7
 -5.3698777615701666E-02 a       868     0    44     1     8
 -7.8087076452860824E-02 a       869     0    44     1     9
 -1.8200251211268526E-01 a       870     0    44     1    10
 -3.0404477135008903E-03 a       871     0    44     1    11
  5.4944966335426892E-02 a       872     0    44     1    12
  4.1089882589690166E-02 a       873     0    44     1    13
  1.0161085309828116E-01 a       874     0    44     1    14
 -9.4302685741412678E-02 a       875     0    44     1    15
 -4.4567519887175222E-02 a       876     0    44     1    16
  4.6976598505276315E-02 a       877     0    44     1    17
 -1.1975968562018706E-02 a       878     0    44     1    18
  1.8896991245740968E-02 a       879     0    44     1    19
  6.1614730334794511E-02 a       880     0    44     1    20
  2.2544479140672844E-02 a       881     0    45     1     1
 -1.6824032230240921E-01 a       882     0    45     1     2
  1.1542339536593126E-01 a       883     0    45     1     3
 -4.4317885036415823E-02 a       884     0    45     1     4
  1.3252521660904923E-01 a       885     0    45     1     5
 -7.7485455342243936E-02 a       886     0    45     1     6
 -1.8573794409278831E-02 a       887     0    45     1     7
  1.2743068532607676E-01 a       888     0    45     1     8
  1.5557030445145398E-01 a       889     0    45     1     9
  1.5031491116207937E-01 a       890     0    45     1    10
 -8.2746722870671474E-02 a       891     0    45     1    11
  6.5579064963162140E-02 a       892     0    45     1    12
  8.7474723400806906E-02 a       893     0    45     1    13
 -9.6089245570117679E-02 a       894     0    45     1    14
 -7.0623484091356561E-02 a       895     0    45     1    15
  1.8409033572977664E-02 a       896     0    45     1    16
  3.4787694795303431E-01 a       897     0    45     1    17
  1.5986319733130308E-01 a       898     0    45     1    18
 -2.9999862628397830E-03 a       899     0    45     1    19
 -4.0246188042233740E-02 a       900     0    45     1    20
 -1.6586590709897678E-01 a       901     0    46     1     1
 -2.0024880860706906E-01 a       902     0    46     1     2
  1.2520703195423036E-01 a       903     0    46     1     3
 -1.6580737103504287E-01 a       904     0    46     1     4
  1.0288220992537232E-02 a       905     0    46     1     5
  1.0346065362308525E-01 a       906     0    46     1     6
 -2.7766814358316960E-01 a       907     0    46     1     7
  8.2960333821375923E-02 a       908     0    46     1     8
  1.6303417536061581E-02 a       909     0    46     1     9
 -1.2877169337792781E-02 a       910     0    46     1    10
 -4.7745606126188653E-02 a       911     0    46     1    11
 -9.5406259624496698E-02 a       912     0    46     1    12
 -3.5310683396018568E-02 a       913     0    46     1    13
 -1.9010404987846333E-01 a       914     0    46     1    14
 -6.5030647790653359E-02 a       915     0    46     1    15
  2.9173696232961210E-01 a       916     0    46     1    16
 -1.0706918408383616E-01 a       917     0    46     1    17
  8.3686871192846859E-02 a       918     0    46     1    18
 -7.8549255266806547E-02 a       919     0    46     1    19
  1.3946692483095119E-01 a       920     0    46     1    20
 -1.1296221786954953E-01 a       921     0    47     1     1
 -2.8005764691611439E-03 a       922     0    47     1     2
 -3.0427537851216466E-02 a       923     0    47     1     3
  1.0962387473704406E-01 a       924     0    47     1     4
  2.4463429812768692E-01 a       925     0    47     1     5
 -2.0284100486422485E-02 a       926     0    47     1     6
  4.8045615343030215E-02 a       927     0    47     1     7
  9.6051222810680875E-02 a       928     0    47     1     8
 -2.3393559409496534E-01 a       929     0    47     1     9
 -1.4227442610975452E-01 a       930     0    47     1    10
  7.8409980273099044E-03 a       931     0    47     1    11
 -1.3185584908873249E-01 a       932     0    47     1    12
  3.1453197181026136E-03 a       933     0    47     1    13
  2.2579685781920492E-01 a       934     0    47     1    14
 -9.0812883388873000E-03 a       935     0    47     1    15
 -3.6142790750876903E-02 a       936     0    47     1    16
  1.9281752698188290E-01 a       937     0    47     1    17
  4.0879304745325782E-03 a       938     0    47     1    18
 -1.3147797368238631E-01 a       939     0    47     1    19
 -2.7161649000587599E-02 a       940     0    47     1    20
 -4.7616724673834862E-02 a       941     0    48     1     1
 -2.2968372206728854E-01 a       942     0    48     1     2
  1.0925402469815665E-01 a       943     0    48     1     3
  2.3540140798466727E-01 a       944     0    48     1     4
  2.7732278375444547E-01 a       945     0    48     1     5
 -6.6952862178782546E-02 a       946     0    48     1     6
 -7.7309299241453411E-02 a       947     0    48     1     7
  9.9976302114262561E-02 a       948     0    48     1     8
 -2.0655262789588133E-01 a       949     0    48     1     9
 -1.3760190558228733E-01 a       950     0    48     1    10
 -2.5851221503429608E-02 a       951     0    48     1    11
  3.1195307227654508E-02 a       952     0    48     1    12
 -6.0128353719384429E-02 a       953     0    48     1    13
 -8.7524833631099197E-02 a       954     0    48     1    14
 -9.1139445551178880E-02 a       955     0    48     1    15
  7.5698282391483254E-02 a       956     0    48     1    16
 -4.5817808210938032E-01 a       957     0    48     1    17
  1.0843836038393985E-01 a       958     0    48     1    18
  2.2080872048689257E-01 a       959     0    48     1    19
  1.3119145119863199E-01 a       960     0    48     1    20
 -3.7194317732811122E-01 a       961     0    49     1     1
  1.7087508187014674E-01 a       962     0    49     1     2
 -2.6427889933099111E-02 a       963     0    49     1     3
 -4.7163406142766255E-03 a       964     0    49     1     4
 -1.8151406500247902E-01 a       965     0    49     1     5
  7.6409504652486249E-02 a       966     0    49     1     6
 -1.3792704868088732E-01 a       967     0    49     1     7
 -4.2780699609314710E-01 a       968     0    49     1     8
  5.4033409787534632E-02 a       969     0    49     1     9
 -2.8866816384269678E-01 a       970     0    49     1    10
  2.3356546701387138E-01 a       971     0    49     1    11
  1.3837582882847610E-01 a       972     0    49     1    12
 -9.2810432118964087E-02 a       973     0    49     1    13
 -1.6499899374424792E-02 a       974     0    49     1    14
 -3.0336361221685225E-02 a       975     0    49     1    15
  2.2851116757035961E-01 a       976     0    49     1    16
 -4.2892547739198822E-01 a       977     0    49     1    17
 -2.4729287286789040E-01 a       978     0    49     1    18
 -5.9105122522843077E-02 a       979     0    49     1    19
  1.1920480925361319E-01 a       980     0    49     1    20
  5.0330503870807097E-01 a       981     0    50     1     1
 -3.6258912093761814E-01 a       982     0    50     1     2
 -5.0162460054047642E-01 a       983     0    50     1     3
  1.4341656300472411E-01 a       984     0    50     1     4
  1.1711122485862820E-01 a       985     0    50     1     5
 -2.1456613645174297E-01 a       986     0    50     1     6
  2.0688488892049001E-01 a       987     0    50     1     7
  3.3201362483963826E-01 a       988     0    50     1     8
 -2.6679784476458063E-01 a       989     0    50     1     9
  2.0540678123962455E-01 a       990     0    50     1    10
 -6.2334714993996163E-02 a       991     0    50     1    11
 -5.3741798871030744E-01 a       992     0    50     1    12
  4.0527958196526387E-01 a       993     0    50     1    13
 -2.2581476044884985E-01 a       994     0    50     1    14
  5.2169624885694910E-01 a       995     0    50     1    15
 -1.9483092063975413E-01 a       996     0    50     1    16
  3.1562221489850928E-01 a       997     0    50     1    17
  1.1407159137373810E-01 a       998     0    50     1    18
 -2.7439516293049321E-01 a       999     0    50     1    19
 -2.5310871461766671E-01 a      1000     0    50     1    20
 -1.6294227883956397E-01 a      1001     0    51     1     1
  1.6453065944484188E-01 a      1002     0    51     1     2
 -1.3879311674298738E-02 a      1003     0    51     1     3
 -1.3108529397626811E-01 a      1004     0    51     1     4
 -1.0622905790175821E-01 a      1005     0    51     1     5
  3.7091465380202714E-02 a      1006     0    51     1     6
 -6.6329490265544952E-02 a      1007     0    51     1     7
 -5.4746317940255529E-02 a      1008     0    51     1     8
 -5.4052256604558785E-02 a      1009     0    51     1     9
 -9.2519471151710164E-02 a      1010     0    51     1    10
  5.2034260630464152E-02 a      1011     0    51     1    11
  5.7348830506394255E-03 a      1012     0    51     1    12
 -4.0995968226570999E-02 a      1013     0    51     1    13
  3.0569027927870925E-02 a      1014     0    51     1    14
  6.0742438612147009E-02 a      1015     0    51     1    15
  1.3060802478874989E-01 a      1016     0    51     1    16
 -2.9354991336828784E-02 a      1017     0    51     1    17
 -3.4727967526462199E-02 a      1018     0    51     1    18
 -6.2828013614543224E-02 a      1019     0    51     1    19
  1.3425062683496611E-01 a      1020     0    51     1    20
 -6.4053466458973071E-02 a      1021     0    52     1     1
  1.9074981159655918E-01 a      1022     0    52     1     2
  2.9815088805192819E-01 a      1023     0    52     1     3
 -2.1028598022108214E-01 a      1024     0    52     1     4
 -1.9725850793365052E-01 a      1025     0    52     1     5
 -3.4739933999964702E-02 a      1026     0    52     1     6
  6.6396986308970243E-02 a      1027     0    52     1     7
 -1.4949483967644056E-01 a      1028     0    52     1     8
  2.5352225614628821E-01 a      1029     0    52     1     9
  2.9437494497319022E-01 a      1030     0    52     1    10
 -1.5621617293368911E-01 a      1031     0    52     1    11
  3.2809739391904519E-01 a      1032     0    52     1    12
 -1.9288230228896713E-01 a      1033     0    52     1    13
 -1.7153139300071080E-01 a      1034     0    52     1    14
 -1.7182800515111191E-01 a      1035     0    52     1    15
  1.0123135746992364E-01 a      1036     0    52     1    16
  1.7320427233374492E-03 a      1037     0    52     1    17
 -2.3151782801136686E-03 a      1038     0    52     1    18
  1.1363282982570974E-01 a      1039     0    52     1    19
  5.1507928770994409E-02 a      1040     0    52     1    20
  2.6847182781684359E-01 a      1041     0    53     1     1
  2.3567624000765827E-01 a      1042     0    53     1     2
 -1.9298268227237403E-01 a      1043     0    53     1     3
  1.5638709056384642E-01 a      1044     0    53     1     4
  6.0853589876775721E-02 a      1045     0    53     1     5
 -1.5012606933722739E-01 a      1046     0    53     1     6
 -2.1622698306469021E-01 a      1047     0    53     1     7
 -2.1247866641313118E-01 a      1048     0    53     1     8
 -2.5390463940442848E-01 a      1049     0    53     1     9
 -1.6966802611713167E-01 a      1050     0    53     1    10
 -1.6330450859403789E-01 a      1051     0    53     1    11
  4.0498088071085535E-02 a      1052     0    53     1    12
  3.1566509138237400E-02 a      1053     0    53     1    13
 -3.0706844206796122E-02 a      1054     0    53     1    14
  5.9586159082109569E-01 a      1055     0    53     1    15
 -1.7652663732748014E-01 a      1056     0    53     1    16
 -4.5781612266775579E-01 a      1057     0    53     1    17
 -9.1430248998436339E-02 a      1058     0    53     1    18
  1.7526337723569840E-01 a      1059     0    53     1    19
 -7.7470271262967284E-03 a      1060     0    53     1    20
  4.1081317774288785E-02 a      1061     0    54     1     1
 -2.1648906020131845E-01 a      1062     0    54     1     2
  1.1031242606647723E-01 a      1063     0    54     1     3
 -2.3483266256972463E-01 a      1064     0    54     1     4
  1.1842626711657957E-02 a      1065     0    54     1     5
  5.2299172709472784E-02 a      1066     0    54     1     6
  1.2141617458885154E-01 a      1067     0    54     1     7
  1.3260071072720114E-01 a      1068     0    54     1     8
  2.2606480657191860E-01 a      1069     0    54     1     9
  8.8389616830947634E-02 a      1070     0    54     1    10
 -7.1648742231277290E-02 a      1071     0    54     1    11
 -9.7735606633705188E-02 a      1072     0    54     1    12
  8.5870509474449408E-02 a      1073     0    54     1    13
 -4.2057046016601574E-01 a      1074     0    54     1    14
  2.2119070350055181E-01 a      1075     0    54     1    15
 -9.3891863987588087E-02 a      1076     0    54     1    16
 -2.2039203898131721E-01 a      1077     0    54     1    17
  1.9639358801730014E-01 a      1078     0    54     1    18
 -2.3490897449063419E-01 a      1079     0    54     1    19
  2.6502152817662491E-02 a      1080     0    54     1    20
 -4.5258579691301587E-01 b      1081     1     1
 -4.4110739755724848E-01 b      1082     1     2
  2.6670794833097011E-01 b      1083     1     3
 -1.1695658488399030E+00 b      1084     1     4
 -2.8663382256563619E-01 b      1085     1     5
  2.1628972083671687E-02 b      1086     1     6
 -9.7822233280324544E-01 b      1087     1     7
 -4.9155942251674251E-01 b      1088     1     8
  5.8850228618368461E-01 b      1089     1     9
 -9.4357208027380590E-01 b      1090     1    10
 -6.8952882541173133E-01 b      1091     1    11
 -7.6197903369662456E-01 b      1092     1    12
  2.5117840286083559E-01 b      1093     1    13
 -1.4763544799348172E+00 b      1094     1    14
 -1.3242054626108828E+00 b      1095     1    15
 -8.6559808831679919E-01 b      1096     1    16
 -8.2627982447015691E-01 b      1097     1    17
  2.3019889032420701E-01 b      1098     1    18
  6.0580898035309827E-01 b      1099     1    19
  3.9625308414388050E-01 b      1100     1    20
 -4.2240653181985843E-01 a      1101     1     1     2     1
 -1.3133192050811815E-01 a      1102     1     1     2     2
 -1.3305457820744002E-01 a      1103     1     1     2     3
 -4.8304950182964618E-01 a      1104     1     1     2     4
  4.8916721166397475E-01 a      1105     1     1     2     5
  5.0385285255921874E-01 a      1106     1     1     2     6
 -7.1001542126259876E-01 a      1107     1     1     2     7
  5.3924940969385970E-01 a      1108     1     1     2     8
 -9.0794328270149816E-01 a      1109     1     1     2     9
 -3.5705478011361820E-02 a      1110     1     1     2    10
 -2.4747478209555926E-01 a      1111     1     1     2    11
  5.6545627320222447E-01 a      1112     1     1     2    12
 -7.8998337445334477E-01 a      1113     1     1     2    13
  3.9221481854608964E-01 a      1114     1     1     2    14
  5.0749171815721916E-01 a      1115     1     1     2    15
  5.0750244446969395E-01 a      1116     1     1     2    16
  7.3851894855357536E-01 a      1117     1     1     2    17
  8.2346089026274472E-01 a      1118     1     1     2    18
  4.6810507459856134E-02 a      1119     1     1     2    19
 -1.5299186722232827E-01 a      1120     1     1     2    20
 -2.4127424309702595E-02 a      1121     1     2     2     1
 -1.1422818777595373E-02 a      1122     1     2     2     2
 -4.0625938532287903E-01 a      1123     1     2     2     3
  1.4413736853363210E-01 a      1124     1     2     2     4
 -5.1789272185343493E-01 a      1125     1     2     2     5
 -1.2531437268958018E-01 a      1126     1     2     2     6
 -5.4628249642178883E-01 a      1127     1     2     2     7
 -1.4993853375468399E-01 a      1128     1     2     2     8
 -3.9454377453462208E-01 a      1129     1     2     2     9
 -8.4114066744890748E-02 a      1130     1     2     2    10
 -1.7711477133164974E-01 a      1131     1     2     2    11
 -1.3349196094066437E-01 a      1132     1     2     2    12
  1.3822563724718162E-01 a      1133     1     2     2    13
 -3.5322282490369750E-01 a      1134     1     2     2    14
 -5.2469705844191827E-01 a      1135     1     2     2    15
  3.9312671748573413E-01 a      1136     1     2     2    16
 -3.4548839699452871E-01 a      1137     1     2     2    17
  5.5720860956205522E-02 a      1138     1     2     2    18
 -3.9308258523613498E-01 a      1139     1     2     2    19
 -8.7727929904967986E-02 a      1140     1     2     2    20
 -4.1146973868850673E-01 a      1141     1     3     2     1
 -4.8677504055177195E-01 a      1142     1     3     2     2
  3.8357016290510576E-01 a      1143     1     3     2     3
 -2.3747408840673009E-01 a      1144     1     3     2     4
 -2.8427720695766850E-01 a      1145     1     3     2     5
 -2.2765718657412323E-01 a      1146     1     3     2     6
  2.0958470107998808E-01 a      1147     1     3     2     7
 -7.4748806948036417E-01 a      1148     1     3     2     8
  2.9549286978092665E-01 a      1149     1     3     2     9
 -1.2071901823985596E-02 a      1150     1     3     2    10
  5.8759702942949743E-01 a      1151     1     3     2    11
  9.8333180232258496E-02 a      1152     1     3     2    12
  5.9093108306433795E-01 a      1153     1     3     2    13
 -7.5901826201954448E-01 a      1154     1     3     2    14
  2.0479656807481164E-03 a      1155     1     3     2    15
 -3.2860800155177550E-01 a      1156     1     3     2    16
 -1.7640535635390017E-01 a      1157     1     3     2    17
 -1.0833301526567576E-01 a      1158     1     3     2    18
  8.0130638545883959E-01 a      1159     1     3     2    19
  3.9207546872887605E-02 a      1160     1     3     2    20
  1.2818031599790641E-01 a      1161     1     4     2     1
  5.0113113455286618E-01 a      1162     1     4     2     2
 -5.3401665233164175E-01 a      1163     1     4     2     3
  6.3277085339600647E-01 a      1164     1     4     2     4
  3.6732874901066304E-01 a      1165     1     4     2     5
  4.5286861929790707E-02 a      1166     1     4     2     6
 -1.9852317637669198E-01 a      1167     1     4     2     7
 -2.8350784421179154E-01 a      1168     1     4     2     8
  2.1076289817970750E-01 a      1169     1     4     2     9
  7.0800291029016826E-01 a      1170     1     4     2    10
 -1.6484268590456405E-01 a      1171     1     4     2    11
  3.2273104030625205E-01 a      1172     1     4     2    12
 -2.5970145623754720E-01 a      1173     1     4     2    13
  6.3428282858177654E-01 a      1174     1     4     2    14
  3.7402795408735429E-01 a      1175     1     4     2    15
  3.5295552516382894E-01 a      1176     1     4     2    16
  3.0760812687294176E-01 a      1177     1     4     2    17
 -3.5116179936407932E-01 a      1178     1     4     2    18
  7.5069791003647335E-01 a      1179     1     4     2    19
 -5.1921920153589249E-02 a      1180     1     4     2    20
 -1.7424509384781056E-01 a      1181     1     5     2     1
  3.7926657755296994E-01 a      1182     1     5     2     2
  3.3889553186882698E-01 a      1183     1     5     2     3
  3.5841513025224248E-01 a      1184     1     5     2     4
 -1.2900603450073536E-01 a      1185     1     5     2     5
 -6.7578907299478810E-02 a      1186     1     5     2     6
  4.9997496844066602E-01 a      1187     1     5     2     7
  1.3123812538462981E-01 a      1188     1     5     2     8
 -3.3224591561962197E-01 a      1189     1     5     2     9
  3.3258732295759730E-01 a      1190     1     5     2    10
 -3.0889500724274743E-01 a      1191     1     5     2    11
 -1.1101821581514217E-01 a      1192     1     5     2    12
 -3.2980065619224846E-01 a      1193     1     5     2    13
 -1.3846043344240835E-01 a      1194     1     5     2    14
  1.1498183076739500E-01 a      1195     1     5     2    15
 -4.5855984569135444E-01 a      1196     1     5     2    16
 -7.5150600493307884E-01 a      1197     1     5     2    17
 -1.7532667675677183E-01 a      1198     1     5     2    18
  8.6736305568062028E-02 a      1199     1     5     2    19
  3.2823354218374717E-01 a      1200     1     5     2    20
 -4.0481562403318816E-01 a      1201     1     6     2     1
  3.0271989132360794E-01 a      1202     1     6     2     2
 -6.7265573059891548E-01 a      1203     1     6     2     3
  6.0788979433372421E-02 a      1204     1     6     2     4
  5.1558751970945360E-01 a      1205     1     6     2     5
 -3.0379342970999035E-01 a      1206     1     6     2     6
 -2.5368523121992587E-01 a      1207     1     6     2     7
  2.3651107148899378E-01 a      1208     1     6     2     8
  4.6988286856932721E-01 a      1209     1     6     2     9
  4.5996706141761967E-01 a      1210     1     6     2    10
  5.8728427404058270E-01 a      1211     1     6     2    11
 -3.9744830461079639E-01 a      1212     1     6     2    12
  3.9127620145056341E-01 a      1213     1     6     2    13
  8.0571412448535684E-01 a      1214     1     6     2    14
  5.4410229988454062E-01 a      1215     1     6     2    15
 -4.9952498380374993E-02 a      1216     1     6     2    16
  2.5372367674621893E-01 a      1217     1     6     2    17
 -8.8904215316622526E-01 a      1218     1     6     2    18
 -1.6027002382050864E-01 a      1219     1     6     2    19
 -4.7667640298775060E-01 a      1220     1     6     2    20
 -6.3499787515529504E-01 a      1221     1     7     2     1
  5.2276980247357818E-01 a      1222     1     7     2     2
 -7.4329958948266905E-01 a      1223     1     7     2     3
  4.5696261804361393E-01 a      1224     1     7     2     4
 -3.1868561557644542E-01 a      1225     1     7     2     5
 -8.3618414145066788E-01 a      1226     1     7     2     6
  4.7480134575722754E-02 a      1227     1     7     2     7
 -7.4669451171877477E-01 a      1228     1     7     2     8
  8.0328491279523961E-02 a      1229     1     7     2     9
 -2.2791527542273324E-01 a      1230     1     7     2    10
  7.4842534554411522E-01 a      1231     1     7     2    11
 -3.9325796107987815E-01 a      1232     1     7     2    12
  1.0802239297292002E-01 a      1233     1     7     2    13
 -6.6498149531431924E-03 a      1234     1     7     2    14
  4.8459035705837705E-02 a      1235     1     7     2    15
 -5.0851186874328203E-01 a      1236     1     7     2    16
 -8.2888544064580916E-01 a      1237     1     7     2    17
 -8.2070232766072371E-01 a      1238     1     7     2    18
  2.2867551888760759E-01 a      1239     1     7     2    19
  2.0303159299522272E-01 a      1240     1     7     2    20
  6.4326960501301134E-01 a      1241     1     8     2     1
 -5.3249135721486829E-01 a      1242     1     8     2     2
 -2.4250829982984576E-01 a      1243     1     8     2     3
 -2.4482143390237657E-01 a      1244     1     8     2     4
 -5.8585289795075735E-01 a      1245     1     8     2     5
 -2.9082713846965702E-02 a      1246     1     8     2     6
 -6.0233657796988205E-01 a      1247     1     8     2     7
 -9.6042665233994712E-02 a      1248     1     8     2     8
  5.7038860483965254E-02 a      1249     1     8     2     9
 -7.2486454133529098E-03 a      1250     1     8     2    10
  2.4793038746505497E-01 a      1251     1     8     2    11
 -6.9152343564151053E-01 a      1252     1     8     2    12
 -2.2966530499653126E-01 a      1253     1     8     2    13
  1.3823226075268916E-01 a      1254     1     8     2    14
 -1.3252583053335137E-01 a      1255     1     8     2    15
  4.0148140612253175E-01 a      1256     1     8     2    16
  1.2361291530564061E-01 a      1257     1     8     2    17
 -5.1666691049814373E-01 a      1258     1     8     2    18
  4.4305472544438729E-01 a      1259     1     8     2    19
  3.8253499470604330E-02 a      1260     1     8     2    20
 -5.4538891478752205E-01 a      1261     1     9     2     1
  6.7737269104933484E-01 a      1262     1     9     2     2
  8.0012087617289170E-03 a      1263     1     9     2     3
  1.5552591548717062E-01 a      1264     1     9     2     4
 -1.1784016285471488E+00 a      1265     1     9     2     5
  4.0201487219761323E-01 a      1266     1     9     2     6
  4.0057924812635676E-01 a      1267     1     9     2     7
 -3.1614483085548944E-01 a      1268     1     9     2     8
  1.4926368369352697E-01 a      1269     1     9     2     9
  1.4240022312408554E-01 a      1270     1     9     2    10
 -3.9037701264786334E-01 a      1271     1     9     2    11
 -2.4948372473285449E-01 a      1272     1     9     2    12
 -7.1364157622520297E-02 a      1273     1     9     2    13
 -1.1352253178159346E+00 a      1274     1     9     2    14
  5.5818251875440095E-01 a      1275     1     9     2    15
 -6.9530336149429037E-02 a      1276     1     9     2    16
 -2.3405833484959485E-01 a      1277     1     9     2    17
  4.9955125354288854E-01 a      1278     1     9     2    18
 -3.1450235966188733E-01 a      1279     1     9     2    19
  2.0212040319084232E-01 a      1280     1     9     2    20
  7.2005174436844344E-01 a      1281     1    10     2     1
 -7.3199464565797331E-02 a      1282     1    10     2     2
 -5.0183457153786037E-01 a      1283     1    10     2     3
 -2.5465654800901705E-01 a      1284     1    10     2     4
  4.0656287869130858E-01 a      1285     1    10     2     5
 -4.4984636931978912E-02 a      1286     1    10     2     6
 -1.1891509442825039E-01 a      1287     1    10     2     7
 -2.2048734725241345E-01 a      1288     1    10     2     8
 -4.0784723570629300E-01 a      1289     1    10     2     9
 -1.4978617598933058E-01 a      1290     1    10     2    10
 -3.0492241933257225E-01 a      1291     1    10     2    11
 -9.6108998665108289E-02 a      1292     1    10     2    12
 -5.3552585659915330E-01 a      1293     1    10     2    13
  4.8015755670827848E-01 a      1294     1    10     2    14
 -4.2383449428360337E-01 a      1295     1    10     2    15
  1.5202586352378231E-01 a      1296     1    10     2    16
  1.9731557822848955E-01 a      1297     1    10     2    17
  9.6969184550679030E-02 a      1298     1    10     2    18
  3.4573514415851248E-01 a      1299     1    10     2    19
 -5.2575497746332145E-01 a      1300     1    10     2    20
  3.0515462334430310E-01 a      1301     1    11     2     1
 -4.7237772934689048E-01 a      1302     1    11     2     2
  1.8385651345835455E-01 a      1303     1    11     2     3
  1.7998503490721793E-01 a      1304     1    11     2     4
  7.3565696318580021E-01 a      1305     1    11     2     5
 -6.3934631314285048E-02 a      1306     1    11     2     6
  1.3201590202840477E-01 a      1307     1    11     2     7
 -2.1414192685343122E-01 a      1308     1    11     2     8
 -1.1852952193619221E-02 a      1309     1    11     2     9
  6.3243730254120212E-01 a      1310     1    11     2    10
 -3.0051158344390311E-01 a      1311     1    11     2    11
 -2.6540375778779624E-01 a      1312     1    11     2    12
 -5.5252207033738154E-01 a      1313     1    11     2    13
 -4.7819242404733703E-01 a      1314     1    11     2    14
 -2.8512120601837587E-01 a      1315     1    11     2    15
  2.9981818969274082E-01 a      1316     1    11     2    16
 -1.1350021533185486E-01 a      1317     1    11     2    17
 -2.7105999045228679E-01 a      1318     1    11     2    18
 -6.2589769304790999E-01 a      1319     1    11     2    19
 -1.0077194926432844E+00 a      1320     1    11     2    20
  2.1690315718108308E-01 a      1321     1    12     2     1
  1.2455639902931822E-02 a      1322     1    12     2     2
 -2.0011697832106595E-01 a      1323     1    12     2     3
  3.0663317353298153E-01 a      1324     1    12     2     4
 -5.9170880485975197E-01 a      1325     1    12     2     5
  5.9262277019282827E-01 a      1326     1    12     2     6
  2.2603599872166802E-01 a      1327     1    12     2     7
  6.5212091448995901E-01 a      1328     1    12     2     8
  1.1651659970204466E-01 a      1329     1    12     2     9
  6.1158726606033043E-01 a      1330     1    12     2    10
  2.2766444076019954E-02 a      1331     1    12     2    11
  3.7124361088280805E-01 a      1332     1    12     2    12
  8.4253352899159195E-02 a      1333     1    12     2    13
 -4.9103004066434386E-01 a      1334     1    12     2    14
  4.1223496944534460E-01 a      1335     1    12     2    15
  1.8199213524520669E-01 a      1336     1    12     2    16
 -5.0781768059990262E-01 a      1337     1    12     2    17
 -5.4295117670625281E-01 a      1338     1    12     2    18
 -4.9320997853818022E-01 a      1339     1    12     2    19
  3.9193277827338474E-01 a      1340     1    12     2    20
  1.0527608978622404E-02 a      1341     1    13     2     1
 -7.1138634231670839E-01 a      1342     1    13     2     2
 -7.2215536772886957E-01 a      1343     1    13     2     3
 -9.0298562326166384E-02 a      1344     1    13     2     4
  9.9137784987038846E-01 a      1345     1    13     2     5
 -1.2629586985743993E-01 a      1346     1    13     2     6
 -8.4231919586984338E-01 a      1347     1    13     2     7
  4.0826587849740237E-01 a      1348     1    13     2     8
  4.7500147931538383E-01 a      1349     1    13     2     9
  4.5312678699668413E-01 a      1350     1    13     2    10
  1.3524496532749419E-01 a      1351     1    13     2    11
 -3.9600471477601581E-02 a      1352     1    13     2    12
 -1.5674260736711071E-01 a      1353     1    13     2    13
  7.6859747678737489E-01 a      1354     1    13     2    14
 -8.7929591981898453E-02 a      1355     1    13     2    15
 -1.9525392027349200E-01 a      1356     1    13     2    16
  1.5929045793267507E-01 a      1357     1    13     2    17
 -6.1490914864395763E-01 a      1358     1    13     2    18
 -6.4391242966760709E-01 a      1359     1    13     2    19
 -2.6435231826197686E-01 a      1360     1    13     2    20
 -2.9366093696549955E-01 a      1361     1    14     2     1
  3.9527685040664273E-01 a      1362     1    14     2     2
 -4.2354321203048345E-01 a      1363     1    14     2     3
  6.0446889941399085E-01 a      1364     1    14     2     4
 -5.5943290413720792E-01 a      1365     1    14     2     5
 -2.1483374342248890E-01 a      1366     1    14     2     6
 -1.3007537032899619E-01 a      1367     1    14     2     7
 -7.2351362620333814E-01 a      1368     1    14     2     8
 -5.3688941839204218E-01 a      1369     1    14     2     9
  7.2319261635674550E-02 a      1370     1    14     2    10
 -1.8817458973287066E-01 a      1371     1    14     2    11
  1.8243483162594093E-01 a      1372     1    14     2    12
  2.3843988073547870E-01 a      1373     1    14     2    13
 -1.8805197529564202E-01 a      1374     1    14     2    14
 -5.8033383084897794E-01 a      1375     1    14     2    15
  5.0583179672177370E-01 a      1376     1    14     2    16
 -4.8219715945744873E-01 a      1377     1    14     2    17
  3.6663684588672879E-01 a      1378     1    14     2    18
 -1.7987384038233939E-01 a      1379     1    14     2    19
 -6.8469686814271780E-01 a      1380     1    14     2    20
 -6.5358766979974614E-02 a      1381     1    15     2     1
  2.1044289282916684E-01 a      1382     1    15     2     2
  8.1748950027668832E-01 a      1383     1    15     2     3
 -1.8966270430815152E-01 a      1384     1    15     2     4
 -7.4334856561875085E-01 a      1385     1    15     2     5
 -4.6271614313041104E-01 a      1386     1    15     2     6
  3.0203230060064479E-01 a      1387     1    15     2     7
 -5.4251583177641483E-01 a      1388     1    15     2     8
 -4.3314548037006129E-01 a      1389     1    15     2     9
  1.4699569432573342E-01 a      1390     1    15     2    10
  5.3054162644459779E-01 a      1391     1    15     2    11
 -2.9232671176886349E-01 a      1392     1    15     2    12
 -5.2962225983651090E-01 a      1393     1    15     2    13
 -2.4351513121265611E-01 a      1394     1    15     2    14
 -1.5118689744338154E-01 a      1395     1    15     2    15
  1.3233374480109839E-01 a      1396     1    15     2    16
 -7.0385553825681735E-01 a      1397     1    15     2    17
  2.0341736803999300E-01 a      1398     1    15     2    18
 -8.1478472082442055E-01 a      1399     1    15     2    19
 -4.0932565609471017E-01 a      1400     1    15     2    20
 -5.8838694465674868E-01 a      1401     1    16     2     1
  2.1013207902016889E-01 a      1402     1    16     2     2
 -2.1726776687791072E-01 a      1403     1    16     2     3
  4.2041884589696976E-01 a      1404     1    16     2     4
  5.2903266510706570E-01 a      1405     1    16     2     5
  3.9923165570309088E-01 a      1406     1    16     2     6
  9.6380868974234840E-02 a      1407     1    16     2     7
 -7.5824627432166769E-01 a      1408     1    16     2     8
  3.5422642959694733E-01 a      1409     1    16     2     9
  2.1843149012896901E-01 a      1410     1    16     2    10
 -5.2761785666285721E-01 a      1411     1    16     2    11
 -2.0510552250092931E-01 a      1412     1    16     2    12
  9.5348313112271307E-02 a      1413     1    16     2    13
  6.9837970179249087E-01 a      1414     1    16     2    14
 -1.7283105895376771E-01 a      1415     1    16     2    15
  3.7659045674180280E-01 a      1416     1    16     2    16
  4.3997386879212014E-01 a      1417     1    16     2    17
  2.3372484491402695E-01 a      1418     1    16     2    18
 -3.7855839070634056E-01 a      1419     1    16     2    19
 -9.4843158720824862E-03 a      1420     1    16     2    20
 -2.7096740345471781E-01 a      1421     1    17     2     1
  1.1879518777744982E-01 a      1422     1    17     2     2
 -4.1201627892895759E-01 a      1423     1    17     2     3
  5.2019381419791684E-02 a      1424     1    17     2     4
 -9.9398708027576096E-02 a      1425     1    17     2     5
 -3.8859041292968211E-01 a      1426     1    17     2     6
 -5.8187716562399161E-01 a      1427     1    17     2     7
 -5.3478298766129717E-01 a      1428     1    17     2     8
 -6.7732700950824898E-01 a      1429     1    17     2     9
  4.7625431579467220E-01 a      1430     1    17     2    10
  2.1155418835266174E-02 a      1431     1    17     2    11
 -2.4080142721930681E-01 a      1432     1    17     2    12
 -6.9372361538313920E-01 a      1433     1    17     2    13
 -8.3047082046824164E-02 a      1434     1    17     2    14
 -9.0582847913530579E-02 a      1435     1    17     2    15
  5.1694174502847745E-01 a      1436     1    17     2    16
 -2.2724612752761220E-01 a      1437     1    17     2    17
  3.0488889872793762E-01 a      1438     1    17     2    18
 -2.9667314899480317E-02 a      1439     1    17     2    19
 -4.8241098755346756E-01 a      1440     1    17     2    20
  1.6124058367576385E-01 a      1441     1    18     2     1
  4.9809574991104028E-01 a      1442     1    18     2     2
 -1.8336023326577217E-01 a      1443     1    18     2     3
  3.0574198526501789E-01 a      1444     1    18     2     4
  1.1715963750878397E-01 a      1445     1    18     2     5
 -2.3395214870497319E-01 a      1446     1    18     2     6
 -5.6414405405593471E-01 a      1447     1    18     2     7
 -4.8475554401386584E-01 a      1448     1    18     2     8
  6.3194669394268455E-01 a      1449     1    18     2     9
 -2.6552497637602107E-01 a      1450     1    18     2    10
 -1.5340555066812837E-02 a      1451     1    18     2    11
  1.8398763415786984E-01 a      1452     1    18     2    12
  2.4421663519959533E-02 a      1453     1    18     2    13
  4.7864407740767928E-01 a      1454     1    18     2    14
  5.6773655920416111E-01 a      1455     1    18     2    15
  1.8109846693411460E-01 a      1456     1    18     2    16
 -9.7479544389861950E-02 a      1457     1    18     2    17
 -1.4583629151059271E-01 a      1458     1    18     2    18
 -3.5237635146916846E-01 a      1459     1    18     2    19
  6.0578364127038664E-01 a      1460     1    18     2    20
  3.3526064744201084E-01 a      1461     1    19     2     1
  1.9252261983415622E-01 a      1462     1    19     2     2
  4.9689329765548468E-01 a      1463     1    19     2     3
 -2.1759538764821751E-01 a      1464     1    19     2     4
 -1.2783109368990311E+00 a      1465     1    19     2     5
  1.9027806944469891E-01 a      1466     1    19     2     6
  4.8573299939107251E-02 a      1467     1    19     2     7
  2.4829772866508457E-01 a      1468     1    19     2     8
 -2.4474953852073544E-02 a      1469     1    19     2     9
 -2.5822505719052979E-01 a      1470     1    19     2    10
 -5.1216213356930462E-01 a      1471     1    19     2    11
 -1.1093706145714921E-01 a      1472     1    19     2    12
 -3.2966820317099588E-01 a      1473     1    19     2    13
 -7.2512262541431527E-01 a      1474     1    19     2    14
  6.2235370591510519E-01 a      1475     1    19     2    15
  2.1388036247945860E-01 a      1476     1    19     2    16
 -4.5682173230546752E-01 a      1477     1    19     2    17
  5.9172375649946807E-01 a      1478     1    19     2    18
 -7.4688837116098683E-01 a      1479     1    19     2    19
  1.8769574353682714E-01 a      1480     1    19     2    20
 -1.6625159536674633E-01 a      1481     1    20     2     1
 -1.4754294189738734E-01 a      1482     1    20     2     2
  4.1556022028211115E-01 a      1483     1    20     2     3
 -5.0298908628437256E-01 a      1484     1    20     2     4
  3.7736252486868904E-02 a      1485     1    20     2     5
  4.9248372438250049E-01 a      1486     1    20     2     6
 -3.4108834775047148E-01 a      1487     1    20     2     7
 -1.8123808908381336E-01 a      1488     1    20     2     8
  2.2227598524454273E-01 a      1489     1    20     2     9
  5.6632192884442756E-01 a      1490     1    20     2    10
 -1.8661352679016788E-01 a      1491     1    20     2    11
 -4.4520142318042022E-01 a      1492     1    20     2    12
  1.1067531882516767E-01 a      1493     1    20     2    13
  3.5054699471613904E-01 a      1494     1    20     2    14
 -2.2367772548334508E-01 a      1495     1    20     2    15
 -5.1770261328176737E-01 a      1496     1    20     2    16
  2.0228042701209523E-01 a      1497     1    20     2    17
 -6.3809832970421199E-01 a      1498     1    20     2    18
  6.3664917145955124E-01 a      1499     1    20     2    19
  5.1318609655463909E-01 a      1500     1    20     2    20
 -1.0815822169664753E+00 b      1501     2     1
 -4.1473849025854043E-01 b      1502     2     2
  6.9895334380617224E-01 b      1503     2     3
  1.2680726684502628E+00 b      1504     2     4
 -1.7129658900389524E-01 b      1505     2     5
 -8.8551599144428794E-01 b      1506     2     6
 -1.1568795278912394E+00 b      1507     2     7
  3.8777979364980758E-01 b      1508     2     8
  3.4326515379370581E-01 b      1509     2     9
 -5.1230928610235127E-01 b      1510     2    10
  3.4358037831181888E-02 b      1511     2    11
  1.1904530411574730E+00 b      1512     2    12
  3.1650383465967286E-01 b      1513     2    13
 -1.1264169466740843E+00 b      1514     2    14
  1.5895157512252933E+00 b      1515     2    15
 -1.5233983277448719E+00 b      1516     2    16
 -1.1002362455738259E+00 b      1517     2    17
  8.4815521950338024E-01 b      1518     2    18
 -6.2927560819158590E-01 b      1519     2    19
  4.2515040178727131E-01 b      1520     2    20
  7.2517537750895555E-01 a      1521     2     1     3     1
  5.9866821373958079E-01 a      1522     2     2     3     1
 -1.6373043778508352E+00 a      1523     2     3     3     1
  5.1446600233795503E-01 a      1524     2     4     3     1
 -1.1893742707145319E-01 a      1525     2     5     3     1
  5.5058268991819270E-01 a      1526     2     6     3     1
  9.5589543143200770E-02 a      1527     2     7     3     1
 -1.8432926547830963E+00 a      1528     2     8     3     1
 -1.4246071975506058E+00 a      1529     2     9     3     1
  1.3150304766724887E+00 a      1530     2    10     3     1
  7.7979222686495409E-01 a      1531     2    11     3     1
 -4.9896316038565119E-01 a      1532     2    12     3     1
 -1.2528432607979960E+00 a      1533     2    13     3     1
  1.5532971268039264E+00 a      1534     2    14     3     1
 -1.7061452974590223E+00 a      1535     2    15     3     1
  1.7922956547745037E+00 a      1536     2    16     3     1
 -3.5874579005732550E-02 a      1537     2    17     3     1
  2.9758694574630973E-01 a      1538     2    18     3     1
 -1.1693863374819245E-01 a      1539     2    19     3     1
 -6.2890743812057492E-01 a      1540     2    20     3     1
 -1.6850439926556382E+00 b      1541     3     1
