################################################################################
# Neural network connection values (weights and biases).
################################################################################
# Col  Name       Description
################################################################################
# 1    connection Neural network connection value.
# 2    t          Connection type (a = weight, b = bias).
# 3    index      Index enumerating weights.
# 4    l_s        Starting point layer (end point layer for biases).
# 5    n_s        Starting point neuron in starting layer (end point neuron for biases).
# 6    l_e        End point layer.
# 7    n_e        End point neuron in end layer.
################################################################################
#                      1 2         3     4     5     6     7
#             connection t     index   l_s   n_s   l_e   n_e
############################################################
 -2.9978867481634408E-01 a         1     0     1     1     1
  6.5252136417347117E-01 a         2     0     1     1     2
  5.4954360216464285E-02 a         3     0     1     1     3
  2.1351154120872834E-01 a         4     0     1     1     4
 -2.8864252889841346E-01 a         5     0     1     1     5
  7.8398551945029510E-02 a         6     0     1     1     6
 -5.9453096193994921E-02 a         7     0     1     1     7
  1.3549615012944380E-01 a         8     0     1     1     8
  5.0979828599782562E-01 a         9     0     1     1     9
 -4.0327245109241849E-01 a        10     0     1     1    10
 -3.4893688192449429E-01 a        11     0     1     1    11
  4.5526425787754210E-01 a        12     0     1     1    12
  3.9625758934947569E-01 a        13     0     1     1    13
 -7.1008006677105726E-03 a        14     0     1     1    14
 -1.1343766527950155E-01 a        15     0     1     1    15
 -7.3870915001118462E-02 a        16     0     1     1    16
 -2.7625659158684263E-01 a        17     0     1     1    17
  9.6515794632400995E-02 a        18     0     1     1    18
  5.8899619220103350E-01 a        19     0     1     1    19
  5.6975824499656125E-01 a        20     0     1     1    20
  1.0375175430442476E-01 a        21     0     2     1     1
 -2.9344636563291643E-01 a        22     0     2     1     2
  2.2059315897718151E-01 a        23     0     2     1     3
  2.7023026106883712E-02 a        24     0     2     1     4
 -2.9822634143828475E-01 a        25     0     2     1     5
  4.6839891310478020E-02 a        26     0     2     1     6
 -8.5605013854484810E-02 a        27     0     2     1     7
  1.5727436207348333E-01 a        28     0     2     1     8
 -3.3348020778179599E-01 a        29     0     2     1     9
 -1.5446946591406086E-01 a        30     0     2     1    10
  1.0336199793717221E-01 a        31     0     2     1    11
 -8.7635372161955924E-02 a        32     0     2     1    12
  2.7296940698575588E-02 a        33     0     2     1    13
  2.5454629510369753E-02 a        34     0     2     1    14
  3.0754868015827685E-01 a        35     0     2     1    15
 -1.1985487771006487E-01 a        36     0     2     1    16
 -4.4508172562330542E-02 a        37     0     2     1    17
 -2.6781355638732673E-01 a        38     0     2     1    18
  4.8344705842607374E-02 a        39     0     2     1    19
 -6.1575704222260788E-02 a        40     0     2     1    20
 -1.6911751167542330E-01 a        41     0     3     1     1
  6.2048527373424145E-02 a        42     0     3     1     2
 -1.5769150206270310E-01 a        43     0     3     1     3
  4.6618723489834063E-01 a        44     0     3     1     4
  3.7708988494134045E-02 a        45     0     3     1     5
 -5.9586174538347650E-02 a        46     0     3     1     6
  3.5980911759828527E-01 a        47     0     3     1     7
 -2.6325038093155806E-01 a        48     0     3     1     8
  3.9673619627075074E-01 a        49     0     3     1     9
  2.2967451641743458E-01 a        50     0     3     1    10
 -1.3657217950041090E-01 a        51     0     3     1    11
  1.1552559414648692E-01 a        52     0     3     1    12
 -1.0455547897059957E-01 a        53     0     3     1    13
  4.8335676554998389E-02 a        54     0     3     1    14
 -6.0934310920123336E-01 a        55     0     3     1    15
 -3.2451826697712551E-02 a        56     0     3     1    16
  3.6425315755497054E-02 a        57     0     3     1    17
  6.5639404819048885E-01 a        58     0     3     1    18
 -2.6639526283864158E-02 a        59     0     3     1    19
  1.6969618517914398E-01 a        60     0     3     1    20
 -2.1042803280680777E-01 a        61     0     4     1     1
 -3.9524185012624014E-01 a        62     0     4     1     2
 -1.5801501106474072E-01 a        63     0     4     1     3
 -1.1071296551274534E+00 a        64     0     4     1     4
  3.8343556719387870E-02 a        65     0     4     1     5
 -4.6919229291043718E-01 a        66     0     4     1     6
 -2.3726261094799658E-01 a        67     0     4     1     7
  1.0476616056176016E+00 a        68     0     4     1     8
 -4.1346028006480218E-01 a        69     0     4     1     9
  5.3960635362662579E-01 a        70     0     4     1    10
  2.5025889891784991E-01 a        71     0     4     1    11
 -2.7450640610485416E-01 a        72     0     4     1    12
  3.7702879214413987E-01 a        73     0     4     1    13
 -1.2859105235056185E+00 a        74     0     4     1    14
 -6.0282814415746544E-01 a        75     0     4     1    15
 -4.0619766009944908E-01 a        76     0     4     1    16
  8.3707471837874206E-02 a        77     0     4     1    17
  3.4846201100738439E-01 a        78     0     4     1    18
 -3.3866728340570956E-01 a        79     0     4     1    19
  3.3525223278172721E-02 a        80     0     4     1    20
 -3.1925250849901116E-01 a        81     0     5     1     1
  4.4455105647554832E-01 a        82     0     5     1     2
 -5.4661992434255258E-01 a        83     0     5     1     3
  1.5063528383406199E-01 a        84     0     5     1     4
  3.7916161982743107E-01 a        85     0     5     1     5
  2.4879936136068723E-01 a        86     0     5     1     6
  1.9511908279948417E-01 a        87     0     5     1     7
 -3.0720541471399399E-01 a        88     0     5     1     8
  7.1825366407359037E-01 a        89     0     5     1     9
  5.8038189410828922E-01 a        90     0     5     1    10
 -1.7739704015691005E-01 a        91     0     5     1    11
  1.7075794686222592E-01 a        92     0     5     1    12
  2.0192302153683817E-01 a        93     0     5     1    13
 -1.4266891775974661E-01 a        94     0     5     1    14
 -6.3894264155160285E-01 a        95     0     5     1    15
  2.3453622947994721E-01 a        96     0     5     1    16
  1.4647922418536780E-01 a        97     0     5     1    17
  4.7669863096720844E-01 a        98     0     5     1    18
  2.3975819509262172E-01 a        99     0     5     1    19
  4.4699651033241161E-01 a       100     0     5     1    20
 -1.4963873183397006E-01 a       101     0     6     1     1
  2.7469625211395976E-01 a       102     0     6     1     2
 -3.3223386031267349E-01 a       103     0     6     1     3
 -1.7323827865551766E+00 a       104     0     6     1     4
  3.6622386301780135E-01 a       105     0     6     1     5
 -3.2956705032525896E-01 a       106     0     6     1     6
 -2.2378819270847597E-01 a       107     0     6     1     7
  3.3178781554875414E-02 a       108     0     6     1     8
 -6.7323748903239022E-01 a       109     0     6     1     9
  1.8482114120113396E-01 a       110     0     6     1    10
 -1.5194072619062765E-01 a       111     0     6     1    11
  1.8501215637582891E-01 a       112     0     6     1    12
 -2.2681889008204906E-01 a       113     0     6     1    13
 -5.0518049955280875E-01 a       114     0     6     1    14
  5.7800255370256803E-01 a       115     0     6     1    15
  4.0937548033178706E-01 a       116     0     6     1    16
 -3.4988336847217127E-01 a       117     0     6     1    17
 -6.2723957494532767E-01 a       118     0     6     1    18
 -9.0871420058666774E-02 a       119     0     6     1    19
 -1.3231826546570385E-01 a       120     0     6     1    20
 -1.8741223726344028E-01 a       121     0     7     1     1
  2.9809730048162092E-01 a       122     0     7     1     2
 -7.5868324431937278E-02 a       123     0     7     1     3
  4.1912603724300168E-01 a       124     0     7     1     4
 -4.8698221865171970E-01 a       125     0     7     1     5
 -8.6157800536351026E-01 a       126     0     7     1     6
 -9.4560860953936079E-02 a       127     0     7     1     7
  2.1563415727656088E-01 a       128     0     7     1     8
 -1.9076971758307376E-01 a       129     0     7     1     9
  1.1668668959562169E-01 a       130     0     7     1    10
 -2.0075681730907277E-01 a       131     0     7     1    11
  3.6482811922294217E-01 a       132     0     7     1    12
  4.0205877630188604E-02 a       133     0     7     1    13
  1.8061008530136335E-01 a       134     0     7     1    14
 -7.8638710000884660E-01 a       135     0     7     1    15
 -5.5817045629808504E-01 a       136     0     7     1    16
 -2.4020500016735998E-02 a       137     0     7     1    17
  1.2839247905773281E-02 a       138     0     7     1    18
  4.4859949421549417E-01 a       139     0     7     1    19
  6.3450057971346274E-01 a       140     0     7     1    20
 -9.9505331524727791E-02 a       141     0     8     1     1
  5.1398898431998075E-01 a       142     0     8     1     2
 -9.2294180282522564E-02 a       143     0     8     1     3
 -1.4241260722916083E-01 a       144     0     8     1     4
 -1.1689570078590437E-01 a       145     0     8     1     5
  9.9201987356430960E-02 a       146     0     8     1     6
 -2.2167883596202595E-01 a       147     0     8     1     7
 -2.7669387871385104E-01 a       148     0     8     1     8
  4.3520645965739851E-01 a       149     0     8     1     9
 -2.0559495221101376E-01 a       150     0     8     1    10
 -5.4775884476374652E-02 a       151     0     8     1    11
  6.4083728378681828E-02 a       152     0     8     1    12
  5.0044750392412851E-01 a       153     0     8     1    13
  1.6812664506855921E-01 a       154     0     8     1    14
  1.5105490358181811E-01 a       155     0     8     1    15
  1.3209892474444540E-01 a       156     0     8     1    16
 -3.5624631065238756E-02 a       157     0     8     1    17
  3.0435062365993887E-01 a       158     0     8     1    18
 -2.2340739862647382E-01 a       159     0     8     1    19
  9.2507825486077583E-02 a       160     0     8     1    20
 -1.6618401095733407E-01 a       161     0     9     1     1
  1.5233103899218103E-01 a       162     0     9     1     2
 -9.0926984710964956E-02 a       163     0     9     1     3
 -2.1999893245623672E-01 a       164     0     9     1     4
  5.3007896387050624E-01 a       165     0     9     1     5
 -2.4179177734080001E-01 a       166     0     9     1     6
 -6.3942864783206516E-02 a       167     0     9     1     7
  1.8868910168998576E-01 a       168     0     9     1     8
 -1.0927806490368194E-01 a       169     0     9     1     9
 -2.6670633287778155E-02 a       170     0     9     1    10
 -5.7084414728135691E-01 a       171     0     9     1    11
 -5.6984919168681286E-02 a       172     0     9     1    12
 -2.2483017163656968E-01 a       173     0     9     1    13
 -8.7796528382144315E-02 a       174     0     9     1    14
  4.5491883008502029E-02 a       175     0     9     1    15
 -5.4411306450633357E-01 a       176     0     9     1    16
  3.0540805629077511E-01 a       177     0     9     1    17
  3.7205206006923947E-01 a       178     0     9     1    18
 -3.6871262281988219E-02 a       179     0     9     1    19
  1.2809849572531212E-02 a       180     0     9     1    20
 -2.5565337917750031E-01 a       181     0    10     1     1
  9.3511927957569768E-02 a       182     0    10     1     2
 -3.7832526307072255E-02 a       183     0    10     1     3
 -5.5795308518801257E-01 a       184     0    10     1     4
 -8.3455704883820217E-02 a       185     0    10     1     5
 -1.8803988273801883E-01 a       186     0    10     1     6
  2.2893704429970615E-01 a       187     0    10     1     7
  3.7935501979236758E-01 a       188     0    10     1     8
 -3.6982003080221626E-01 a       189     0    10     1     9
  1.2214366928185658E-01 a       190     0    10     1    10
  1.5786896102301193E-01 a       191     0    10     1    11
 -1.2305324835533780E-01 a       192     0    10     1    12
  2.7134765867908545E-01 a       193     0    10     1    13
 -4.5271501154993715E-01 a       194     0    10     1    14
 -8.9493978707967631E-02 a       195     0    10     1    15
 -9.8706549973953145E-02 a       196     0    10     1    16
  4.1785300272761339E-02 a       197     0    10     1    17
  3.1079304338025804E-01 a       198     0    10     1    18
  6.4886337423613952E-02 a       199     0    10     1    19
  4.5281282651957838E-01 a       200     0    10     1    20
 -1.2185402340071942E-01 a       201     0    11     1     1
 -2.4544490869336233E-01 a       202     0    11     1     2
  2.0445763665628121E-02 a       203     0    11     1     3
  1.7528768760185753E-01 a       204     0    11     1     4
 -1.8747862316722411E-01 a       205     0    11     1     5
 -2.1844578100753461E-02 a       206     0    11     1     6
  1.3804344055568113E-01 a       207     0    11     1     7
 -9.4685867697144113E-02 a       208     0    11     1     8
 -6.0795746518358462E-01 a       209     0    11     1     9
 -5.4839895898430413E-01 a       210     0    11     1    10
 -1.0231469495816285E-01 a       211     0    11     1    11
 -3.2604392861497672E-01 a       212     0    11     1    12
 -7.6243954290289948E-02 a       213     0    11     1    13
 -1.3498063830111282E-01 a       214     0    11     1    14
  3.7129802322472838E-01 a       215     0    11     1    15
 -9.8285564061660238E-02 a       216     0    11     1    16
  2.2298500111893027E-01 a       217     0    11     1    17
 -7.5081380333903602E-01 a       218     0    11     1    18
 -2.1061102252573766E-01 a       219     0    11     1    19
 -2.3699134152838319E-01 a       220     0    11     1    20
 -4.0337450436984196E-01 a       221     0    12     1     1
 -4.5313399159185369E-01 a       222     0    12     1     2
 -7.6154662942920770E-01 a       223     0    12     1     3
 -5.2164776669912860E-01 a       224     0    12     1     4
 -1.3929058024683985E-01 a       225     0    12     1     5
 -2.3648944648489686E-01 a       226     0    12     1     6
  1.4295135585324292E-01 a       227     0    12     1     7
 -2.7812484074280114E-01 a       228     0    12     1     8
  1.6193387849900373E-01 a       229     0    12     1     9
  4.1199282162972484E-01 a       230     0    12     1    10
  6.3415927387158910E-01 a       231     0    12     1    11
  6.5444849389303705E-01 a       232     0    12     1    12
  3.2539606283127853E-01 a       233     0    12     1    13
 -6.0358533116585539E-02 a       234     0    12     1    14
 -1.5091405745679576E+00 a       235     0    12     1    15
 -3.9738793560983582E-01 a       236     0    12     1    16
  1.3232083515558674E-01 a       237     0    12     1    17
  9.5254900393146391E-01 a       238     0    12     1    18
  5.3261068426492297E-01 a       239     0    12     1    19
 -3.3154556400346299E-02 a       240     0    12     1    20
 -3.0445413998651100E-02 a       241     0    13     1     1
 -3.2485895970965642E-02 a       242     0    13     1     2
 -6.5855890181752696E-02 a       243     0    13     1     3
  5.4899544554607205E-01 a       244     0    13     1     4
 -3.9095405224984831E-01 a       245     0    13     1     5
 -1.2678565050603486E-02 a       246     0    13     1     6
 -2.5733444277325862E-01 a       247     0    13     1     7
 -3.3020792616539542E-02 a       248     0    13     1     8
  3.1641086551919585E-02 a       249     0    13     1     9
  4.3729772285201463E-01 a       250     0    13     1    10
 -1.5712884201624688E-01 a       251     0    13     1    11
  3.0507181895647939E-01 a       252     0    13     1    12
 -8.7030163336408312E-03 a       253     0    13     1    13
 -5.5987410197635805E-02 a       254     0    13     1    14
 -3.6455870080534591E-01 a       255     0    13     1    15
 -4.5386842097297930E-01 a       256     0    13     1    16
  2.6716430800090240E-02 a       257     0    13     1    17
  1.4484708444667788E-01 a       258     0    13     1    18
 -2.4368384966805914E-01 a       259     0    13     1    19
  1.0866297965466161E-01 a       260     0    13     1    20
  3.2030525228606971E-01 a       261     0    14     1     1
  5.6103057878601315E-01 a       262     0    14     1     2
 -6.7295060872564560E-01 a       263     0    14     1     3
  2.1250983962435727E-01 a       264     0    14     1     4
  1.5217778600890283E-01 a       265     0    14     1     5
  2.4688942793243426E-01 a       266     0    14     1     6
  1.7968530634079605E-01 a       267     0    14     1     7
  2.0892522168001443E-01 a       268     0    14     1     8
 -3.2459309472774638E-02 a       269     0    14     1     9
  7.2181233625069818E-01 a       270     0    14     1    10
 -2.8179065114941432E-01 a       271     0    14     1    11
  3.1636810320410802E-01 a       272     0    14     1    12
  2.2685029263391832E-01 a       273     0    14     1    13
 -8.3262047590343755E-03 a       274     0    14     1    14
 -3.7868197407978432E-01 a       275     0    14     1    15
  1.7500956582685909E-01 a       276     0    14     1    16
 -3.9299060620474224E-01 a       277     0    14     1    17
  1.0346504532924416E-02 a       278     0    14     1    18
  3.7848822934552367E-01 a       279     0    14     1    19
 -4.8317688555631472E-01 a       280     0    14     1    20
  3.2390982235003585E-01 a       281     0    15     1     1
  3.6067454411553496E-01 a       282     0    15     1     2
  3.5674664563238340E-01 a       283     0    15     1     3
 -8.1445848367145424E-01 a       284     0    15     1     4
  5.3100461139800992E-01 a       285     0    15     1     5
  3.0012081388618955E-01 a       286     0    15     1     6
 -4.6488800602185587E-01 a       287     0    15     1     7
 -1.1913810350491751E-01 a       288     0    15     1     8
 -9.9974772247746882E-02 a       289     0    15     1     9
 -3.4681733025590888E-01 a       290     0    15     1    10
 -1.8437311378722787E-01 a       291     0    15     1    11
 -1.2095402126401124E-01 a       292     0    15     1    12
  8.5323872170690013E-02 a       293     0    15     1    13
 -1.1453490303548629E-01 a       294     0    15     1    14
  1.0871566290455672E+00 a       295     0    15     1    15
 -1.2139392575985145E-01 a       296     0    15     1    16
 -1.0097234165480966E-01 a       297     0    15     1    17
 -3.8317376807471637E-01 a       298     0    15     1    18
  2.1675415749118895E-01 a       299     0    15     1    19
  1.7243806503874931E-01 a       300     0    15     1    20
 -1.4157131624519118E-01 a       301     0    16     1     1
  4.3694871626414739E-01 a       302     0    16     1     2
  3.3651204510425914E-01 a       303     0    16     1     3
 -6.2241388582042045E-01 a       304     0    16     1     4
  2.6405958887689701E-01 a       305     0    16     1     5
 -3.0202053100498916E-01 a       306     0    16     1     6
  8.4099360778996310E-02 a       307     0    16     1     7
  2.7917941025493359E-01 a       308     0    16     1     8
  1.4095051210265588E-01 a       309     0    16     1     9
 -3.7252293300679484E-01 a       310     0    16     1    10
  2.8050871588225440E-01 a       311     0    16     1    11
 -1.5078252923699495E-01 a       312     0    16     1    12
  1.9825051863572546E-01 a       313     0    16     1    13
 -4.2626671284673033E-02 a       314     0    16     1    14
 -2.2395542973238466E-01 a       315     0    16     1    15
  8.8853562384907755E-02 a       316     0    16     1    16
 -2.2055555914008229E-03 a       317     0    16     1    17
  4.0154136920813188E-01 a       318     0    16     1    18
  1.4506319845807206E-01 a       319     0    16     1    19
  5.7568687792754270E-01 a       320     0    16     1    20
 -2.6030619496955049E-01 a       321     0    17     1     1
  7.1298271698261070E-02 a       322     0    17     1     2
  4.0004229158757440E-02 a       323     0    17     1     3
 -2.6003647310174538E-01 a       324     0    17     1     4
  5.5007858618513528E-01 a       325     0    17     1     5
  6.0081917769927155E-02 a       326     0    17     1     6
  1.7433011070741605E-01 a       327     0    17     1     7
 -1.4166109840529192E-01 a       328     0    17     1     8
  5.5088479302931752E-02 a       329     0    17     1     9
 -1.1330336902937292E+00 a       330     0    17     1    10
 -2.4427460095316342E-01 a       331     0    17     1    11
 -7.1967233699059422E-03 a       332     0    17     1    12
 -3.3675329731015433E-02 a       333     0    17     1    13
  1.2721244308830398E-01 a       334     0    17     1    14
  4.0933261726164671E-01 a       335     0    17     1    15
  4.3731968803165280E-02 a       336     0    17     1    16
  4.6745141562427212E-01 a       337     0    17     1    17
  5.4635052492235027E-02 a       338     0    17     1    18
  5.8387151777559188E-01 a       339     0    17     1    19
  1.4973572673396926E-01 a       340     0    17     1    20
  5.0478735635692343E-03 a       341     0    18     1     1
 -7.9414482234819644E-02 a       342     0    18     1     2
 -8.2181120419319423E-02 a       343     0    18     1     3
  9.4643904089515299E-02 a       344     0    18     1     4
  1.4684104987213871E-02 a       345     0    18     1     5
  3.3757288075142783E-01 a       346     0    18     1     6
  3.3407324868610572E-01 a       347     0    18     1     7
 -2.0838456179324519E-02 a       348     0    18     1     8
 -2.4920888243110628E-01 a       349     0    18     1     9
 -1.0668575196254236E-02 a       350     0    18     1    10
 -1.0508346529510092E-01 a       351     0    18     1    11
  1.6761126824760222E-01 a       352     0    18     1    12
 -6.2891185428012186E-01 a       353     0    18     1    13
 -4.7196030730825411E-01 a       354     0    18     1    14
 -2.4787431449791780E-01 a       355     0    18     1    15
  2.5177308835799783E-01 a       356     0    18     1    16
 -3.5926824989846673E-01 a       357     0    18     1    17
  3.9544680006301686E-01 a       358     0    18     1    18
 -4.7280140185575792E-01 a       359     0    18     1    19
 -5.2812986827157538E-01 a       360     0    18     1    20
  1.7079163503986497E-01 a       361     0    19     1     1
 -3.3099179323892791E-01 a       362     0    19     1     2
 -1.2683390026746358E-01 a       363     0    19     1     3
  3.3604128736535943E-01 a       364     0    19     1     4
 -6.6876814981795832E-02 a       365     0    19     1     5
 -1.1030107046289053E-01 a       366     0    19     1     6
 -1.2444078171042819E-01 a       367     0    19     1     7
 -1.8823268915132054E-02 a       368     0    19     1     8
 -4.5878029088138095E-02 a       369     0    19     1     9
  3.1015848653032840E-01 a       370     0    19     1    10
 -1.3437325957437136E-02 a       371     0    19     1    11
  7.9510951828689960E-02 a       372     0    19     1    12
 -2.5152671465436727E-01 a       373     0    19     1    13
  3.6566644216550280E-02 a       374     0    19     1    14
  9.5937933184252866E-02 a       375     0    19     1    15
 -5.0081281829314019E-02 a       376     0    19     1    16
  3.4799820028964847E-02 a       377     0    19     1    17
  6.2360664127043622E-02 a       378     0    19     1    18
 -6.3215452730373795E-02 a       379     0    19     1    19
 -8.4562852993518234E-02 a       380     0    19     1    20
  4.1554065790093470E-01 a       381     0    20     1     1
 -1.0920578554786242E-01 a       382     0    20     1     2
  1.0239001140267406E-01 a       383     0    20     1     3
  8.9791916436109315E-02 a       384     0    20     1     4
 -8.9243440993991854E-02 a       385     0    20     1     5
 -1.7640762687377282E-01 a       386     0    20     1     6
 -2.7369789781736037E-01 a       387     0    20     1     7
  4.1823965246049838E-01 a       388     0    20     1     8
 -8.1104936342401845E-01 a       389     0    20     1     9
  2.5114822178499679E-01 a       390     0    20     1    10
  5.2098401142233151E-02 a       391     0    20     1    11
 -2.1288214958918656E-02 a       392     0    20     1    12
 -3.5966256570659322E-01 a       393     0    20     1    13
  1.9151068893426126E-01 a       394     0    20     1    14
  1.9483106348658852E-01 a       395     0    20     1    15
 -1.0317905075780869E-01 a       396     0    20     1    16
 -2.2263103541473359E-01 a       397     0    20     1    17
 -4.8807069051452340E-01 a       398     0    20     1    18
 -3.7983585409774268E-01 a       399     0    20     1    19
 -1.2110250623663273E-01 a       400     0    20     1    20
  3.7196886966565523E-01 a       401     0    21     1     1
 -1.0825123871479313E-01 a       402     0    21     1     2
 -8.6347901624698090E-02 a       403     0    21     1     3
 -2.1992762188534637E-01 a       404     0    21     1     4
  3.4483174972495273E-01 a       405     0    21     1     5
 -7.2952661110686517E-02 a       406     0    21     1     6
 -5.0418796925603626E-01 a       407     0    21     1     7
 -1.0484720387649008E-02 a       408     0    21     1     8
  2.7034353137583927E-01 a       409     0    21     1     9
 -2.1957674292372409E-01 a       410     0    21     1    10
  2.5299355136904972E-01 a       411     0    21     1    11
 -8.9680948331016447E-02 a       412     0    21     1    12
  9.5292334781396468E-02 a       413     0    21     1    13
  2.4515613451155863E-01 a       414     0    21     1    14
 -3.2138281520626977E-01 a       415     0    21     1    15
 -3.7274432646727446E-01 a       416     0    21     1    16
  1.9636406556013816E-01 a       417     0    21     1    17
 -8.0182964188501207E-03 a       418     0    21     1    18
  5.5785422858589806E-01 a       419     0    21     1    19
  1.9031705116849640E-01 a       420     0    21     1    20
 -2.1070096752619102E-01 a       421     0    22     1     1
  3.6639810206057621E-01 a       422     0    22     1     2
  4.5309177082879742E-01 a       423     0    22     1     3
 -2.5150982643456044E-01 a       424     0    22     1     4
  1.3103510010759020E-01 a       425     0    22     1     5
  3.2658950442802037E-01 a       426     0    22     1     6
 -2.6640359115367740E-01 a       427     0    22     1     7
 -8.0648998420756068E-02 a       428     0    22     1     8
  1.3922202645269235E-01 a       429     0    22     1     9
 -1.4558259363125434E-01 a       430     0    22     1    10
  1.2045817222095427E-01 a       431     0    22     1    11
 -6.6885207280175385E-02 a       432     0    22     1    12
  1.7813728251323030E-01 a       433     0    22     1    13
 -8.6750193202193279E-02 a       434     0    22     1    14
  4.7435956429161437E-02 a       435     0    22     1    15
  7.9733792797588660E-02 a       436     0    22     1    16
  2.1289740619834407E-02 a       437     0    22     1    17
  2.1970524621112691E-01 a       438     0    22     1    18
 -5.0452587832627183E-02 a       439     0    22     1    19
  2.1632833002519652E-01 a       440     0    22     1    20
 -5.3589301788105947E-01 a       441     0    23     1     1
  1.7956762021434941E-01 a       442     0    23     1     2
 -7.8682754719267167E-01 a       443     0    23     1     3
  6.8760149216403457E-02 a       444     0    23     1     4
 -1.2480088742501226E-01 a       445     0    23     1     5
 -9.4060060475942064E-02 a       446     0    23     1     6
  6.5654835423274571E-01 a       447     0    23     1     7
 -1.8994382732642270E-01 a       448     0    23     1     8
  6.6597134505720135E-01 a       449     0    23     1     9
 -6.1186092852213853E-02 a       450     0    23     1    10
 -3.6290661009227060E-01 a       451     0    23     1    11
  1.9156528634113684E-01 a       452     0    23     1    12
  6.4360058927049646E-01 a       453     0    23     1    13
 -2.5793951359480344E-01 a       454     0    23     1    14
 -6.4112948538081926E-01 a       455     0    23     1    15
 -2.3160544388226628E-01 a       456     0    23     1    16
  2.3539489722980667E-01 a       457     0    23     1    17
  3.6465824621683496E-01 a       458     0    23     1    18
  5.1485442095149037E-01 a       459     0    23     1    19
  4.6798933311042158E-02 a       460     0    23     1    20
  1.2286769412350110E-01 a       461     0    24     1     1
  5.4558341234295793E-01 a       462     0    24     1     2
  1.2064599649225860E+00 a       463     0    24     1     3
  7.8789094501722251E-02 a       464     0    24     1     4
 -7.4398426778756077E-02 a       465     0    24     1     5
 -3.9172320948851680E-01 a       466     0    24     1     6
 -5.5081846460746868E-02 a       467     0    24     1     7
  3.3454133229698857E-01 a       468     0    24     1     8
 -5.5371170219719518E-02 a       469     0    24     1     9
 -1.9070702960140512E-01 a       470     0    24     1    10
  2.0668900671931678E-01 a       471     0    24     1    11
 -1.5095278659137426E-01 a       472     0    24     1    12
 -7.3962585693035821E-02 a       473     0    24     1    13
 -2.2196520592732714E-02 a       474     0    24     1    14
  6.3276676078997462E-01 a       475     0    24     1    15
  5.5849833889618006E-01 a       476     0    24     1    16
 -3.4144591658944945E-01 a       477     0    24     1    17
 -9.0666030250817209E-03 a       478     0    24     1    18
 -6.6503028500717454E-01 a       479     0    24     1    19
  2.4275038386413139E-01 a       480     0    24     1    20
  2.4524320038487368E-01 a       481     0    25     1     1
 -8.5269256325135392E-02 a       482     0    25     1     2
 -6.4850899170279835E-02 a       483     0    25     1     3
  7.0213351057285350E-02 a       484     0    25     1     4
  4.0837095365381035E-02 a       485     0    25     1     5
 -3.3720327255370852E-01 a       486     0    25     1     6
  4.6509807028484784E-02 a       487     0    25     1     7
  9.5562714573086113E-02 a       488     0    25     1     8
 -2.1262189586429395E-01 a       489     0    25     1     9
 -8.0416351894371324E-02 a       490     0    25     1    10
 -1.0808792134178003E-02 a       491     0    25     1    11
  1.5918575207774902E-02 a       492     0    25     1    12
 -2.1099761244705748E-01 a       493     0    25     1    13
  1.4681487605565061E-01 a       494     0    25     1    14
  1.4574531977303642E-02 a       495     0    25     1    15
 -1.5070393562939840E-02 a       496     0    25     1    16
 -3.4815406423351673E-02 a       497     0    25     1    17
 -1.3610526568646791E-01 a       498     0    25     1    18
  2.3805027238001743E-02 a       499     0    25     1    19
 -1.0215200083689716E-01 a       500     0    25     1    20
  3.7567529224426410E-01 a       501     0    26     1     1
 -1.3913314059589660E-01 a       502     0    26     1     2
  6.1981738878577697E-01 a       503     0    26     1     3
 -1.5923198071914718E-01 a       504     0    26     1     4
  1.0236025991557707E-01 a       505     0    26     1     5
 -9.2648017451941456E-02 a       506     0    26     1     6
 -2.3535348490082206E-01 a       507     0    26     1     7
  2.5934136423671234E-01 a       508     0    26     1     8
 -3.9567217515864772E-01 a       509     0    26     1     9
 -8.2558249933511289E-03 a       510     0    26     1    10
  1.8643415678136024E-01 a       511     0    26     1    11
 -1.1090816303646629E-01 a       512     0    26     1    12
 -4.4278580597829564E-01 a       513     0    26     1    13
  3.5379609132024414E-01 a       514     0    26     1    14
  3.5565235290611724E-01 a       515     0    26     1    15
  3.6752635325595105E-02 a       516     0    26     1    16
 -1.5836296233095609E-01 a       517     0    26     1    17
 -2.5399010635038105E-01 a       518     0    26     1    18
 -6.8783082055108680E-01 a       519     0    26     1    19
  6.0116261606443858E-02 a       520     0    26     1    20
 -9.7225763671122831E-02 a       521     0    27     1     1
 -8.8461212969010175E-02 a       522     0    27     1     2
 -5.7830730381140727E-01 a       523     0    27     1     3
 -2.7412554579441071E-04 a       524     0    27     1     4
  3.9539043379149409E-02 a       525     0    27     1     5
 -5.5358925048271650E-03 a       526     0    27     1     6
 -4.1593327203366587E-02 a       527     0    27     1     7
 -9.9204970405343235E-02 a       528     0    27     1     8
  1.7742737879338341E-01 a       529     0    27     1     9
  1.1619442130888485E-01 a       530     0    27     1    10
 -1.9563031196188552E-01 a       531     0    27     1    11
  6.9425988321293416E-02 a       532     0    27     1    12
  1.2229851052964124E-02 a       533     0    27     1    13
  1.2909281926404248E-01 a       534     0    27     1    14
 -6.6302339707893543E-01 a       535     0    27     1    15
 -2.9128264814970889E-01 a       536     0    27     1    16
  9.0301602858836386E-02 a       537     0    27     1    17
  1.5182603229745861E-01 a       538     0    27     1    18
 -1.6979436923864763E-01 a       539     0    27     1    19
  1.4501823559034535E-01 a       540     0    27     1    20
 -1.0970961734572658E-01 a       541     0    28     1     1
  1.5243137357769634E-01 a       542     0    28     1     2
  1.8817699530878937E-01 a       543     0    28     1     3
 -5.4297665012509488E-02 a       544     0    28     1     4
  6.7474562320874922E-03 a       545     0    28     1     5
 -3.0082120856828124E-04 a       546     0    28     1     6
 -1.4937986919377053E-01 a       547     0    28     1     7
  1.0473910960908643E-01 a       548     0    28     1     8
  1.9970210461899421E-01 a       549     0    28     1     9
  2.2506182790773332E-02 a       550     0    28     1    10
  1.2815367979539135E-02 a       551     0    28     1    11
  1.9114539594047505E-02 a       552     0    28     1    12
  1.0152867627561922E-01 a       553     0    28     1    13
  2.6511146570294918E-02 a       554     0    28     1    14
 -1.7151141252074387E-01 a       555     0    28     1    15
 -1.1657505239413581E-01 a       556     0    28     1    16
  5.1849831428014956E-02 a       557     0    28     1    17
  1.4905536170896050E-01 a       558     0    28     1    18
 -2.3205810257987761E-01 a       559     0    28     1    19
  2.0139101978101387E-01 a       560     0    28     1    20
 -2.1534481717790002E-01 a       561     0    29     1     1
  2.1199190176116159E-01 a       562     0    29     1     2
 -7.7765564672194898E-01 a       563     0    29     1     3
  8.7126325776974128E-02 a       564     0    29     1     4
 -3.3614766381130437E-02 a       565     0    29     1     5
 -3.5861302854473448E-01 a       566     0    29     1     6
 -1.4536691450413218E-02 a       567     0    29     1     7
  6.1681589590498853E-02 a       568     0    29     1     8
  4.2526670163939917E-01 a       569     0    29     1     9
 -1.3895652374664683E-01 a       570     0    29     1    10
 -6.4862246889002259E-02 a       571     0    29     1    11
  8.1086935257598566E-02 a       572     0    29     1    12
  4.2665590476844384E-01 a       573     0    29     1    13
 -1.6940593793206626E-01 a       574     0    29     1    14
 -5.1340369452946288E-01 a       575     0    29     1    15
 -1.9797358436159204E-01 a       576     0    29     1    16
  1.4435724655035057E-01 a       577     0    29     1    17
  1.0284824696642353E-01 a       578     0    29     1    18
  3.9082001380119519E-01 a       579     0    29     1    19
  2.5580854806565012E-01 a       580     0    29     1    20
 -7.4645963447982036E-02 a       581     0    30     1     1
  1.1268776971790092E-02 a       582     0    30     1     2
  3.4475812057722588E-01 a       583     0    30     1     3
 -5.2160057757775699E-02 a       584     0    30     1     4
  1.0391700807363731E-01 a       585     0    30     1     5
 -5.3416308871588669E-01 a       586     0    30     1     6
  3.8019982181882253E-02 a       587     0    30     1     7
  1.1190856889006653E-01 a       588     0    30     1     8
  5.9383080806887041E-02 a       589     0    30     1     9
  7.2710797409133249E-02 a       590     0    30     1    10
  1.1294944703650911E-01 a       591     0    30     1    11
  3.3566373560069161E-02 a       592     0    30     1    12
  1.3979109313519752E-02 a       593     0    30     1    13
  5.8834050794158613E-02 a       594     0    30     1    14
 -1.0500782508531195E-01 a       595     0    30     1    15
 -4.3272796922455163E-02 a       596     0    30     1    16
  1.8905194432025596E-01 a       597     0    30     1    17
  4.4481067725403450E-01 a       598     0    30     1    18
 -3.5585440051157775E-02 a       599     0    30     1    19
  5.2453661907875281E-02 a       600     0    30     1    20
  4.3130531803358874E-01 a       601     0    31     1     1
 -2.6001588886682370E-01 a       602     0    31     1     2
 -2.3336078666369037E-01 a       603     0    31     1     3
  7.0997160964985206E-01 a       604     0    31     1     4
 -1.0172447601155049E-02 a       605     0    31     1     5
  1.7924189058818393E-01 a       606     0    31     1     6
  2.6459823281424166E-01 a       607     0    31     1     7
 -2.7371054303544134E-01 a       608     0    31     1     8
  1.0397662254043996E+00 a       609     0    31     1     9
  4.4511702367073360E-03 a       610     0    31     1    10
 -7.5685777044738417E-02 a       611     0    31     1    11
  4.9180358763995562E-02 a       612     0    31     1    12
  4.9137508815026715E-01 a       613     0    31     1    13
  2.4535209750171610E-01 a       614     0    31     1    14
  4.5766823140698287E-01 a       615     0    31     1    15
  3.7252744422746453E-01 a       616     0    31     1    16
 -1.1419104980489540E-01 a       617     0    31     1    17
  2.2481439737501235E-01 a       618     0    31     1    18
 -4.3942152767509240E-01 a       619     0    31     1    19
 -4.7291575431146871E-01 a       620     0    31     1    20
 -8.1182498839899020E-04 a       621     0    32     1     1
  7.7354984379284467E-02 a       622     0    32     1     2
  3.8033785425043454E-01 a       623     0    32     1     3
 -5.1892611741387851E-01 a       624     0    32     1     4
  2.9000710968765148E-01 a       625     0    32     1     5
  3.5879743725227742E-01 a       626     0    32     1     6
  3.0177156105475167E-01 a       627     0    32     1     7
 -1.8973126795708539E-01 a       628     0    32     1     8
 -6.5535919836868328E-01 a       629     0    32     1     9
  3.6831698237514643E-01 a       630     0    32     1    10
 -5.8140711811457066E-02 a       631     0    32     1    11
 -7.9841289652244143E-02 a       632     0    32     1    12
 -5.6810691045781070E-01 a       633     0    32     1    13
  3.3851490228631437E-01 a       634     0    32     1    14
  3.4106097123252008E-02 a       635     0    32     1    15
 -1.1986727923035161E-01 a       636     0    32     1    16
 -3.0806576630955984E-01 a       637     0    32     1    17
 -3.7480037166555996E-01 a       638     0    32     1    18
  3.1359359020303940E-01 a       639     0    32     1    19
 -5.8593413351260282E-01 a       640     0    32     1    20
  8.3630744556812200E-02 a       641     0    33     1     1
  8.6373907013468296E-02 a       642     0    33     1     2
 -2.5108676130548468E-01 a       643     0    33     1     3
 -7.1280174645312902E-02 a       644     0    33     1     4
  2.4168830890117780E-02 a       645     0    33     1     5
 -4.6476286445395937E-01 a       646     0    33     1     6
  1.0963049525374662E-01 a       647     0    33     1     7
 -1.3154764397190865E-02 a       648     0    33     1     8
  3.6444023582718571E-01 a       649     0    33     1     9
  1.0120685474014621E-01 a       650     0    33     1    10
  1.0990785232389172E-01 a       651     0    33     1    11
  1.1569041130283808E-02 a       652     0    33     1    12
  9.9003042763326457E-02 a       653     0    33     1    13
  5.2513345653328281E-01 a       654     0    33     1    14
 -2.1181444505270680E-01 a       655     0    33     1    15
 -5.1319711405551229E-02 a       656     0    33     1    16
  2.5469794779927435E-01 a       657     0    33     1    17
 -1.6640017668687149E-01 a       658     0    33     1    18
 -4.2446559170752118E-01 a       659     0    33     1    19
 -3.3156172457241206E-01 a       660     0    33     1    20
 -6.1486018566069577E-02 a       661     0    34     1     1
 -6.5535585237929128E-01 a       662     0    34     1     2
  1.2144103117205554E-01 a       663     0    34     1     3
  1.2061788827502236E-01 a       664     0    34     1     4
 -1.3006044409927667E-01 a       665     0    34     1     5
 -1.5267864813194157E-01 a       666     0    34     1     6
  1.5599199404365782E-01 a       667     0    34     1     7
  3.4086077020877237E-02 a       668     0    34     1     8
 -3.1421008392641037E-01 a       669     0    34     1     9
 -9.0802908805153015E-01 a       670     0    34     1    10
 -2.9642437611082656E-01 a       671     0    34     1    11
  4.9293499214370054E-02 a       672     0    34     1    12
 -3.1332384388944207E-01 a       673     0    34     1    13
 -6.3837420012460636E-02 a       674     0    34     1    14
 -2.0075313835585124E-01 a       675     0    34     1    15
  4.6190091914716308E-01 a       676     0    34     1    16
 -3.7424837841485210E-02 a       677     0    34     1    17
  3.1610337492287260E-01 a       678     0    34     1    18
  1.5180639522847725E-01 a       679     0    34     1    19
  3.0605173416552101E-01 a       680     0    34     1    20
 -6.3189380427910516E-02 a       681     0    35     1     1
  2.8167211314234630E-01 a       682     0    35     1     2
  6.8036595452884030E-01 a       683     0    35     1     3
 -2.6366244688066742E-01 a       684     0    35     1     4
  9.3840920170068320E-01 a       685     0    35     1     5
  2.0445694133177106E-01 a       686     0    35     1     6
 -2.2497037394625499E-01 a       687     0    35     1     7
 -3.0748360002006864E-01 a       688     0    35     1     8
 -1.7157714956745147E+00 a       689     0    35     1     9
 -6.7918934978153833E-01 a       690     0    35     1    10
 -7.5177579310394038E-01 a       691     0    35     1    11
 -3.0366123622320368E-01 a       692     0    35     1    12
 -4.0231380323999349E-01 a       693     0    35     1    13
 -9.4509403351642610E-02 a       694     0    35     1    14
  8.1805655543644584E-01 a       695     0    35     1    15
  2.4893342436749308E-01 a       696     0    35     1    16
 -4.5272743911200550E-02 a       697     0    35     1    17
  7.5800178586015898E-01 a       698     0    35     1    18
 -5.4581267311373660E-01 a       699     0    35     1    19
 -1.2268737270048442E-02 a       700     0    35     1    20
  6.4045596943837624E-01 a       701     0    36     1     1
  3.0343323232105901E-01 a       702     0    36     1     2
  5.7778044349440949E-01 a       703     0    36     1     3
 -1.3133421834911291E-01 a       704     0    36     1     4
  3.5632281653288977E-01 a       705     0    36     1     5
  5.4264822067864503E-02 a       706     0    36     1     6
 -3.0709286958404791E-01 a       707     0    36     1     7
 -1.6385585192697352E-01 a       708     0    36     1     8
  1.2349344981992625E+00 a       709     0    36     1     9
 -5.0189904207857472E-01 a       710     0    36     1    10
  2.2552120225605171E-01 a       711     0    36     1    11
 -1.4279008437715551E-01 a       712     0    36     1    12
  8.4511674227573808E-01 a       713     0    36     1    13
  1.7463509033665892E-01 a       714     0    36     1    14
  1.1601248411478484E+00 a       715     0    36     1    15
  3.8493857472657367E-01 a       716     0    36     1    16
 -2.0731624522241776E-01 a       717     0    36     1    17
 -6.4927777201491910E-01 a       718     0    36     1    18
 -3.8481376260137930E-02 a       719     0    36     1    19
  2.6132904416052882E-01 a       720     0    36     1    20
 -1.3534177376266146E-01 a       721     0    37     1     1
 -7.2302936526116957E-01 a       722     0    37     1     2
 -1.8737624861790422E-02 a       723     0    37     1     3
 -2.0968631213067002E-01 a       724     0    37     1     4
  1.1732845805580479E-01 a       725     0    37     1     5
  1.8081258094113017E-01 a       726     0    37     1     6
 -2.0932409690127626E-01 a       727     0    37     1     7
 -2.8446212926046616E-01 a       728     0    37     1     8
  1.5994245042597463E-01 a       729     0    37     1     9
  2.3087829195693813E-01 a       730     0    37     1    10
  2.0410703712178629E-01 a       731     0    37     1    11
 -7.8044411101050690E-02 a       732     0    37     1    12
 -1.1804802227868311E-01 a       733     0    37     1    13
  1.2725563362839740E-01 a       734     0    37     1    14
 -4.6338220911315808E-01 a       735     0    37     1    15
  4.7802520539630228E-01 a       736     0    37     1    16
  3.7844247017350340E-03 a       737     0    37     1    17
  1.2243478299828327E-01 a       738     0    37     1    18
  3.4683036051958821E-01 a       739     0    37     1    19
  1.0968391634110682E-01 a       740     0    37     1    20
 -3.8215645717239122E-01 a       741     0    38     1     1
  7.7701862202240082E-02 a       742     0    38     1     2
  3.5666354185988958E-01 a       743     0    38     1     3
 -1.0961603923863231E-01 a       744     0    38     1     4
 -2.7115147082377705E-01 a       745     0    38     1     5
 -1.0335375332653839E-01 a       746     0    38     1     6
  2.5369446277144508E-01 a       747     0    38     1     7
  4.1372475219606963E-01 a       748     0    38     1     8
 -1.7034611586339582E-01 a       749     0    38     1     9
 -4.5399194572157336E-01 a       750     0    38     1    10
 -4.1747443786244209E-01 a       751     0    38     1    11
  1.9972936489536086E-01 a       752     0    38     1    12
  5.1901612626395525E-02 a       753     0    38     1    13
 -4.8215782276169888E-01 a       754     0    38     1    14
  7.7576242440473309E-01 a       755     0    38     1    15
  3.1807835849277592E-02 a       756     0    38     1    16
  4.6528379019849525E-01 a       757     0    38     1    17
  2.2793440041083307E-01 a       758     0    38     1    18
 -6.1408918504164167E-01 a       759     0    38     1    19
 -3.9428349959835463E-01 a       760     0    38     1    20
  8.1026868725162182E-02 a       761     0    39     1     1
 -1.6866092464805804E-01 a       762     0    39     1     2
  1.9637520776529907E-01 a       763     0    39     1     3
  2.9100928108507319E-02 a       764     0    39     1     4
  6.3253741187962592E-02 a       765     0    39     1     5
  2.7160337002476265E-01 a       766     0    39     1     6
 -2.5463417677982392E-01 a       767     0    39     1     7
  1.6283664187947516E-01 a       768     0    39     1     8
  2.6865589657465233E-01 a       769     0    39     1     9
 -9.6904792228069379E-03 a       770     0    39     1    10
 -6.2187830757890417E-02 a       771     0    39     1    11
 -1.5566525182074079E-02 a       772     0    39     1    12
 -4.1295562172987750E-02 a       773     0    39     1    13
 -1.5576569196888282E-01 a       774     0    39     1    14
  1.3785522208116974E-01 a       775     0    39     1    15
  1.0970342116067813E-01 a       776     0    39     1    16
 -2.8196371978006474E-01 a       777     0    39     1    17
  8.7828160092312701E-02 a       778     0    39     1    18
  1.6114633233283995E-01 a       779     0    39     1    19
  3.3570905503966175E-01 a       780     0    39     1    20
  4.0313488174095163E-01 a       781     0    40     1     1
  1.1577565564765384E-01 a       782     0    40     1     2
 -5.1383733730094694E-01 a       783     0    40     1     3
  2.6637208453269301E-01 a       784     0    40     1     4
  3.6936703888825551E-01 a       785     0    40     1     5
 -2.7545804597570395E-01 a       786     0    40     1     6
 -1.2143882733989769E-01 a       787     0    40     1     7
 -1.1390377035301828E-01 a       788     0    40     1     8
  5.2677108836397502E-01 a       789     0    40     1     9
  1.3106425684504903E+00 a       790     0    40     1    10
  6.1079156984325444E-01 a       791     0    40     1    11
  5.9493760594030033E-02 a       792     0    40     1    12
  3.9623833852896923E-01 a       793     0    40     1    13
 -3.1230541543995499E-01 a       794     0    40     1    14
  2.0730802116697405E-01 a       795     0    40     1    15
 -3.8405337537757732E-02 a       796     0    40     1    16
  1.0344729147148982E-01 a       797     0    40     1    17
 -2.3660992840683234E-01 a       798     0    40     1    18
  5.2168354605218259E-01 a       799     0    40     1    19
  9.8138553449551191E-02 a       800     0    40     1    20
  1.1344770235609877E-01 a       801     0    41     1     1
 -5.2480055870603268E-02 a       802     0    41     1     2
  7.3230051818958208E-01 a       803     0    41     1     3
  7.5596070434781237E-01 a       804     0    41     1     4
 -5.6104477819303833E-01 a       805     0    41     1     5
  6.1920577463169438E-02 a       806     0    41     1     6
  5.1102831494289647E-01 a       807     0    41     1     7
  4.5859847481896265E-01 a       808     0    41     1     8
  5.1791136954399575E-01 a       809     0    41     1     9
  8.3755125285988352E-01 a       810     0    41     1    10
  1.2366708903067583E+00 a       811     0    41     1    11
  6.6263950446552722E-01 a       812     0    41     1    12
 -3.7633217975083000E-01 a       813     0    41     1    13
  2.9246223508362307E-01 a       814     0    41     1    14
  7.4764936358523723E-03 a       815     0    41     1    15
 -8.4827926615836935E-01 a       816     0    41     1    16
  1.5745238207194761E+00 a       817     0    41     1    17
 -1.2066704873667651E+00 a       818     0    41     1    18
  3.5536380852176197E-01 a       819     0    41     1    19
  1.4252962061903787E-01 a       820     0    41     1    20
 -9.8334223920730074E-02 a       821     0    42     1     1
 -3.9103474856408749E-01 a       822     0    42     1     2
 -5.8595657462328365E-01 a       823     0    42     1     3
  3.3658106070840793E-01 a       824     0    42     1     4
 -2.7354855259050065E-01 a       825     0    42     1     5
  1.6687536430720942E-01 a       826     0    42     1     6
  2.6352386634398688E-02 a       827     0    42     1     7
 -8.2067872954125842E-01 a       828     0    42     1     8
  1.3854548329266461E-01 a       829     0    42     1     9
  1.8606598536740743E-01 a       830     0    42     1    10
  3.0902334748171362E-01 a       831     0    42     1    11
  5.6194996009467285E-02 a       832     0    42     1    12
 -1.7947932040078121E-01 a       833     0    42     1    13
  1.6188359352690843E-01 a       834     0    42     1    14
 -1.3611806243303364E+00 a       835     0    42     1    15
  2.6976244358631518E-01 a       836     0    42     1    16
 -3.8611964891902800E-02 a       837     0    42     1    17
  2.3873089042966150E-01 a       838     0    42     1    18
  3.9499191065679057E-01 a       839     0    42     1    19
 -1.4239782677786217E-01 a       840     0    42     1    20
 -6.2881425634111976E-02 a       841     0    43     1     1
 -2.1117580467766095E-01 a       842     0    43     1     2
 -2.1618258325096765E-01 a       843     0    43     1     3
  2.6600849760979777E-03 a       844     0    43     1     4
 -1.1983432136810437E-01 a       845     0    43     1     5
 -1.7292365688868239E-01 a       846     0    43     1     6
  8.3723237501238959E-02 a       847     0    43     1     7
 -2.6841451647046956E-02 a       848     0    43     1     8
  2.3384168497497543E-01 a       849     0    43     1     9
  1.7096453480930635E-01 a       850     0    43     1    10
  8.8294088559575767E-02 a       851     0    43     1    11
 -1.6493932211146700E-01 a       852     0    43     1    12
  2.2771323587793488E-01 a       853     0    43     1    13
 -9.7719674463365394E-02 a       854     0    43     1    14
 -5.3868507307628688E-01 a       855     0    43     1    15
  5.7185469534900710E-02 a       856     0    43     1    16
  8.7649254388580386E-02 a       857     0    43     1    17
  1.9709695026156281E-02 a       858     0    43     1    18
  2.0009239572503520E-01 a       859     0    43     1    19
  3.4353541539815502E-01 a       860     0    43     1    20
 -4.4939180299511869E-02 a       861     0    44     1     1
  2.4017725052195519E-02 a       862     0    44     1     2
 -3.0512371080305429E-02 a       863     0    44     1     3
 -4.3729871084422875E-02 a       864     0    44     1     4
  4.2839113013430054E-02 a       865     0    44     1     5
 -6.2713853676113887E-02 a       866     0    44     1     6
  2.2790474730482554E-01 a       867     0    44     1     7
 -2.3749430403031877E-02 a       868     0    44     1     8
 -4.4109522986247118E-01 a       869     0    44     1     9
 -1.6286030226055220E-01 a       870     0    44     1    10
 -3.3425504267047629E-02 a       871     0    44     1    11
  1.7641140144956011E-01 a       872     0    44     1    12
 -3.1328413393991028E-01 a       873     0    44     1    13
  6.3637764245075307E-02 a       874     0    44     1    14
  6.8369821572037393E-01 a       875     0    44     1    15
  9.1980298117418161E-02 a       876     0    44     1    16
  4.7428018102119621E-02 a       877     0    44     1    17
  5.4459123440732511E-02 a       878     0    44     1    18
 -2.6266984483087130E-01 a       879     0    44     1    19
  4.0725734876879797E-02 a       880     0    44     1    20
 -1.3734894046444804E-01 a       881     0    45     1     1
  1.1946477155396096E-01 a       882     0    45     1     2
  1.1607054514060539E-01 a       883     0    45     1     3
  1.4836451119632214E-02 a       884     0    45     1     4
  1.1257130366912617E-01 a       885     0    45     1     5
  6.7345473718509352E-02 a       886     0    45     1     6
 -2.9517398744307338E-01 a       887     0    45     1     7
 -1.5820130576519364E-01 a       888     0    45     1     8
  2.8100334294127349E-01 a       889     0    45     1     9
 -2.5182886467942454E-02 a       890     0    45     1    10
 -2.4179859355862227E-02 a       891     0    45     1    11
 -1.5242461110331179E-01 a       892     0    45     1    12
  2.5253740659442619E-01 a       893     0    45     1    13
 -2.2674294414547952E-01 a       894     0    45     1    14
  1.0584394995295751E-01 a       895     0    45     1    15
  2.4120268744549808E-01 a       896     0    45     1    16
  4.7075888539166277E-02 a       897     0    45     1    17
  2.0709897109039404E-02 a       898     0    45     1    18
  2.1121218997815100E-01 a       899     0    45     1    19
  5.5978457474627252E-01 a       900     0    45     1    20
  2.9459671837250961E-01 a       901     0    46     1     1
 -1.1067576261262639E-01 a       902     0    46     1     2
  1.1264417202157978E-01 a       903     0    46     1     3
 -2.1380691403852631E-01 a       904     0    46     1     4
 -3.3274404600860149E-03 a       905     0    46     1     5
 -2.5064201207846770E-01 a       906     0    46     1     6
  1.2309413799211483E-01 a       907     0    46     1     7
  2.5632305945941231E-01 a       908     0    46     1     8
  1.9441445131600596E-01 a       909     0    46     1     9
 -8.4277016147602107E-02 a       910     0    46     1    10
  1.6369877510873362E-01 a       911     0    46     1    11
 -1.4014521712827810E-01 a       912     0    46     1    12
 -5.4383892997660090E-03 a       913     0    46     1    13
  1.5710049267750697E-02 a       914     0    46     1    14
 -2.9731024700820552E-01 a       915     0    46     1    15
 -3.1659542129840640E-01 a       916     0    46     1    16
 -7.1835923336167368E-02 a       917     0    46     1    17
 -1.5815615421672569E-01 a       918     0    46     1    18
 -1.4464332427961876E-01 a       919     0    46     1    19
 -2.2972270739784845E-01 a       920     0    46     1    20
 -1.0038031200075059E-01 a       921     0    47     1     1
  3.8488934197498659E-02 a       922     0    47     1     2
 -3.5681174131420834E-01 a       923     0    47     1     3
  2.1228726589615957E-01 a       924     0    47     1     4
 -4.0646456974478384E-01 a       925     0    47     1     5
  2.8557384042496775E-01 a       926     0    47     1     6
  8.1006172025271994E-02 a       927     0    47     1     7
  1.0104916146894833E-02 a       928     0    47     1     8
 -4.9885484524135376E-01 a       929     0    47     1     9
  6.5073836007991037E-01 a       930     0    47     1    10
  3.4119113826254793E-02 a       931     0    47     1    11
 -7.0266563740670640E-02 a       932     0    47     1    12
 -6.6518336176702453E-01 a       933     0    47     1    13
  1.8040974209318197E-01 a       934     0    47     1    14
  5.1307685224722044E-01 a       935     0    47     1    15
  1.1727022112499737E-01 a       936     0    47     1    16
 -1.5675031999473840E-01 a       937     0    47     1    17
 -5.1695912852158521E-01 a       938     0    47     1    18
 -1.7775380911984867E-01 a       939     0    47     1    19
 -6.8228937429555492E-01 a       940     0    47     1    20
 -2.3129676588232054E-01 a       941     0    48     1     1
 -4.7987069596773201E-02 a       942     0    48     1     2
 -3.2679873017522038E-02 a       943     0    48     1     3
 -1.0550164045408057E-01 a       944     0    48     1     4
 -1.1140075437574605E-01 a       945     0    48     1     5
  2.8471476987686350E-01 a       946     0    48     1     6
  2.0086159115256710E-02 a       947     0    48     1     7
 -5.5902013555831709E-01 a       948     0    48     1     8
 -1.1864381500202643E-01 a       949     0    48     1     9
  3.1082146094253316E-01 a       950     0    48     1    10
  6.3674825991801187E-02 a       951     0    48     1    11
  1.9937901808834213E-01 a       952     0    48     1    12
 -6.7399971728663677E-01 a       953     0    48     1    13
  2.0463587560896096E-01 a       954     0    48     1    14
  4.9883850024616497E-02 a       955     0    48     1    15
  6.4196990838580312E-02 a       956     0    48     1    16
  2.2669992097037381E-01 a       957     0    48     1    17
  1.3040840606028400E-01 a       958     0    48     1    18
  3.6546193414537903E-01 a       959     0    48     1    19
  3.7940825124288130E-01 a       960     0    48     1    20
  9.9699357944553715E-02 a       961     0    49     1     1
 -3.9439347875461654E-02 a       962     0    49     1     2
 -1.2017640319972395E-02 a       963     0    49     1     3
 -4.1168747023746129E-02 a       964     0    49     1     4
 -5.4879618116035214E-02 a       965     0    49     1     5
 -1.3301221193659049E-01 a       966     0    49     1     6
  6.8956525433653298E-02 a       967     0    49     1     7
  4.2350803616939842E-03 a       968     0    49     1     8
  3.4569900891863697E-01 a       969     0    49     1     9
 -6.6304982755705774E-02 a       970     0    49     1    10
  1.6525977511350526E-01 a       971     0    49     1    11
 -2.3603451770730421E-02 a       972     0    49     1    12
  2.5461120979124707E-01 a       973     0    49     1    13
 -9.3077119593502206E-02 a       974     0    49     1    14
 -1.3003919321069132E-01 a       975     0    49     1    15
 -5.4225397422979063E-02 a       976     0    49     1    16
 -1.0473935763438383E-01 a       977     0    49     1    17
 -2.5141980668582847E-01 a       978     0    49     1    18
  2.3182297038389721E-01 a       979     0    49     1    19
  1.2805102737157031E-01 a       980     0    49     1    20
  5.1747217829480419E-01 a       981     0    50     1     1
  4.5943113763461096E-01 a       982     0    50     1     2
  3.8629371029068361E-02 a       983     0    50     1     3
  6.5090021528217012E-01 a       984     0    50     1     4
  1.1228632716675015E-01 a       985     0    50     1     5
  3.0941405039244896E-01 a       986     0    50     1     6
 -7.6399833083211222E-01 a       987     0    50     1     7
 -4.2744834780812702E-01 a       988     0    50     1     8
  2.7743418645011853E-01 a       989     0    50     1     9
  1.8022074670609778E-01 a       990     0    50     1    10
  3.2923490768952596E-01 a       991     0    50     1    11
 -3.8424892606585886E-01 a       992     0    50     1    12
 -2.7746192168647660E-01 a       993     0    50     1    13
  5.2981401166353115E-01 a       994     0    50     1    14
  9.5727062024096934E-02 a       995     0    50     1    15
 -3.1596781775267391E-01 a       996     0    50     1    16
 -1.9262964760112841E-02 a       997     0    50     1    17
 -4.5630378170637020E-01 a       998     0    50     1    18
 -4.8104409674446019E-01 a       999     0    50     1    19
 -1.8571095031695289E-01 a      1000     0    50     1    20
 -2.4172514697965067E-02 a      1001     0    51     1     1
  6.2728230672976115E-02 a      1002     0    51     1     2
 -1.4476294280607116E-01 a      1003     0    51     1     3
 -3.4150779761257466E-02 a      1004     0    51     1     4
  8.4335667611616510E-02 a      1005     0    51     1     5
 -4.3118329365023916E-01 a      1006     0    51     1     6
 -3.1919589156361984E-02 a      1007     0    51     1     7
  1.6873502327061366E-02 a      1008     0    51     1     8
 -4.9888756524939751E-02 a      1009     0    51     1     9
 -8.0997629684935554E-02 a      1010     0    51     1    10
  6.8364275855964815E-02 a      1011     0    51     1    11
 -4.4459822766585695E-03 a      1012     0    51     1    12
  1.8208585184523447E-03 a      1013     0    51     1    13
  1.7053236425649515E-01 a      1014     0    51     1    14
 -3.5049718965235455E-01 a      1015     0    51     1    15
 -3.6844111329753911E-02 a      1016     0    51     1    16
  1.5505134049160266E-01 a      1017     0    51     1    17
  4.6809830723806206E-02 a      1018     0    51     1    18
 -1.0223380025804249E-01 a      1019     0    51     1    19
 -7.1709793596819310E-02 a      1020     0    51     1    20
 -5.4609602850078187E-01 a      1021     0    52     1     1
 -6.8909645004792866E-02 a      1022     0    52     1     2
  1.7938358186036671E-01 a      1023     0    52     1     3
 -3.5252680630021682E-01 a      1024     0    52     1     4
 -6.1602923574436264E-01 a      1025     0    52     1     5
  1.4967901720406443E-01 a      1026     0    52     1     6
 -1.8777904887178773E-01 a      1027     0    52     1     7
 -5.4177847811609586E-02 a      1028     0    52     1     8
  3.9623256291518283E-01 a      1029     0    52     1     9
 -2.6802557742789751E-01 a      1030     0    52     1    10
 -2.0053172630039121E-01 a      1031     0    52     1    11
 -3.6405169854458040E-02 a      1032     0    52     1    12
  2.4051674862728989E-01 a      1033     0    52     1    13
  3.2011745723384388E-02 a      1034     0    52     1    14
 -5.4116949529498248E-01 a      1035     0    52     1    15
  1.6685850631031503E-02 a      1036     0    52     1    16
 -2.8414251606338048E-01 a      1037     0    52     1    17
  2.3803099208263320E-01 a      1038     0    52     1    18
 -4.9825334629455048E-01 a      1039     0    52     1    19
  2.5670043288472522E-01 a      1040     0    52     1    20
 -2.1889248563010158E-01 a      1041     0    53     1     1
 -4.0497461296585520E-03 a      1042     0    53     1     2
  5.4996494590785738E-01 a      1043     0    53     1     3
  4.4247599857440900E-01 a      1044     0    53     1     4
 -9.5337440913942484E-01 a      1045     0    53     1     5
 -3.4498640426929006E-01 a      1046     0    53     1     6
 -2.6567561393372169E-01 a      1047     0    53     1     7
  3.5231748869364310E-01 a      1048     0    53     1     8
 -1.4394934908078627E-01 a      1049     0    53     1     9
 -2.2166652782513091E-01 a      1050     0    53     1    10
 -7.5865294168827135E-01 a      1051     0    53     1    11
 -6.0546077955855782E-01 a      1052     0    53     1    12
  1.0859517542488162E+00 a      1053     0    53     1    13
  1.5363461757640692E-01 a      1054     0    53     1    14
  4.5641763847083364E-02 a      1055     0    53     1    15
 -6.6178278274897073E-01 a      1056     0    53     1    16
 -7.9777128283044174E-01 a      1057     0    53     1    17
 -8.4245453516486046E-02 a      1058     0    53     1    18
 -4.4628910166173130E-01 a      1059     0    53     1    19
 -3.1061380404690420E-01 a      1060     0    53     1    20
  1.3478163046596164E-01 a      1061     0    54     1     1
  1.9150507223839066E-02 a      1062     0    54     1     2
  5.0994135714238706E-02 a      1063     0    54     1     3
 -6.6090955688491600E-05 a      1064     0    54     1     4
  4.8491522892935623E-01 a      1065     0    54     1     5
 -3.8913246304681619E-03 a      1066     0    54     1     6
 -2.9756388340630063E-01 a      1067     0    54     1     7
  7.0514220556553708E-01 a      1068     0    54     1     8
 -2.6504776226341503E-01 a      1069     0    54     1     9
 -2.3238352796035003E-01 a      1070     0    54     1    10
  2.0119383178212744E-01 a      1071     0    54     1    11
 -6.5056802515870121E-02 a      1072     0    54     1    12
 -7.4628598475141206E-01 a      1073     0    54     1    13
 -1.9304623087401988E-02 a      1074     0    54     1    14
  5.7987876724684551E-01 a      1075     0    54     1    15
  1.7804205815571622E-01 a      1076     0    54     1    16
  9.8010806960573627E-02 a      1077     0    54     1    17
  3.6411390202186622E-01 a      1078     0    54     1    18
  3.6023645176037677E-01 a      1079     0    54     1    19
  2.8911840425685281E-01 a      1080     0    54     1    20
  2.9747759405611196E-01 b      1081     1     1
 -1.2626869160678604E+00 b      1082     1     2
  1.3143066154774434E+00 b      1083     1     3
 -3.0474216337696930E-01 b      1084     1     4
 -9.0139321485032298E-01 b      1085     1     5
 -1.3397086402213851E+00 b      1086     1     6
  7.8508281671325819E-01 b      1087     1     7
 -1.4555973698497706E+00 b      1088     1     8
  8.4673543517936467E-01 b      1089     1     9
  7.1316532035691971E-01 b      1090     1    10
 -6.6196602020720985E-01 b      1091     1    11
  9.9195294202129192E-01 b      1092     1    12
 -7.8129314291307006E-01 b      1093     1    13
  1.1041686725954283E+00 b      1094     1    14
 -1.4980913218355172E+00 b      1095     1    15
  5.2842743468703801E-01 b      1096     1    16
 -9.5445999545010007E-01 b      1097     1    17
  5.7086686527859853E-01 b      1098     1    18
 -9.9597379576805811E-01 b      1099     1    19
  1.4185278477737782E+00 b      1100     1    20
 -4.1359151462356397E-01 a      1101     1     1     2     1
  2.5948268165239302E-01 a      1102     1     1     2     2
 -8.4054215417944278E-01 a      1103     1     1     2     3
 -4.1044265271181096E-01 a      1104     1     1     2     4
 -3.8369382892949722E-01 a      1105     1     1     2     5
  1.8379503791322197E-02 a      1106     1     1     2     6
 -1.3452752712673074E-01 a      1107     1     1     2     7
 -3.3496081635368080E-01 a      1108     1     1     2     8
 -3.5100765331606859E-01 a      1109     1     1     2     9
 -3.0054610848491786E-01 a      1110     1     1     2    10
  6.7520731095313558E-01 a      1111     1     1     2    11
 -2.7680784299280475E-01 a      1112     1     1     2    12
 -2.4986924592584242E-01 a      1113     1     1     2    13
  3.9727992690381103E-01 a      1114     1     1     2    14
 -3.5647232002154750E-01 a      1115     1     1     2    15
  3.8837507574894831E-01 a      1116     1     1     2    16
 -2.1660924954479563E-01 a      1117     1     1     2    17
 -3.3443172757795214E-01 a      1118     1     1     2    18
 -1.7496483522143270E-02 a      1119     1     1     2    19
 -3.4611878174495325E-01 a      1120     1     1     2    20
 -5.0442590512150842E-01 a      1121     1     2     2     1
 -3.2024161934946682E-01 a      1122     1     2     2     2
 -1.7506242923287565E-01 a      1123     1     2     2     3
  3.9789370909478744E-01 a      1124     1     2     2     4
 -1.4459411127427663E-01 a      1125     1     2     2     5
 -4.2653869456097526E-01 a      1126     1     2     2     6
  6.7770536599080977E-01 a      1127     1     2     2     7
  1.1335619211164247E+00 a      1128     1     2     2     8
  4.8954914172928687E-01 a      1129     1     2     2     9
 -5.7530715804026356E-01 a      1130     1     2     2    10
  4.6182376062482650E-01 a      1131     1     2     2    11
 -6.3747724769868108E-01 a      1132     1     2     2    12
 -5.3235149199797538E-01 a      1133     1     2     2    13
  2.6512737114249929E-01 a      1134     1     2     2    14
 -4.7724225791085612E-01 a      1135     1     2     2    15
 -5.9000356075149396E-01 a      1136     1     2     2    16
 -7.1052414185477997E-01 a      1137     1     2     2    17
 -2.7523851529222398E-01 a      1138     1     2     2    18
  1.3438244110496297E-01 a      1139     1     2     2    19
 -2.1880793306336060E-01 a      1140     1     2     2    20
 -3.0264887972383647E-01 a      1141     1     3     2     1
 -6.2616347664614280E-01 a      1142     1     3     2     2
 -2.3266742365505355E-01 a      1143     1     3     2     3
 -4.1730401112559279E-01 a      1144     1     3     2     4
 -8.2046272191907443E-01 a      1145     1     3     2     5
  6.5695524331022626E-01 a      1146     1     3     2     6
  2.9890622759777247E-01 a      1147     1     3     2     7
 -2.0841545647912557E-01 a      1148     1     3     2     8
 -8.1961701454149449E-01 a      1149     1     3     2     9
 -1.6064110577598073E-01 a      1150     1     3     2    10
  5.1949625368962704E-01 a      1151     1     3     2    11
 -5.6736933707283332E-01 a      1152     1     3     2    12
 -7.5111820508345495E-01 a      1153     1     3     2    13
 -3.8668714176019231E-01 a      1154     1     3     2    14
 -7.5618162466065253E-01 a      1155     1     3     2    15
 -2.6336067271925839E-01 a      1156     1     3     2    16
  1.7154339366146684E-01 a      1157     1     3     2    17
  3.2934760892567838E-01 a      1158     1     3     2    18
  2.2293786979282251E-01 a      1159     1     3     2    19
 -7.2370408095896455E-01 a      1160     1     3     2    20
  2.8199097726245148E-01 a      1161     1     4     2     1
 -4.7763525567764170E-01 a      1162     1     4     2     2
  5.9319213765569778E-01 a      1163     1     4     2     3
  4.9750023444796121E-01 a      1164     1     4     2     4
  2.6979993345091813E-01 a      1165     1     4     2     5
 -1.1464919082542456E-01 a      1166     1     4     2     6
  6.7106702723731940E-02 a      1167     1     4     2     7
  1.1251477037200093E+00 a      1168     1     4     2     8
  1.0249231537403038E-01 a      1169     1     4     2     9
  3.3848999182219469E-01 a      1170     1     4     2    10
 -2.4836532517613333E-01 a      1171     1     4     2    11
 -1.6858274753306210E-01 a      1172     1     4     2    12
 -2.8208709122935305E-01 a      1173     1     4     2    13
 -5.5679255914832471E-01 a      1174     1     4     2    14
 -2.3785887433046032E-01 a      1175     1     4     2    15
 -4.7785860923608664E-01 a      1176     1     4     2    16
 -2.0412629061775375E-01 a      1177     1     4     2    17
  9.3994391819702416E-01 a      1178     1     4     2    18
 -1.2375373534490894E-01 a      1179     1     4     2    19
 -4.6184343398122779E-01 a      1180     1     4     2    20
 -4.0172382781078037E-01 a      1181     1     5     2     1
 -6.1352867925670496E-01 a      1182     1     5     2     2
  9.4507855763226831E-02 a      1183     1     5     2     3
  5.5281386864153570E-01 a      1184     1     5     2     4
  4.8442640204171922E-01 a      1185     1     5     2     5
  1.2516768009102806E-02 a      1186     1     5     2     6
  5.7113094407977261E-01 a      1187     1     5     2     7
 -7.5075946231209978E-01 a      1188     1     5     2     8
  1.9367980514062033E-01 a      1189     1     5     2     9
 -1.1814327724518330E-01 a      1190     1     5     2    10
 -5.3792763712060254E-01 a      1191     1     5     2    11
 -3.0759743937567186E-01 a      1192     1     5     2    12
 -3.0233620568227426E-01 a      1193     1     5     2    13
 -9.6626900861832163E-02 a      1194     1     5     2    14
  3.5132315256990299E-01 a      1195     1     5     2    15
 -2.6812615732928596E-01 a      1196     1     5     2    16
 -2.2369159493981322E-01 a      1197     1     5     2    17
  4.3646105150554776E-01 a      1198     1     5     2    18
 -9.3529031074262070E-01 a      1199     1     5     2    19
  5.0637916638966729E-01 a      1200     1     5     2    20
  8.6079846394083037E-01 a      1201     1     6     2     1
 -4.8417807419687464E-01 a      1202     1     6     2     2
 -2.4442925132953880E-01 a      1203     1     6     2     3
  3.7213778852761070E-01 a      1204     1     6     2     4
 -1.6194195478335333E-01 a      1205     1     6     2     5
 -7.5013725236898282E-02 a      1206     1     6     2     6
  5.9511396141649457E-02 a      1207     1     6     2     7
  7.5478344276356724E-01 a      1208     1     6     2     8
  5.3498101537602083E-01 a      1209     1     6     2     9
 -4.1311076101816036E-01 a      1210     1     6     2    10
  1.1009222567701591E+00 a      1211     1     6     2    11
  5.8912474175131979E-01 a      1212     1     6     2    12
 -3.8688293557386344E-01 a      1213     1     6     2    13
  4.9018529614549328E-01 a      1214     1     6     2    14
 -3.0108464111680056E-01 a      1215     1     6     2    15
 -1.0173075873004679E-01 a      1216     1     6     2    16
  1.1008541649370363E+00 a      1217     1     6     2    17
 -7.3584872730351891E-01 a      1218     1     6     2    18
 -3.2012589791788576E-01 a      1219     1     6     2    19
 -4.0676788260563021E-02 a      1220     1     6     2    20
  1.3511153451229735E-01 a      1221     1     7     2     1
 -2.3166923650056628E-01 a      1222     1     7     2     2
  4.4488356823844988E-01 a      1223     1     7     2     3
 -3.4327165017264738E-01 a      1224     1     7     2     4
 -5.5745337950505613E-01 a      1225     1     7     2     5
 -6.7397029235242129E-02 a      1226     1     7     2     6
 -3.2945915102291508E-02 a      1227     1     7     2     7
  4.6017564997378391E-01 a      1228     1     7     2     8
  6.5575635463833090E-02 a      1229     1     7     2     9
  2.4931448401281397E-01 a      1230     1     7     2    10
 -4.1235141742473929E-04 a      1231     1     7     2    11
 -1.3145382008971296E-01 a      1232     1     7     2    12
  5.1914685019866280E-01 a      1233     1     7     2    13
  4.7133335788061101E-02 a      1234     1     7     2    14
  2.5053465836319122E-01 a      1235     1     7     2    15
  1.0610534707484727E-01 a      1236     1     7     2    16
  2.8542707686672814E-01 a      1237     1     7     2    17
  2.4493936409213496E-01 a      1238     1     7     2    18
  4.2801281116064849E-01 a      1239     1     7     2    19
 -1.6460376453697659E-01 a      1240     1     7     2    20
  1.2924922723794979E-01 a      1241     1     8     2     1
 -2.9181503020703753E-01 a      1242     1     8     2     2
  2.6207024124553197E-01 a      1243     1     8     2     3
  5.4017351212342013E-01 a      1244     1     8     2     4
  5.1008416678896840E-01 a      1245     1     8     2     5
 -3.3341257397894147E-02 a      1246     1     8     2     6
 -1.8927904244636951E-01 a      1247     1     8     2     7
  5.9797239518830403E-01 a      1248     1     8     2     8
 -2.6258613927672836E-01 a      1249     1     8     2     9
 -3.5074943789979884E-01 a      1250     1     8     2    10
  6.9802654701989453E-01 a      1251     1     8     2    11
 -5.8870401387209903E-01 a      1252     1     8     2    12
  2.7266958407746045E-01 a      1253     1     8     2    13
  1.8521743676122523E-01 a      1254     1     8     2    14
  1.1864673896106175E-01 a      1255     1     8     2    15
 -4.6183650065160259E-02 a      1256     1     8     2    16
  7.0354918979278569E-01 a      1257     1     8     2    17
  5.7797560515283219E-01 a      1258     1     8     2    18
 -1.1179562671053778E-01 a      1259     1     8     2    19
  5.8027488317523479E-01 a      1260     1     8     2    20
  9.7252178565745584E-02 a      1261     1     9     2     1
 -8.4143709901255706E-02 a      1262     1     9     2     2
  1.3144208947699587E+00 a      1263     1     9     2     3
 -6.0744265616321613E-01 a      1264     1     9     2     4
  5.5739988424016740E-01 a      1265     1     9     2     5
 -6.3654328654482795E-01 a      1266     1     9     2     6
  8.6737931454726680E-01 a      1267     1     9     2     7
  1.5022704122444610E+00 a      1268     1     9     2     8
 -1.1811862835399502E-01 a      1269     1     9     2     9
  3.7441552708901765E-01 a      1270     1     9     2    10
 -8.8342951136822973E-02 a      1271     1     9     2    11
  3.4090696273768151E-01 a      1272     1     9     2    12
 -1.5140175384467341E-01 a      1273     1     9     2    13
 -1.0341082723232578E-01 a      1274     1     9     2    14
  4.4903391675552723E-01 a      1275     1     9     2    15
  1.8065082449877021E-01 a      1276     1     9     2    16
 -6.4988594834820657E-01 a      1277     1     9     2    17
 -5.2027049888238405E-02 a      1278     1     9     2    18
 -1.2774532597056798E-01 a      1279     1     9     2    19
  1.5589410401524056E-01 a      1280     1     9     2    20
 -4.6370045984075159E-01 a      1281     1    10     2     1
 -2.5076717587597880E-01 a      1282     1    10     2     2
 -9.4630599388698333E-01 a      1283     1    10     2     3
 -1.9726231640090859E-02 a      1284     1    10     2     4
  6.4628206044867476E-01 a      1285     1    10     2     5
  8.1027384905520500E-02 a      1286     1    10     2     6
  4.6001711337382201E-01 a      1287     1    10     2     7
 -1.0819579465663682E+00 a      1288     1    10     2     8
 -5.1541075451583453E-03 a      1289     1    10     2     9
 -2.4935191162039982E-01 a      1290     1    10     2    10
  3.4584689286191767E-01 a      1291     1    10     2    11
 -5.5107230488056058E-01 a      1292     1    10     2    12
  1.0014051395718206E-01 a      1293     1    10     2    13
  1.5032082916510725E-02 a      1294     1    10     2    14
  3.2106712677048144E-01 a      1295     1    10     2    15
  6.1954401448620311E-01 a      1296     1    10     2    16
 -2.7840990072208344E-01 a      1297     1    10     2    17
  6.2258672632896006E-01 a      1298     1    10     2    18
 -1.0799264199975291E-01 a      1299     1    10     2    19
  3.6328898697124301E-01 a      1300     1    10     2    20
  3.1123182003167110E-01 a      1301     1    11     2     1
  2.1058250653108376E-01 a      1302     1    11     2     2
 -2.8446841908576437E-01 a      1303     1    11     2     3
 -4.0151829808204181E-01 a      1304     1    11     2     4
 -3.2611661055350483E-01 a      1305     1    11     2     5
  2.8492227628502032E-01 a      1306     1    11     2     6
 -4.8687936241216140E-01 a      1307     1    11     2     7
 -3.9798913274133779E-01 a      1308     1    11     2     8
  6.9256823372814469E-01 a      1309     1    11     2     9
 -8.5726077784928301E-01 a      1310     1    11     2    10
 -2.4010525193232859E-01 a      1311     1    11     2    11
  9.7797984042412283E-03 a      1312     1    11     2    12
  5.2634058372000059E-01 a      1313     1    11     2    13
  2.3503948761676488E-01 a      1314     1    11     2    14
 -2.7639102825682810E-01 a      1315     1    11     2    15
  7.6091032521441992E-01 a      1316     1    11     2    16
  2.0783475138841701E-01 a      1317     1    11     2    17
 -7.9077305595084746E-01 a      1318     1    11     2    18
  5.1252095159321054E-01 a      1319     1    11     2    19
  1.1790809414342562E-01 a      1320     1    11     2    20
 -5.0727168981506321E-01 a      1321     1    12     2     1
  2.1118634179567325E-01 a      1322     1    12     2     2
 -9.3026553508387427E-02 a      1323     1    12     2     3
  4.7007483900109526E-01 a      1324     1    12     2     4
  3.8208574102637616E-01 a      1325     1    12     2     5
 -2.1388176364586859E-02 a      1326     1    12     2     6
  8.4397582560613948E-01 a      1327     1    12     2     7
  4.4728632994831391E-01 a      1328     1    12     2     8
  3.6383116847687780E-01 a      1329     1    12     2     9
 -5.7535857343147567E-01 a      1330     1    12     2    10
  2.7937013224660229E-01 a      1331     1    12     2    11
 -9.0202294306066175E-02 a      1332     1    12     2    12
  6.2272964949960974E-01 a      1333     1    12     2    13
 -9.9245173580172139E-03 a      1334     1    12     2    14
  3.8866109756835715E-01 a      1335     1    12     2    15
  1.0080576273362725E+00 a      1336     1    12     2    16
  3.6873084572478904E-01 a      1337     1    12     2    17
  1.2546371110568327E-01 a      1338     1    12     2    18
  5.9159761885608397E-01 a      1339     1    12     2    19
 -2.7092068258971164E-01 a      1340     1    12     2    20
  1.4019781899824948E-01 a      1341     1    13     2     1
  4.6058407159720226E-02 a      1342     1    13     2     2
 -5.4739048477360319E-01 a      1343     1    13     2     3
  1.5879933196772611E-01 a      1344     1    13     2     4
 -2.2008781846261302E-01 a      1345     1    13     2     5
 -2.8502903237479266E-01 a      1346     1    13     2     6
 -4.9268980088229208E-01 a      1347     1    13     2     7
  3.1372120687276121E-02 a      1348     1    13     2     8
 -9.6103520543657978E-02 a      1349     1    13     2     9
 -2.0062392996990105E-01 a      1350     1    13     2    10
  4.4067296532692918E-01 a      1351     1    13     2    11
 -1.3044879095797249E-01 a      1352     1    13     2    12
  7.7644068931345778E-01 a      1353     1    13     2    13
 -1.2693407863700540E-01 a      1354     1    13     2    14
 -6.5631150355337375E-01 a      1355     1    13     2    15
  6.3216649889632270E-01 a      1356     1    13     2    16
  4.9495548335702327E-01 a      1357     1    13     2    17
  3.6995158572349862E-01 a      1358     1    13     2    18
  4.3222438862754275E-01 a      1359     1    13     2    19
  2.5805122716745460E-01 a      1360     1    13     2    20
  3.4221081561613653E-01 a      1361     1    14     2     1
 -3.5380895028828595E-02 a      1362     1    14     2     2
  6.9244898721266579E-01 a      1363     1    14     2     3
  3.2469206030152331E-01 a      1364     1    14     2     4
  2.1569306208376968E-01 a      1365     1    14     2     5
  4.8350927432597424E-01 a      1366     1    14     2     6
 -2.6040368568180222E-01 a      1367     1    14     2     7
 -2.8722451659279896E-01 a      1368     1    14     2     8
 -3.3665688983878278E-01 a      1369     1    14     2     9
  2.0004930074541169E-01 a      1370     1    14     2    10
 -1.3249750156892443E-01 a      1371     1    14     2    11
  7.8600910337265995E-01 a      1372     1    14     2    12
  5.0057740807572271E-01 a      1373     1    14     2    13
  2.8491261924563588E-01 a      1374     1    14     2    14
  1.1537532400596340E-01 a      1375     1    14     2    15
 -8.0506910406020715E-01 a      1376     1    14     2    16
 -4.3188171893153232E-01 a      1377     1    14     2    17
 -8.2403352742915204E-01 a      1378     1    14     2    18
  4.5232601209643020E-01 a      1379     1    14     2    19
  6.6156969586818670E-01 a      1380     1    14     2    20
 -6.4685529705243577E-02 a      1381     1    15     2     1
  1.1145781704111379E+00 a      1382     1    15     2     2
  4.4959296995032222E-01 a      1383     1    15     2     3
  7.0915028830484683E-01 a      1384     1    15     2     4
 -4.1245639016942795E-02 a      1385     1    15     2     5
 -5.5197481910867585E-01 a      1386     1    15     2     6
  3.5311251407986638E-01 a      1387     1    15     2     7
  1.8820228980021031E-02 a      1388     1    15     2     8
 -1.8361033069199778E-01 a      1389     1    15     2     9
  1.0437323803648799E+00 a      1390     1    15     2    10
 -1.0300686749520602E+00 a      1391     1    15     2    11
 -7.2267568257730308E-01 a      1392     1    15     2    12
  2.7922445761386461E-01 a      1393     1    15     2    13
 -6.3493098991768671E-01 a      1394     1    15     2    14
 -3.9408584211520914E-01 a      1395     1    15     2    15
  2.9677668481964242E-01 a      1396     1    15     2    16
  4.3144493182206867E-01 a      1397     1    15     2    17
 -1.3497137323529224E-01 a      1398     1    15     2    18
  9.2074346977303378E-01 a      1399     1    15     2    19
 -1.5685470743634275E-01 a      1400     1    15     2    20
  6.7359469999587362E-02 a      1401     1    16     2     1
  1.9080305213291593E-01 a      1402     1    16     2     2
 -4.2311272293365614E-02 a      1403     1    16     2     3
  3.6587340205445718E-01 a      1404     1    16     2     4
 -9.0642318547125553E-02 a      1405     1    16     2     5
  5.4286035105913688E-01 a      1406     1    16     2     6
  2.9978217421896275E-01 a      1407     1    16     2     7
  5.3676839719591984E-01 a      1408     1    16     2     8
  1.5321575092402812E-01 a      1409     1    16     2     9
 -5.0898426970366217E-01 a      1410     1    16     2    10
  3.9444876340551754E-01 a      1411     1    16     2    11
 -1.8594090174334765E-01 a      1412     1    16     2    12
  4.9363445010935053E-01 a      1413     1    16     2    13
  4.4585589684303839E-01 a      1414     1    16     2    14
 -3.7501615867220389E-01 a      1415     1    16     2    15
 -1.2727788611608060E-01 a      1416     1    16     2    16
 -1.7938427631369933E-01 a      1417     1    16     2    17
 -6.2974421377855783E-01 a      1418     1    16     2    18
 -6.7713624889709487E-02 a      1419     1    16     2    19
  5.2679417032645470E-01 a      1420     1    16     2    20
 -1.5604567707595343E-01 a      1421     1    17     2     1
 -1.7496156320976994E-01 a      1422     1    17     2     2
  4.6432029445082729E-01 a      1423     1    17     2     3
  4.7539135377788760E-01 a      1424     1    17     2     4
 -9.8222235849392958E-01 a      1425     1    17     2     5
 -8.2553597730685335E-01 a      1426     1    17     2     6
 -4.5317647782708484E-02 a      1427     1    17     2     7
 -2.9987530614822422E-01 a      1428     1    17     2     8
  1.7100302944575252E-01 a      1429     1    17     2     9
 -1.8222720889016645E-03 a      1430     1    17     2    10
  1.8728002371750518E-01 a      1431     1    17     2    11
 -4.9867913070760682E-02 a      1432     1    17     2    12
 -3.6339348751592088E-01 a      1433     1    17     2    13
  3.5360353906647413E-01 a      1434     1    17     2    14
  3.8012208703010031E-01 a      1435     1    17     2    15
 -7.8567066161080756E-01 a      1436     1    17     2    16
 -4.4345972037511189E-01 a      1437     1    17     2    17
  3.4077052552410059E-01 a      1438     1    17     2    18
 -1.4421944810869353E-01 a      1439     1    17     2    19
 -1.1424511397366748E+00 a      1440     1    17     2    20
 -3.5284966372304105E-02 a      1441     1    18     2     1
  3.7509754782181465E-01 a      1442     1    18     2     2
  4.5618300894783997E-01 a      1443     1    18     2     3
  5.0629757145150789E-01 a      1444     1    18     2     4
 -5.9352470799027002E-01 a      1445     1    18     2     5
  5.1407831410390306E-02 a      1446     1    18     2     6
  1.2171365346749771E-01 a      1447     1    18     2     7
  6.9450335169730915E-01 a      1448     1    18     2     8
 -6.5058987001803770E-01 a      1449     1    18     2     9
 -5.4728181355114369E-01 a      1450     1    18     2    10
  5.4367358166227842E-01 a      1451     1    18     2    11
 -6.6397630493753890E-01 a      1452     1    18     2    12
  3.8454878665817332E-01 a      1453     1    18     2    13
  8.8576006359892823E-03 a      1454     1    18     2    14
 -1.3698402516286359E-01 a      1455     1    18     2    15
 -3.0034105178808884E-01 a      1456     1    18     2    16
  7.6057154871310984E-03 a      1457     1    18     2    17
 -3.9091763553480541E-01 a      1458     1    18     2    18
 -5.9554791836409848E-01 a      1459     1    18     2    19
  2.3660799163944904E-01 a      1460     1    18     2    20
 -4.8043377672251653E-01 a      1461     1    19     2     1
 -3.9433135345144693E-01 a      1462     1    19     2     2
 -3.5804725506677826E-01 a      1463     1    19     2     3
  4.9388190050877745E-01 a      1464     1    19     2     4
  2.0686031838164537E-01 a      1465     1    19     2     5
 -4.0802232539576805E-01 a      1466     1    19     2     6
  1.1289708577055954E-02 a      1467     1    19     2     7
  1.7561654401362231E-01 a      1468     1    19     2     8
  1.8090848903073056E-01 a      1469     1    19     2     9
  2.4091839945886542E-01 a      1470     1    19     2    10
  2.2589180665938408E-01 a      1471     1    19     2    11
  1.5513616951142770E-01 a      1472     1    19     2    12
  4.3511453723620426E-02 a      1473     1    19     2    13
 -3.5811906675196181E-01 a      1474     1    19     2    14
 -3.7169924217912764E-01 a      1475     1    19     2    15
 -8.1023532646367569E-01 a      1476     1    19     2    16
 -1.1076795310268774E-01 a      1477     1    19     2    17
  6.2755994016102268E-01 a      1478     1    19     2    18
 -1.1493485259947056E+00 a      1479     1    19     2    19
  8.5318003881977356E-02 a      1480     1    19     2    20
  8.4332625523133287E-01 a      1481     1    20     2     1
 -2.9241118042302150E-01 a      1482     1    20     2     2
  8.8739621398309254E-01 a      1483     1    20     2     3
  1.2055637967325074E-01 a      1484     1    20     2     4
  2.8840301975939392E-01 a      1485     1    20     2     5
  3.8016917182827786E-01 a      1486     1    20     2     6
 -2.6741939216195421E-01 a      1487     1    20     2     7
  8.4134627122030470E-01 a      1488     1    20     2     8
  3.0562198345270875E-01 a      1489     1    20     2     9
  2.0019664553259958E-01 a      1490     1    20     2    10
  2.3436984601047248E-01 a      1491     1    20     2    11
  5.5884491566476546E-01 a      1492     1    20     2    12
  2.5080730306987353E-01 a      1493     1    20     2    13
 -1.3687884771922834E-01 a      1494     1    20     2    14
 -6.5173870194972683E-01 a      1495     1    20     2    15
  3.2765110560519578E-01 a      1496     1    20     2    16
 -2.6767563792587329E-01 a      1497     1    20     2    17
 -1.9513082301816850E-01 a      1498     1    20     2    18
 -3.9677312148732932E-03 a      1499     1    20     2    19
  1.9495555527176295E-01 a      1500     1    20     2    20
 -1.0552133018789045E+00 b      1501     2     1
 -1.3711741752220321E+00 b      1502     2     2
  8.4840068463057405E-01 b      1503     2     3
 -2.7549076846407383E-01 b      1504     2     4
  1.3947800485988031E+00 b      1505     2     5
  5.3970437452647713E-01 b      1506     2     6
  1.0213894636383034E+00 b      1507     2     7
  9.0749304160562883E-01 b      1508     2     8
 -1.6002230659097303E+00 b      1509     2     9
 -9.2942297120113837E-01 b      1510     2    10
 -7.0488390498086007E-01 b      1511     2    11
  9.3147649434448407E-02 b      1512     2    12
  6.2031476159494103E-01 b      1513     2    13
 -1.1482165455217603E+00 b      1514     2    14
 -3.5411395332121931E-01 b      1515     2    15
  6.3635135621355476E-01 b      1516     2    16
  1.5685337524732597E+00 b      1517     2    17
  8.7131243357178723E-01 b      1518     2    18
 -8.5089256534910673E-01 b      1519     2    19
  1.2386769170657874E+00 b      1520     2    20
  5.7637264187078219E-01 a      1521     2     1     3     1
  2.4200691186062340E+00 a      1522     2     2     3     1
 -2.1770217282752884E+00 a      1523     2     3     3     1
  1.4338949531756453E+00 a      1524     2     4     3     1
 -8.4340504455662180E-01 a      1525     2     5     3     1
 -1.9828831397126196E+00 a      1526     2     6     3     1
 -1.2744787814332659E+00 a      1527     2     7     3     1
  1.0486782223856145E-01 a      1528     2     8     3     1
  1.6378531594979475E+00 a      1529     2     9     3     1
  1.1992943789678061E+00 a      1530     2    10     3     1
  5.5247685135490709E-01 a      1531     2    11     3     1
 -8.6593054828835359E-01 a      1532     2    12     3     1
 -6.5936955669490094E-01 a      1533     2    13     3     1
  1.5848937527655871E+00 a      1534     2    14     3     1
 -3.4231574540772872E-02 a      1535     2    15     3     1
 -1.3481941539436944E+00 a      1536     2    16     3     1
 -5.2005537694440152E-01 a      1537     2    17     3     1
  2.1307321875658641E-01 a      1538     2    18     3     1
 -1.4631459780818590E-01 a      1539     2    19     3     1
 -9.8678487192353614E-01 a      1540     2    20     3     1
 -2.3965279769854564E+00 b      1541     3     1
