################################################################################
# Neural network connection values (weights and biases).
################################################################################
# Col  Name       Description
################################################################################
# 1    connection Neural network connection value.
# 2    t          Connection type (a = weight, b = bias).
# 3    index      Index enumerating weights.
# 4    l_s        Starting point layer (end point layer for biases).
# 5    n_s        Starting point neuron in starting layer (end point neuron for biases).
# 6    l_e        End point layer.
# 7    n_e        End point neuron in end layer.
################################################################################
#                      1 2         3     4     5     6     7
#             connection t     index   l_s   n_s   l_e   n_e
############################################################
  3.7648640567700779E-02 a         1     0     1     1     1
  2.5566251173374610E-01 a         2     0     1     1     2
 -8.8311959939560730E-02 a         3     0     1     1     3
 -5.6194058777591704E-02 a         4     0     1     1     4
  2.5521578296977138E-01 a         5     0     1     1     5
 -1.6489287631990429E-01 a         6     0     1     1     6
  1.6142621711016880E-01 a         7     0     1     1     7
 -3.8483424750961492E-01 a         8     0     1     1     8
  3.5356641452470683E-01 a         9     0     1     1     9
 -1.4762086464591981E-01 a        10     0     1     1    10
  9.3198203488427736E-02 a        11     0     1     1    11
  6.9018439727813061E-02 a        12     0     1     1    12
 -3.1156886159905212E-01 a        13     0     1     1    13
  3.3343418612470760E-01 a        14     0     1     1    14
 -1.5975350801321511E-01 a        15     0     1     1    15
  1.9276634665304795E-01 a        16     0     1     1    16
  1.7065196993295470E-01 a        17     0     1     1    17
 -2.3782080297144978E-01 a        18     0     1     1    18
  1.1787818033026531E-01 a        19     0     1     1    19
 -1.6992594322768362E-01 a        20     0     1     1    20
  2.4353692746615532E-01 a        21     0     2     1     1
  1.2316546576107300E-02 a        22     0     2     1     2
 -1.8581609530007095E-01 a        23     0     2     1     3
  2.6700195778464819E-01 a        24     0     2     1     4
  8.8816509954094236E-02 a        25     0     2     1     5
 -2.7612569708180035E-01 a        26     0     2     1     6
  2.5504468631419952E-01 a        27     0     2     1     7
 -1.9445936729296009E-02 a        28     0     2     1     8
  1.8052924319085045E-01 a        29     0     2     1     9
 -1.8904961187130287E-01 a        30     0     2     1    10
  1.7453840372278186E-02 a        31     0     2     1    11
 -4.7366571309399863E-02 a        32     0     2     1    12
  1.8040920031443822E-01 a        33     0     2     1    13
  9.8426157190036653E-02 a        34     0     2     1    14
  6.7122094094953733E-02 a        35     0     2     1    15
 -7.4200889554862856E-02 a        36     0     2     1    16
 -1.1817264474197454E-01 a        37     0     2     1    17
 -1.2073074727732529E-01 a        38     0     2     1    18
 -8.6680460804010678E-02 a        39     0     2     1    19
 -1.8967593247133210E-01 a        40     0     2     1    20
  3.0259556843565177E-01 a        41     0     3     1     1
 -7.2068370791233002E-02 a        42     0     3     1     2
 -6.7732046479325667E-02 a        43     0     3     1     3
  1.9233487864155341E-01 a        44     0     3     1     4
 -2.6622211772888704E-01 a        45     0     3     1     5
  1.3672621273495938E-01 a        46     0     3     1     6
  5.9174107767879666E-02 a        47     0     3     1     7
  2.4484326951609403E-01 a        48     0     3     1     8
 -2.6615396489819362E-02 a        49     0     3     1     9
  1.3121891943708044E-01 a        50     0     3     1    10
  3.6821105978247608E-02 a        51     0     3     1    11
  4.3122537282537746E-02 a        52     0     3     1    12
  1.2825069302949996E-01 a        53     0     3     1    13
  9.6508674200614403E-02 a        54     0     3     1    14
  1.6689455371811940E-01 a        55     0     3     1    15
  2.2786929483884907E-01 a        56     0     3     1    16
 -3.0432261652015957E-01 a        57     0     3     1    17
  2.0782700262058748E-01 a        58     0     3     1    18
  2.3031384003597863E-01 a        59     0     3     1    19
 -2.4869417353220968E-02 a        60     0     3     1    20
  3.9901996764559619E-02 a        61     0     4     1     1
 -3.0704302547162160E-01 a        62     0     4     1     2
  3.9410277620658440E-01 a        63     0     4     1     3
  6.2734859273299068E-02 a        64     0     4     1     4
  1.7158245721133961E-01 a        65     0     4     1     5
 -2.2313332184652879E-01 a        66     0     4     1     6
 -1.4819664325303203E-01 a        67     0     4     1     7
  2.3775847999265756E-02 a        68     0     4     1     8
 -3.1895241830942683E-01 a        69     0     4     1     9
  7.5468846740364048E-01 a        70     0     4     1    10
 -3.7601743570033784E-02 a        71     0     4     1    11
 -6.6934837398702207E-03 a        72     0     4     1    12
  3.2669376624290608E-01 a        73     0     4     1    13
 -1.3616086358227802E-01 a        74     0     4     1    14
 -2.2108319220390038E-01 a        75     0     4     1    15
 -1.1016257998865844E-02 a        76     0     4     1    16
 -1.5500040736514595E-01 a        77     0     4     1    17
  2.7399176772076467E-01 a        78     0     4     1    18
 -3.0350608394046991E-01 a        79     0     4     1    19
  3.9355114327039686E-01 a        80     0     4     1    20
 -3.3546400820371430E-01 a        81     0     5     1     1
  1.7245980904466179E-01 a        82     0     5     1     2
  3.6564445098294324E-01 a        83     0     5     1     3
  6.1929476852934602E-02 a        84     0     5     1     4
  1.5539547679296997E-01 a        85     0     5     1     5
 -5.6863952042953789E-02 a        86     0     5     1     6
  1.3143549901290954E-02 a        87     0     5     1     7
  1.1832857971020126E-01 a        88     0     5     1     8
 -4.4067317253179201E-04 a        89     0     5     1     9
  3.3103716190091476E-01 a        90     0     5     1    10
 -3.0789056915757351E-01 a        91     0     5     1    11
 -6.8217500253447999E-02 a        92     0     5     1    12
 -1.9452795056483585E-01 a        93     0     5     1    13
 -2.3491048889276417E-01 a        94     0     5     1    14
  1.1974931332409487E-01 a        95     0     5     1    15
  2.7759740224708135E-01 a        96     0     5     1    16
  2.3756508427534503E-01 a        97     0     5     1    17
  2.3554609565288767E-01 a        98     0     5     1    18
  2.9441200981578530E-01 a        99     0     5     1    19
  1.6746774620844287E-01 a       100     0     5     1    20
 -2.0416160333294645E-01 a       101     0     6     1     1
 -1.9985141599964654E-01 a       102     0     6     1     2
  1.0653338738377499E-01 a       103     0     6     1     3
 -1.6962307731348517E-01 a       104     0     6     1     4
  2.1395506855070945E-01 a       105     0     6     1     5
 -1.2120138985307467E-01 a       106     0     6     1     6
  6.6410671417922951E-02 a       107     0     6     1     7
  7.1538503206798346E-02 a       108     0     6     1     8
 -2.6451997568257443E-02 a       109     0     6     1     9
 -2.6919755037496323E-01 a       110     0     6     1    10
  3.0046624746439418E-02 a       111     0     6     1    11
 -6.9853187619929216E-02 a       112     0     6     1    12
 -2.1616105818578019E-01 a       113     0     6     1    13
 -1.1846274763571704E-01 a       114     0     6     1    14
 -1.2148388904992631E-01 a       115     0     6     1    15
 -3.5394125624642253E-01 a       116     0     6     1    16
  1.1217975375341772E-01 a       117     0     6     1    17
  1.9440098980915441E-01 a       118     0     6     1    18
  2.2751234211299168E-01 a       119     0     6     1    19
 -9.8882392356326558E-03 a       120     0     6     1    20
  1.5868236438057257E-01 a       121     0     7     1     1
  1.2495795726275544E-01 a       122     0     7     1     2
 -7.3599191895971472E-02 a       123     0     7     1     3
 -2.8567400335878602E-02 a       124     0     7     1     4
 -8.7659654267448942E-02 a       125     0     7     1     5
 -2.5494420770188175E-01 a       126     0     7     1     6
  2.4251777747753941E-01 a       127     0     7     1     7
 -3.6967312526331836E-01 a       128     0     7     1     8
  1.6471393905872422E-01 a       129     0     7     1     9
 -1.9656656335919137E-01 a       130     0     7     1    10
 -1.6098347235921029E-01 a       131     0     7     1    11
 -1.5007981025039038E-01 a       132     0     7     1    12
 -8.8573221766730659E-02 a       133     0     7     1    13
  2.3915810208233568E-01 a       134     0     7     1    14
 -5.8236319415656462E-02 a       135     0     7     1    15
  5.7193708727228849E-02 a       136     0     7     1    16
  8.7022342666726801E-02 a       137     0     7     1    17
  2.3434221409305189E-02 a       138     0     7     1    18
  2.1433743173027869E-01 a       139     0     7     1    19
 -5.7018919837029440E-02 a       140     0     7     1    20
  2.8927040206888954E-01 a       141     0     8     1     1
  2.8673739068401982E-01 a       142     0     8     1     2
 -2.9416241742141841E-01 a       143     0     8     1     3
  8.8796038372142838E-02 a       144     0     8     1     4
 -3.0446202836447450E-01 a       145     0     8     1     5
 -5.7902030535683631E-03 a       146     0     8     1     6
 -2.9420730186148508E-01 a       147     0     8     1     7
 -3.5145822757526218E-01 a       148     0     8     1     8
 -1.3352507816186790E-01 a       149     0     8     1     9
  1.6333600392886793E-01 a       150     0     8     1    10
  1.8217583049937092E-01 a       151     0     8     1    11
 -2.8199649756406148E-01 a       152     0     8     1    12
  8.6459063741530243E-02 a       153     0     8     1    13
  2.4423479285592228E-01 a       154     0     8     1    14
  2.0763972676384432E-01 a       155     0     8     1    15
 -1.3917539083024821E-01 a       156     0     8     1    16
  3.0244402841721341E-01 a       157     0     8     1    17
 -1.2269382776609222E-01 a       158     0     8     1    18
 -2.9942196099188551E-01 a       159     0     8     1    19
  8.2855364822745040E-02 a       160     0     8     1    20
 -2.4122268144621783E-01 a       161     0     9     1     1
  2.9628970615218386E-01 a       162     0     9     1     2
 -2.9409365025409834E-01 a       163     0     9     1     3
  2.7576107566995273E-01 a       164     0     9     1     4
  2.4291834016418537E-01 a       165     0     9     1     5
 -3.9861989591178537E-02 a       166     0     9     1     6
 -9.5897446933062444E-02 a       167     0     9     1     7
 -2.7863871656387340E-01 a       168     0     9     1     8
 -1.7522891155405049E-01 a       169     0     9     1     9
  7.8316032854781253E-02 a       170     0     9     1    10
 -6.2124641256473934E-02 a       171     0     9     1    11
  2.8559049900205907E-01 a       172     0     9     1    12
  1.6128205004791499E-01 a       173     0     9     1    13
  1.7775603654547823E-02 a       174     0     9     1    14
  8.0649787178020196E-02 a       175     0     9     1    15
  3.1395185800248471E-01 a       176     0     9     1    16
 -3.2357337252281992E-01 a       177     0     9     1    17
 -1.0379456805353829E-01 a       178     0     9     1    18
  8.8889288732566185E-02 a       179     0     9     1    19
 -8.7945019217174139E-02 a       180     0     9     1    20
  1.7327515795834253E-01 a       181     0    10     1     1
 -1.5525024135366663E-01 a       182     0    10     1     2
  2.4757010846328914E-01 a       183     0    10     1     3
  1.0559277397209259E-01 a       184     0    10     1     4
  1.2306892641384705E-01 a       185     0    10     1     5
 -1.4376347355382843E-01 a       186     0    10     1     6
 -3.0265928229367264E-03 a       187     0    10     1     7
 -4.8446012893114100E-02 a       188     0    10     1     8
  1.8807415408575925E-01 a       189     0    10     1     9
  5.2589767889675010E-01 a       190     0    10     1    10
 -2.0085747455542733E-02 a       191     0    10     1    11
 -7.4346783858008761E-02 a       192     0    10     1    12
  1.5637651606968950E-01 a       193     0    10     1    13
 -6.8365054365744443E-02 a       194     0    10     1    14
  8.9484486784916200E-03 a       195     0    10     1    15
  2.6833360873319756E-01 a       196     0    10     1    16
 -1.8276467143820951E-01 a       197     0    10     1    17
 -5.1184296098958477E-02 a       198     0    10     1    18
  2.7800171619444022E-02 a       199     0    10     1    19
  1.1184278069629414E-01 a       200     0    10     1    20
 -2.3311987035257062E-01 a       201     0    11     1     1
  3.7538481672742169E-01 a       202     0    11     1     2
 -2.7367655938870340E-02 a       203     0    11     1     3
 -3.2628537168516580E-01 a       204     0    11     1     4
  1.0199759928227926E-01 a       205     0    11     1     5
 -1.1760388261551101E-01 a       206     0    11     1     6
  3.5402669624297467E-01 a       207     0    11     1     7
 -1.9869720348288161E-01 a       208     0    11     1     8
  2.8374206039348721E-02 a       209     0    11     1     9
 -1.1226734906856331E-01 a       210     0    11     1    10
  1.5109870410080128E-01 a       211     0    11     1    11
  1.2656791379187815E-01 a       212     0    11     1    12
  2.7079163163058895E-01 a       213     0    11     1    13
 -5.3906636183064405E-02 a       214     0    11     1    14
  2.5368858027120883E-01 a       215     0    11     1    15
  7.1050112472040725E-02 a       216     0    11     1    16
  3.4366227363798585E-01 a       217     0    11     1    17
 -3.3809311881946386E-01 a       218     0    11     1    18
  3.0715292633899077E-01 a       219     0    11     1    19
  2.2175181844199207E-01 a       220     0    11     1    20
  5.1600141758902554E-02 a       221     0    12     1     1
 -3.0399164266058343E-01 a       222     0    12     1     2
  5.3563923636368138E-02 a       223     0    12     1     3
 -1.2707244219732766E-02 a       224     0    12     1     4
  3.1865603840974704E-01 a       225     0    12     1     5
  3.5409482273713067E-01 a       226     0    12     1     6
 -7.2647693595261589E-02 a       227     0    12     1     7
  3.6593294453670944E-01 a       228     0    12     1     8
 -3.1429774444012909E-01 a       229     0    12     1     9
 -8.6206657293207339E-02 a       230     0    12     1    10
  2.9361214489800513E-01 a       231     0    12     1    11
 -1.4051063723998972E-01 a       232     0    12     1    12
  8.6273083152371782E-02 a       233     0    12     1    13
 -7.3131058377773603E-02 a       234     0    12     1    14
  1.8081969210746790E-01 a       235     0    12     1    15
  2.4871229532177663E-01 a       236     0    12     1    16
  8.4296521142929612E-02 a       237     0    12     1    17
  5.5676432657125130E-02 a       238     0    12     1    18
  2.2598216898631759E-01 a       239     0    12     1    19
 -9.3935842554865201E-02 a       240     0    12     1    20
  9.9686358846600237E-02 a       241     0    13     1     1
 -8.5263619622511597E-02 a       242     0    13     1     2
  1.3650520382655185E-01 a       243     0    13     1     3
 -2.0905247419195055E-01 a       244     0    13     1     4
  9.9178235221555430E-02 a       245     0    13     1     5
 -3.5218844655534522E-02 a       246     0    13     1     6
  1.4846684849436029E-01 a       247     0    13     1     7
 -1.1649907754571608E-01 a       248     0    13     1     8
  8.9460159076838824E-02 a       249     0    13     1     9
  4.2413359431498411E-02 a       250     0    13     1    10
  1.2818988713801974E-01 a       251     0    13     1    11
  1.5428971550351120E-01 a       252     0    13     1    12
  1.8686492749767473E-02 a       253     0    13     1    13
  5.2344169703585276E-02 a       254     0    13     1    14
 -1.8637662447678013E-01 a       255     0    13     1    15
 -1.5034264722839397E-01 a       256     0    13     1    16
  3.8615809290611736E-01 a       257     0    13     1    17
  3.4255031772401384E-02 a       258     0    13     1    18
  2.5454799755257301E-01 a       259     0    13     1    19
 -1.3241523952787970E-02 a       260     0    13     1    20
 -1.2947138107095257E-01 a       261     0    14     1     1
  1.0379539271855376E-01 a       262     0    14     1     2
  1.5720578936599139E-01 a       263     0    14     1     3
 -2.8598641900345201E-01 a       264     0    14     1     4
  2.4126198576925009E-01 a       265     0    14     1     5
 -6.7705542496879611E-03 a       266     0    14     1     6
  2.0942951450462843E-01 a       267     0    14     1     7
  1.9359268183403025E-01 a       268     0    14     1     8
  7.7012835577273717E-02 a       269     0    14     1     9
  2.2221691834027268E-01 a       270     0    14     1    10
 -9.1798362300552411E-02 a       271     0    14     1    11
  2.1886608120926376E-01 a       272     0    14     1    12
  2.5684214523500126E-02 a       273     0    14     1    13
  2.2780965081903918E-02 a       274     0    14     1    14
  7.5583402442916253E-02 a       275     0    14     1    15
  4.2104757166145181E-02 a       276     0    14     1    16
 -7.4584034080328140E-02 a       277     0    14     1    17
 -2.8427690344564238E-01 a       278     0    14     1    18
  2.3055813741407413E-01 a       279     0    14     1    19
  2.7327198995543078E-01 a       280     0    14     1    20
 -4.6379467720169119E-02 a       281     0    15     1     1
  2.5231201857526814E-01 a       282     0    15     1     2
 -5.4316094958274892E-02 a       283     0    15     1     3
 -9.9953316140403523E-02 a       284     0    15     1     4
 -1.8926756061441352E-01 a       285     0    15     1     5
  2.6829950549772680E-02 a       286     0    15     1     6
 -1.4764402830863483E-02 a       287     0    15     1     7
  6.1481781867723642E-02 a       288     0    15     1     8
  2.3427962863846064E-01 a       289     0    15     1     9
 -1.5694847729972589E-01 a       290     0    15     1    10
  1.2844287026230297E-01 a       291     0    15     1    11
 -1.7508284559713347E-01 a       292     0    15     1    12
 -8.2459054719130911E-02 a       293     0    15     1    13
 -5.0225428263915288E-02 a       294     0    15     1    14
 -1.8068911193227333E-01 a       295     0    15     1    15
 -1.3139155529389271E-01 a       296     0    15     1    16
 -2.4381808023575799E-01 a       297     0    15     1    17
  1.7775842930534605E-01 a       298     0    15     1    18
  2.0582959765931045E-03 a       299     0    15     1    19
  4.0129708797305874E-02 a       300     0    15     1    20
 -9.2885473630189477E-03 a       301     0    16     1     1
 -7.0969879128720006E-02 a       302     0    16     1     2
  5.6175979937664225E-02 a       303     0    16     1     3
  3.8617988077320610E-03 a       304     0    16     1     4
  6.7542904290416534E-03 a       305     0    16     1     5
  1.6392160375461765E-02 a       306     0    16     1     6
  1.8415073398466381E-01 a       307     0    16     1     7
 -5.9699023978227551E-02 a       308     0    16     1     8
  3.4942294594930978E-01 a       309     0    16     1     9
  3.6065805618357460E-01 a       310     0    16     1    10
  1.5718778054676899E-01 a       311     0    16     1    11
 -1.2836609013707652E-02 a       312     0    16     1    12
 -1.8575217495932787E-03 a       313     0    16     1    13
 -1.2836181182830037E-01 a       314     0    16     1    14
  4.1455492585426398E-02 a       315     0    16     1    15
  6.2014165363193843E-03 a       316     0    16     1    16
 -2.0099141956832658E-01 a       317     0    16     1    17
 -7.6426441699645131E-02 a       318     0    16     1    18
  1.6904375983195263E-01 a       319     0    16     1    19
 -2.3635813269092068E-01 a       320     0    16     1    20
 -1.3636672543982972E-01 a       321     0    17     1     1
  1.7620951145162181E-01 a       322     0    17     1     2
 -1.5340776118691471E-01 a       323     0    17     1     3
  9.7112347472460850E-02 a       324     0    17     1     4
  1.0688118804661598E-01 a       325     0    17     1     5
 -2.3514999065089473E-01 a       326     0    17     1     6
 -2.1117352292020691E-02 a       327     0    17     1     7
 -9.5570254267290058E-02 a       328     0    17     1     8
  5.8440470566491119E-02 a       329     0    17     1     9
 -1.8077329415134191E-01 a       330     0    17     1    10
  1.0437092823762376E-01 a       331     0    17     1    11
  3.2296952682219125E-02 a       332     0    17     1    12
 -7.9315215744249518E-02 a       333     0    17     1    13
  1.8778112510328621E-01 a       334     0    17     1    14
 -6.0114492119760513E-02 a       335     0    17     1    15
  1.8190024305729111E-01 a       336     0    17     1    16
  3.3948651750073583E-02 a       337     0    17     1    17
  2.9166859087296974E-03 a       338     0    17     1    18
  7.3750726930915153E-02 a       339     0    17     1    19
 -9.5492231129788285E-03 a       340     0    17     1    20
  1.2745617958740033E-01 a       341     0    18     1     1
 -1.4801580085687854E-01 a       342     0    18     1     2
 -1.5260836037124195E-01 a       343     0    18     1     3
  1.8991101404185950E-01 a       344     0    18     1     4
 -5.6594206377304730E-02 a       345     0    18     1     5
 -1.9673528248749247E-01 a       346     0    18     1     6
 -1.2624020545879477E-01 a       347     0    18     1     7
 -1.5816345500552570E-01 a       348     0    18     1     8
 -2.7016274964385012E-01 a       349     0    18     1     9
 -2.6711873618054388E-01 a       350     0    18     1    10
 -1.9850149189831112E-01 a       351     0    18     1    11
  8.8620730176183715E-02 a       352     0    18     1    12
  3.5860320404611074E-01 a       353     0    18     1    13
  1.3157282787013351E-02 a       354     0    18     1    14
  6.6325624050534771E-02 a       355     0    18     1    15
  2.2313725933893661E-01 a       356     0    18     1    16
 -7.5467737657809092E-02 a       357     0    18     1    17
 -5.7167189154236839E-02 a       358     0    18     1    18
 -4.7166241497884988E-02 a       359     0    18     1    19
  6.9046054307141197E-02 a       360     0    18     1    20
 -2.3224856648482589E-01 a       361     0    19     1     1
  3.4594055515754320E-02 a       362     0    19     1     2
  4.7122431473215131E-03 a       363     0    19     1     3
 -1.3948930705169751E-01 a       364     0    19     1     4
  1.3431876704868653E-01 a       365     0    19     1     5
  9.2551790238757620E-02 a       366     0    19     1     6
 -3.7761654884654140E-02 a       367     0    19     1     7
 -1.1292528721322809E-01 a       368     0    19     1     8
 -1.0598761387294603E-01 a       369     0    19     1     9
  2.6885028879771711E-01 a       370     0    19     1    10
  8.1919163311818116E-02 a       371     0    19     1    11
  2.4516295387099918E-01 a       372     0    19     1    12
 -4.4040893594002394E-02 a       373     0    19     1    13
  1.8314266771580215E-01 a       374     0    19     1    14
  3.4736799791569734E-01 a       375     0    19     1    15
  7.1399634546179910E-02 a       376     0    19     1    16
  2.2327707361288832E-01 a       377     0    19     1    17
 -3.1566498578875883E-02 a       378     0    19     1    18
  2.9942783562864422E-01 a       379     0    19     1    19
  1.3495796229603130E-01 a       380     0    19     1    20
  1.9535359203244210E-01 a       381     0    20     1     1
  7.5141034696717637E-02 a       382     0    20     1     2
 -1.3673343519176448E-02 a       383     0    20     1     3
  1.2170964939166511E-02 a       384     0    20     1     4
 -1.5624992346008271E-01 a       385     0    20     1     5
  1.1135477446454597E-01 a       386     0    20     1     6
  4.1966611751828968E-02 a       387     0    20     1     7
 -1.3694873536813695E-01 a       388     0    20     1     8
 -1.4467376354274122E-01 a       389     0    20     1     9
  1.4082690794115232E-01 a       390     0    20     1    10
 -1.6595291267003628E-01 a       391     0    20     1    11
 -8.2031341559241244E-02 a       392     0    20     1    12
  1.6371003163142361E-01 a       393     0    20     1    13
 -1.1615910803298867E-02 a       394     0    20     1    14
  4.6719309183177592E-02 a       395     0    20     1    15
  9.5163535379221478E-03 a       396     0    20     1    16
 -3.2278305245092849E-02 a       397     0    20     1    17
  2.2696125724428261E-02 a       398     0    20     1    18
  6.9393982627193831E-02 a       399     0    20     1    19
  2.1800441267039714E-01 a       400     0    20     1    20
 -7.8214762095065629E-02 a       401     0    21     1     1
  2.6741088598556884E-01 a       402     0    21     1     2
 -1.3304635862081676E-01 a       403     0    21     1     3
  1.7067449833635676E-01 a       404     0    21     1     4
  1.6814328256574568E-01 a       405     0    21     1     5
 -1.6787583631011707E-01 a       406     0    21     1     6
  3.8270862020246261E-03 a       407     0    21     1     7
 -2.3090468722859067E-02 a       408     0    21     1     8
  1.1719128919810017E-01 a       409     0    21     1     9
 -1.7849195518934508E-01 a       410     0    21     1    10
 -8.7997437578571855E-02 a       411     0    21     1    11
 -4.3602404543038882E-02 a       412     0    21     1    12
 -2.8130827581384282E-01 a       413     0    21     1    13
  2.0692067467909639E-01 a       414     0    21     1    14
  1.6776490139534728E-01 a       415     0    21     1    15
  2.1304389331296653E-01 a       416     0    21     1    16
 -1.2348011048384037E-01 a       417     0    21     1    17
  2.8975829050799363E-02 a       418     0    21     1    18
 -1.0951310003656367E-01 a       419     0    21     1    19
  1.2868455940351886E-01 a       420     0    21     1    20
 -1.3137905478069281E-01 a       421     0    22     1     1
 -7.9233230099817573E-02 a       422     0    22     1     2
 -1.3314905943187164E-02 a       423     0    22     1     3
 -8.7175958105537341E-02 a       424     0    22     1     4
 -1.1620971647559307E-01 a       425     0    22     1     5
  5.3452296245879794E-03 a       426     0    22     1     6
  2.9648126189525836E-02 a       427     0    22     1     7
  2.3294600345903449E-01 a       428     0    22     1     8
 -1.6785116515601398E-02 a       429     0    22     1     9
  5.6656534841419727E-02 a       430     0    22     1    10
  1.5441336415008075E-01 a       431     0    22     1    11
 -2.3580572647985523E-01 a       432     0    22     1    12
  8.2415781903660501E-02 a       433     0    22     1    13
 -7.4053870796888271E-02 a       434     0    22     1    14
 -9.0727742878876277E-02 a       435     0    22     1    15
  7.0426363998774902E-02 a       436     0    22     1    16
 -1.4579768463138426E-01 a       437     0    22     1    17
 -3.2242580522336875E-02 a       438     0    22     1    18
 -1.5302919391851444E-01 a       439     0    22     1    19
 -5.3191665894129735E-02 a       440     0    22     1    20
 -4.2712854843241443E-02 a       441     0    23     1     1
 -1.5992806714216606E-01 a       442     0    23     1     2
  9.1929190797081520E-02 a       443     0    23     1     3
 -1.2308294416897736E-01 a       444     0    23     1     4
 -9.5070955883301403E-02 a       445     0    23     1     5
 -1.8419140709106396E-01 a       446     0    23     1     6
  1.7289330340010964E-01 a       447     0    23     1     7
  4.4368166464152980E-02 a       448     0    23     1     8
  1.2116168832460547E-01 a       449     0    23     1     9
 -2.5298475565507000E-02 a       450     0    23     1    10
  8.0056983891370198E-02 a       451     0    23     1    11
  2.2402099226616651E-01 a       452     0    23     1    12
 -1.0901257030585294E-02 a       453     0    23     1    13
 -6.2811112561358323E-02 a       454     0    23     1    14
  1.8182789993813539E-01 a       455     0    23     1    15
 -4.8360967121924793E-03 a       456     0    23     1    16
  1.9086758842654428E-01 a       457     0    23     1    17
 -2.9577249400108180E-01 a       458     0    23     1    18
 -2.3011364286629568E-01 a       459     0    23     1    19
 -9.1169255422058559E-02 a       460     0    23     1    20
  2.8085698357203731E-01 a       461     0    24     1     1
 -2.0029842556492947E-04 a       462     0    24     1     2
  1.6718075499304336E-02 a       463     0    24     1     3
  6.5699541506009318E-02 a       464     0    24     1     4
  1.7398586478622965E-02 a       465     0    24     1     5
 -1.9507613162195139E-01 a       466     0    24     1     6
  2.8867346899651720E-02 a       467     0    24     1     7
 -1.7623177800208734E-01 a       468     0    24     1     8
 -2.7507340884790156E-02 a       469     0    24     1     9
 -2.5012909166005209E-01 a       470     0    24     1    10
 -1.6368562365681930E-01 a       471     0    24     1    11
 -1.3388219837246401E-01 a       472     0    24     1    12
  2.2634451698895935E-01 a       473     0    24     1    13
 -1.7878412819431475E-01 a       474     0    24     1    14
  1.1711391739472569E-01 a       475     0    24     1    15
 -4.2316852224951094E-02 a       476     0    24     1    16
 -2.0183181623979804E-01 a       477     0    24     1    17
 -5.9143037914512878E-02 a       478     0    24     1    18
 -3.5422257248476324E-01 a       479     0    24     1    19
 -7.6033219534399704E-02 a       480     0    24     1    20
 -2.9283809017702136E-02 a       481     0    25     1     1
 -1.3799819696181734E-01 a       482     0    25     1     2
  6.0082615717754369E-03 a       483     0    25     1     3
 -1.5843934793090653E-01 a       484     0    25     1     4
 -2.3739356956888041E-01 a       485     0    25     1     5
  2.2503511063367787E-01 a       486     0    25     1     6
 -2.4938588958683477E-01 a       487     0    25     1     7
 -2.2738595839767609E-01 a       488     0    25     1     8
  5.3417436200431535E-03 a       489     0    25     1     9
  1.1417750154616044E-01 a       490     0    25     1    10
 -5.3000427912740442E-02 a       491     0    25     1    11
  1.8033688895437727E-01 a       492     0    25     1    12
 -1.6967998535069215E-01 a       493     0    25     1    13
 -4.9447040272417864E-03 a       494     0    25     1    14
 -1.5167071024188145E-01 a       495     0    25     1    15
 -9.8613156168248964E-02 a       496     0    25     1    16
  3.5247749587334253E-02 a       497     0    25     1    17
  9.5730293356887569E-02 a       498     0    25     1    18
 -9.6598065658422952E-02 a       499     0    25     1    19
 -1.0524806414370305E-01 a       500     0    25     1    20
  8.8722812922380642E-02 a       501     0    26     1     1
  8.4819986963343544E-02 a       502     0    26     1     2
 -1.3223710767588542E-01 a       503     0    26     1     3
  1.4461763587737073E-01 a       504     0    26     1     4
 -2.6087987876703095E-01 a       505     0    26     1     5
  6.8429795662138346E-02 a       506     0    26     1     6
 -2.0733808967037345E-01 a       507     0    26     1     7
  4.5038087915701991E-02 a       508     0    26     1     8
  8.2891970565598536E-02 a       509     0    26     1     9
  6.7709686122819608E-03 a       510     0    26     1    10
 -6.6126446005762105E-02 a       511     0    26     1    11
 -1.4364990949127954E-01 a       512     0    26     1    12
 -1.7391102163888109E-01 a       513     0    26     1    13
 -6.8894119701210385E-02 a       514     0    26     1    14
 -2.1654357231032792E-01 a       515     0    26     1    15
 -1.1107267038503561E-01 a       516     0    26     1    16
 -6.9551658550177392E-02 a       517     0    26     1    17
  2.8134003266173052E-01 a       518     0    26     1    18
 -2.8714434721403542E-01 a       519     0    26     1    19
 -1.5752892330221707E-01 a       520     0    26     1    20
 -1.8920759473835294E-01 a       521     0    27     1     1
  1.4464141469967159E-01 a       522     0    27     1     2
 -3.4368682028550861E-02 a       523     0    27     1     3
  1.3218113573141446E-01 a       524     0    27     1     4
 -1.1889537910721344E-02 a       525     0    27     1     5
 -1.6389982312007068E-01 a       526     0    27     1     6
  1.5538106208918995E-01 a       527     0    27     1     7
 -1.7241122129069489E-01 a       528     0    27     1     8
  7.8008441001581566E-02 a       529     0    27     1     9
  4.8451688798788327E-02 a       530     0    27     1    10
  1.1268864431539063E-01 a       531     0    27     1    11
 -2.5408004949044743E-01 a       532     0    27     1    12
 -1.8369803895926134E-01 a       533     0    27     1    13
  5.0780652466248723E-02 a       534     0    27     1    14
 -2.0555179406081692E-01 a       535     0    27     1    15
  5.7012007503691932E-02 a       536     0    27     1    16
 -3.8209999969965804E-02 a       537     0    27     1    17
 -2.0565190304853456E-01 a       538     0    27     1    18
 -1.0354779184009290E-02 a       539     0    27     1    19
 -8.8370908372095783E-02 a       540     0    27     1    20
  2.6182861228334346E-02 a       541     0    28     1     1
  1.4233925012559691E-02 a       542     0    28     1     2
 -6.1225681988293940E-03 a       543     0    28     1     3
  9.6280921996504135E-02 a       544     0    28     1     4
  9.8926508788742568E-02 a       545     0    28     1     5
 -8.9267947890177557E-02 a       546     0    28     1     6
  2.5213106359463372E-01 a       547     0    28     1     7
  2.1887003091997877E-02 a       548     0    28     1     8
  4.3436574082365204E-02 a       549     0    28     1     9
 -4.4876827374671975E-02 a       550     0    28     1    10
  1.1772304887801371E-01 a       551     0    28     1    11
 -7.9446150924029360E-02 a       552     0    28     1    12
  2.2352618612092295E-01 a       553     0    28     1    13
  1.4836143383151093E-01 a       554     0    28     1    14
 -3.6739485409767146E-02 a       555     0    28     1    15
  5.6894983437864199E-02 a       556     0    28     1    16
 -1.1529897985868859E-01 a       557     0    28     1    17
  1.3864003556199544E-01 a       558     0    28     1    18
  2.1863017493436654E-01 a       559     0    28     1    19
  2.6818016187379645E-01 a       560     0    28     1    20
 -1.8821992341824520E-01 a       561     0    29     1     1
 -1.0960745039203908E-01 a       562     0    29     1     2
  1.1282972789227023E-01 a       563     0    29     1     3
 -2.0462758913290638E-01 a       564     0    29     1     4
 -3.4455961456663908E-02 a       565     0    29     1     5
  1.7434535438428800E-01 a       566     0    29     1     6
 -1.3820895320852444E-01 a       567     0    29     1     7
  2.2717240673601805E-03 a       568     0    29     1     8
 -1.3831439153958322E-01 a       569     0    29     1     9
  2.9080197035135688E-02 a       570     0    29     1    10
 -2.8748085435567203E-02 a       571     0    29     1    11
 -7.1529367357848941E-02 a       572     0    29     1    12
  1.6899450645810509E-02 a       573     0    29     1    13
 -8.1531971554630059E-02 a       574     0    29     1    14
 -4.6711644229697945E-02 a       575     0    29     1    15
 -5.3551803794259702E-02 a       576     0    29     1    16
 -3.1768852458590455E-04 a       577     0    29     1    17
 -8.5449950063704913E-02 a       578     0    29     1    18
  4.4694544624858473E-02 a       579     0    29     1    19
 -5.6329641623655058E-02 a       580     0    29     1    20
 -1.4537299785237581E-01 a       581     0    30     1     1
  7.7463726075898992E-02 a       582     0    30     1     2
 -5.3264534828790441E-02 a       583     0    30     1     3
  1.5059575424910168E-01 a       584     0    30     1     4
  1.8731516974059209E-01 a       585     0    30     1     5
 -1.1283969617078324E-01 a       586     0    30     1     6
 -8.9842374726738464E-02 a       587     0    30     1     7
  1.5813407449807831E-01 a       588     0    30     1     8
  5.5683265352563953E-02 a       589     0    30     1     9
 -1.2184776314034042E-01 a       590     0    30     1    10
 -1.7853743698561161E-01 a       591     0    30     1    11
  1.4071253983081958E-01 a       592     0    30     1    12
 -7.7988297305397192E-02 a       593     0    30     1    13
 -2.4827922332423705E-02 a       594     0    30     1    14
  2.7071603541069900E-01 a       595     0    30     1    15
  1.1085590551912439E-01 a       596     0    30     1    16
  4.1692625914746727E-02 a       597     0    30     1    17
 -8.8462953354015536E-02 a       598     0    30     1    18
  3.7971703094814818E-02 a       599     0    30     1    19
 -1.0398604204669384E-01 a       600     0    30     1    20
 -2.2366583714096541E-01 a       601     0    31     1     1
  8.7086722487768581E-02 a       602     0    31     1     2
 -2.5813841330145582E-01 a       603     0    31     1     3
  5.7828414121108673E-02 a       604     0    31     1     4
 -5.3954210671588380E-04 a       605     0    31     1     5
  2.4073017498301311E-01 a       606     0    31     1     6
  2.2470825652541368E-01 a       607     0    31     1     7
 -1.7391258346167998E-01 a       608     0    31     1     8
  2.2593484155573523E-01 a       609     0    31     1     9
 -1.5345696207645004E-01 a       610     0    31     1    10
  4.1562810844524944E-01 a       611     0    31     1    11
  1.1351274896681816E-01 a       612     0    31     1    12
 -7.7126069669214953E-02 a       613     0    31     1    13
  1.7997786811083091E-01 a       614     0    31     1    14
  2.1445013364447760E-01 a       615     0    31     1    15
 -2.7787951459948923E-01 a       616     0    31     1    16
 -1.8596993284022623E-01 a       617     0    31     1    17
  2.7044982348563379E-01 a       618     0    31     1    18
  6.3390743710852789E-03 a       619     0    31     1    19
  1.2724373338380581E-02 a       620     0    31     1    20
  1.5019535793589897E-01 a       621     0    32     1     1
 -3.0675505418356486E-01 a       622     0    32     1     2
 -1.4870552796282896E-01 a       623     0    32     1     3
  1.1032720301165842E-01 a       624     0    32     1     4
  3.1450277508859376E-01 a       625     0    32     1     5
 -8.8095763644088942E-02 a       626     0    32     1     6
 -6.9315460128228465E-02 a       627     0    32     1     7
  2.1056507885987569E-01 a       628     0    32     1     8
  4.3299004599592725E-02 a       629     0    32     1     9
 -8.3848071287691478E-02 a       630     0    32     1    10
  1.1288962950901878E-01 a       631     0    32     1    11
 -1.9269925880819819E-01 a       632     0    32     1    12
  2.0431477815573809E-01 a       633     0    32     1    13
 -1.4205538203966372E-01 a       634     0    32     1    14
 -9.8267771465115922E-02 a       635     0    32     1    15
  2.3551013612370351E-02 a       636     0    32     1    16
  9.6867676225379340E-02 a       637     0    32     1    17
  1.8597250631020010E-01 a       638     0    32     1    18
 -2.5334164137799942E-01 a       639     0    32     1    19
  1.5635134596411557E-03 a       640     0    32     1    20
  3.4554165844895868E-01 a       641     0    33     1     1
  2.0062277968501566E-01 a       642     0    33     1     2
  2.4627913071837337E-01 a       643     0    33     1     3
 -3.2124734272942584E-01 a       644     0    33     1     4
  1.4375655975859339E-01 a       645     0    33     1     5
 -6.8365859606512341E-02 a       646     0    33     1     6
 -2.7798730868652560E-01 a       647     0    33     1     7
 -2.3662209731725528E-01 a       648     0    33     1     8
 -3.6131151627408647E-01 a       649     0    33     1     9
 -3.3717292323599733E-02 a       650     0    33     1    10
 -4.6171020868026080E-01 a       651     0    33     1    11
 -2.5399985676525433E-01 a       652     0    33     1    12
  5.1537754704462972E-02 a       653     0    33     1    13
  3.8842837630309136E-02 a       654     0    33     1    14
 -2.0932966921782126E-01 a       655     0    33     1    15
 -2.8027004418421181E-01 a       656     0    33     1    16
 -1.9247609112875538E-01 a       657     0    33     1    17
 -6.7806159219992029E-02 a       658     0    33     1    18
 -1.8503293747262714E-01 a       659     0    33     1    19
  2.7032620021460202E-01 a       660     0    33     1    20
  1.7562364263314420E-01 a       661     0    34     1     1
 -1.5493807265012910E-01 a       662     0    34     1     2
  1.6041557883998278E-01 a       663     0    34     1     3
 -3.1374403698219527E-01 a       664     0    34     1     4
  8.8300049072125034E-02 a       665     0    34     1     5
 -2.1950691169531789E-01 a       666     0    34     1     6
  1.5168792961954636E-01 a       667     0    34     1     7
  3.8988517920794896E-01 a       668     0    34     1     8
  9.9478118934881621E-02 a       669     0    34     1     9
 -5.7426803732257156E-02 a       670     0    34     1    10
  1.4756242972951808E-01 a       671     0    34     1    11
  1.0992263313804075E-01 a       672     0    34     1    12
  3.9795773623647601E-01 a       673     0    34     1    13
  8.6357164265686050E-03 a       674     0    34     1    14
  2.2205803997438217E-01 a       675     0    34     1    15
  4.1711107077356945E-02 a       676     0    34     1    16
 -2.5174246461240668E-01 a       677     0    34     1    17
 -6.0912100754598027E-02 a       678     0    34     1    18
  1.1348234964378340E-01 a       679     0    34     1    19
  8.2759503748411009E-04 a       680     0    34     1    20
  8.2938384443191612E-02 a       681     0    35     1     1
  1.5898544137521745E-01 a       682     0    35     1     2
  9.2546650046261461E-02 a       683     0    35     1     3
 -8.6361743165867907E-02 a       684     0    35     1     4
  2.3125526815934852E-01 a       685     0    35     1     5
 -6.0023844394669242E-02 a       686     0    35     1     6
  1.3771037303439762E-01 a       687     0    35     1     7
 -1.3507894321793579E-01 a       688     0    35     1     8
  1.2971065335609910E-01 a       689     0    35     1     9
  1.1199056413543315E-01 a       690     0    35     1    10
  3.1665766746709750E-01 a       691     0    35     1    11
  3.4402654217822667E-02 a       692     0    35     1    12
  1.5373035393695042E-01 a       693     0    35     1    13
  2.8596689465260000E-01 a       694     0    35     1    14
 -1.5488076443819954E-01 a       695     0    35     1    15
  1.2654568020575979E-01 a       696     0    35     1    16
  3.5919708589430180E-02 a       697     0    35     1    17
  2.5634674036915411E-01 a       698     0    35     1    18
  1.7171922750911980E-01 a       699     0    35     1    19
 -1.0669981696673559E-02 a       700     0    35     1    20
 -2.6071364153472976E-01 a       701     0    36     1     1
  1.0443489125572206E-01 a       702     0    36     1     2
 -1.0482590090658302E-01 a       703     0    36     1     3
 -8.1321354880690033E-02 a       704     0    36     1     4
  1.4920545356758014E-01 a       705     0    36     1     5
 -1.7537248110577969E-01 a       706     0    36     1     6
  1.3313041851834720E-01 a       707     0    36     1     7
 -6.7231583094781958E-02 a       708     0    36     1     8
  1.1391864619249450E-02 a       709     0    36     1     9
  1.3981205323767923E-01 a       710     0    36     1    10
  1.9573352413847378E-01 a       711     0    36     1    11
 -2.1037038884704307E-01 a       712     0    36     1    12
  1.2297386396067786E-01 a       713     0    36     1    13
  1.7232684984227854E-02 a       714     0    36     1    14
 -2.6815105580547677E-01 a       715     0    36     1    15
  2.3759152274074211E-01 a       716     0    36     1    16
  4.5138556389085982E-02 a       717     0    36     1    17
 -2.3251758210920581E-01 a       718     0    36     1    18
  9.5447961033036224E-02 a       719     0    36     1    19
 -1.2048239955745084E-01 a       720     0    36     1    20
 -5.2025563001905452E-02 a       721     0    37     1     1
 -2.1651197013904991E-01 a       722     0    37     1     2
  2.0828328070716526E-01 a       723     0    37     1     3
  2.5381203391686252E-01 a       724     0    37     1     4
  1.9362344345538393E-01 a       725     0    37     1     5
  4.0404349151424707E-01 a       726     0    37     1     6
 -1.6462849974334867E-01 a       727     0    37     1     7
 -1.6921191086489357E-01 a       728     0    37     1     8
  2.4359856342673480E-01 a       729     0    37     1     9
  2.2424741933954467E-01 a       730     0    37     1    10
 -1.8014360934322612E-01 a       731     0    37     1    11
 -2.0595595353186263E-01 a       732     0    37     1    12
  5.3922413214964292E-02 a       733     0    37     1    13
  1.5974569266962227E-01 a       734     0    37     1    14
 -2.7593240947279246E-01 a       735     0    37     1    15
  8.9095365458878584E-02 a       736     0    37     1    16
 -7.1131964642714346E-02 a       737     0    37     1    17
 -1.0578879875393470E-01 a       738     0    37     1    18
 -2.4189056751140658E-01 a       739     0    37     1    19
  3.8129818288542305E-01 a       740     0    37     1    20
 -8.3940303978568675E-03 a       741     0    38     1     1
 -1.6973523554418610E-01 a       742     0    38     1     2
  1.0173897605788840E-01 a       743     0    38     1     3
 -1.9353846462298185E-01 a       744     0    38     1     4
  1.1283539071527722E-01 a       745     0    38     1     5
  1.2434591379009080E-01 a       746     0    38     1     6
  2.7065728182887626E-02 a       747     0    38     1     7
 -1.2241664517064449E-01 a       748     0    38     1     8
  1.8063334317312027E-01 a       749     0    38     1     9
  3.5603749074606589E-02 a       750     0    38     1    10
 -1.7362518092625637E-01 a       751     0    38     1    11
  2.0476035181463251E-02 a       752     0    38     1    12
 -3.0778698654624808E-03 a       753     0    38     1    13
 -1.9174934959648487E-02 a       754     0    38     1    14
  2.2454068863612769E-01 a       755     0    38     1    15
 -1.6299706150426907E-01 a       756     0    38     1    16
 -3.8395444431685383E-02 a       757     0    38     1    17
 -1.3697579896010328E-01 a       758     0    38     1    18
  1.4072055501428607E-01 a       759     0    38     1    19
 -8.2211038927164581E-02 a       760     0    38     1    20
 -4.8007730987208286E-02 a       761     0    39     1     1
  3.3860691647334168E-01 a       762     0    39     1     2
 -1.5240443215349680E-01 a       763     0    39     1     3
 -1.6250528459067382E-01 a       764     0    39     1     4
 -1.9511385547526172E-01 a       765     0    39     1     5
 -1.3103298342808126E-01 a       766     0    39     1     6
  7.6056862228459393E-02 a       767     0    39     1     7
 -1.3942905143858420E-01 a       768     0    39     1     8
 -2.8645588585445603E-01 a       769     0    39     1     9
 -2.5626595326645796E-01 a       770     0    39     1    10
 -2.3007921840435461E-01 a       771     0    39     1    11
 -2.3426031012614859E-01 a       772     0    39     1    12
 -1.9392864629574624E-01 a       773     0    39     1    13
  2.6111796990503261E-01 a       774     0    39     1    14
  1.0095093241666152E-01 a       775     0    39     1    15
 -3.4744018110446240E-01 a       776     0    39     1    16
  5.8537318846525417E-02 a       777     0    39     1    17
 -3.1379702883697069E-01 a       778     0    39     1    18
  3.4918868692708899E-01 a       779     0    39     1    19
 -6.6822043636422107E-02 a       780     0    39     1    20
 -1.0804583975843808E-01 a       781     0    40     1     1
 -1.7967180360130111E-01 a       782     0    40     1     2
  8.7570169850794549E-02 a       783     0    40     1     3
  3.8339590646701510E-01 a       784     0    40     1     4
  7.6254021164596314E-02 a       785     0    40     1     5
 -1.7924964271065211E-01 a       786     0    40     1     6
 -2.4695195484195495E-01 a       787     0    40     1     7
  1.7216768576233826E-01 a       788     0    40     1     8
 -1.7647825963372640E-01 a       789     0    40     1     9
  1.2196689437764006E-01 a       790     0    40     1    10
  1.5707529746782656E-01 a       791     0    40     1    11
 -3.1670483925646570E-01 a       792     0    40     1    12
 -2.3026166025112088E-01 a       793     0    40     1    13
 -1.1590307365337439E-01 a       794     0    40     1    14
 -2.9755302198916239E-01 a       795     0    40     1    15
 -4.8872913398737762E-02 a       796     0    40     1    16
  1.7699535222421495E-01 a       797     0    40     1    17
  1.1565101864221897E-02 a       798     0    40     1    18
  2.8102362413874993E-01 a       799     0    40     1    19
 -3.0046231465170836E-01 a       800     0    40     1    20
  1.6300234063058822E-01 a       801     0    41     1     1
 -7.1283254223612055E-03 a       802     0    41     1     2
 -7.0396752682874764E-02 a       803     0    41     1     3
  1.3802334230985439E-01 a       804     0    41     1     4
 -2.6239293235962812E-02 a       805     0    41     1     5
  1.3825582750245334E-02 a       806     0    41     1     6
 -1.3086529251026643E-01 a       807     0    41     1     7
 -9.9178585301567007E-02 a       808     0    41     1     8
 -1.6760269629163668E-01 a       809     0    41     1     9
 -8.4677823749181286E-02 a       810     0    41     1    10
 -1.6991666144868872E-01 a       811     0    41     1    11
  2.6477899194318960E-01 a       812     0    41     1    12
  9.5787860924619016E-03 a       813     0    41     1    13
  1.6598593071256128E-02 a       814     0    41     1    14
  2.3346818940144892E-01 a       815     0    41     1    15
  1.9720295699563416E-02 a       816     0    41     1    16
 -2.9938240639581495E-04 a       817     0    41     1    17
  2.7883394979753062E-01 a       818     0    41     1    18
  1.0319711854868835E-01 a       819     0    41     1    19
  2.0169215843574784E-01 a       820     0    41     1    20
 -3.1585463341001839E-02 a       821     0    42     1     1
  2.1554273122809292E-01 a       822     0    42     1     2
  1.7707314187719828E-01 a       823     0    42     1     3
  2.6479802101333011E-01 a       824     0    42     1     4
  1.3570608574846965E-01 a       825     0    42     1     5
  1.5998151123856888E-01 a       826     0    42     1     6
  2.7488445894176172E-01 a       827     0    42     1     7
 -3.3560467930286102E-02 a       828     0    42     1     8
  1.5991402127674254E-01 a       829     0    42     1     9
 -3.3883056419015567E-02 a       830     0    42     1    10
 -9.2924278028820313E-04 a       831     0    42     1    11
  6.0757758898729794E-02 a       832     0    42     1    12
 -1.7944844072690375E-01 a       833     0    42     1    13
 -2.5320390589609937E-01 a       834     0    42     1    14
 -1.9533724181208251E-01 a       835     0    42     1    15
 -6.2385147456862779E-02 a       836     0    42     1    16
  1.0320038226108633E-01 a       837     0    42     1    17
  1.1345720623618125E-01 a       838     0    42     1    18
 -2.9907419925978707E-01 a       839     0    42     1    19
  2.3251195660805121E-01 a       840     0    42     1    20
 -9.2485755575858059E-02 a       841     0    43     1     1
  1.6809149471684520E-01 a       842     0    43     1     2
 -2.0187010016853793E-01 a       843     0    43     1     3
  1.6496181645093269E-01 a       844     0    43     1     4
 -3.4521659085966577E-01 a       845     0    43     1     5
 -2.1568201008915577E-01 a       846     0    43     1     6
 -4.4102826004266675E-02 a       847     0    43     1     7
  2.0223256331497896E-01 a       848     0    43     1     8
  1.4442057427137053E-01 a       849     0    43     1     9
 -5.3063115286918136E-02 a       850     0    43     1    10
  1.5927740157037434E-01 a       851     0    43     1    11
  2.1860343159097440E-01 a       852     0    43     1    12
  2.4356903209679129E-01 a       853     0    43     1    13
 -2.4669007603307316E-01 a       854     0    43     1    14
 -4.8566459304851449E-02 a       855     0    43     1    15
  7.4004226297310224E-02 a       856     0    43     1    16
  2.5694904187358575E-01 a       857     0    43     1    17
 -2.9634424397377107E-01 a       858     0    43     1    18
  7.6221616209086449E-02 a       859     0    43     1    19
  3.5383922964965170E-01 a       860     0    43     1    20
 -3.8727662064754795E-02 a       861     0    44     1     1
 -8.2470400354458878E-02 a       862     0    44     1     2
  1.8070600320205823E-02 a       863     0    44     1     3
 -3.4335070616362970E-02 a       864     0    44     1     4
  2.5055870415955361E-01 a       865     0    44     1     5
 -3.6875382971732644E-02 a       866     0    44     1     6
 -2.7273604164245585E-01 a       867     0    44     1     7
 -6.6857428918488976E-02 a       868     0    44     1     8
  1.4748483888113131E-01 a       869     0    44     1     9
 -1.6155975532119099E-01 a       870     0    44     1    10
  5.1621356692431723E-02 a       871     0    44     1    11
  2.9478204876521613E-01 a       872     0    44     1    12
 -1.1421655267181124E-01 a       873     0    44     1    13
  1.3763259630555161E-01 a       874     0    44     1    14
  2.1757315873935243E-01 a       875     0    44     1    15
  1.9956161138443773E-01 a       876     0    44     1    16
 -3.3223037051535392E-01 a       877     0    44     1    17
  3.4041930646213879E-02 a       878     0    44     1    18
 -6.2293209906689663E-02 a       879     0    44     1    19
  3.8114058765958705E-02 a       880     0    44     1    20
  4.7467751144665289E-02 a       881     0    45     1     1
 -2.0192099249164067E-01 a       882     0    45     1     2
  9.0344886770706914E-02 a       883     0    45     1     3
 -4.0078060476744878E-02 a       884     0    45     1     4
 -2.0615472573730845E-01 a       885     0    45     1     5
  1.3377798807404753E-01 a       886     0    45     1     6
  2.5678420867408414E-01 a       887     0    45     1     7
 -3.2625116254621424E-02 a       888     0    45     1     8
  1.7876780322352029E-01 a       889     0    45     1     9
  1.0462177152701639E-01 a       890     0    45     1    10
 -1.4738667724809482E-01 a       891     0    45     1    11
 -3.5434287332376907E-01 a       892     0    45     1    12
 -1.4837506854546126E-01 a       893     0    45     1    13
  3.3677148613283736E-01 a       894     0    45     1    14
  4.2428225545246478E-01 a       895     0    45     1    15
 -1.1862087945061777E-02 a       896     0    45     1    16
 -1.5052159961353953E-01 a       897     0    45     1    17
  1.1438692058289472E-01 a       898     0    45     1    18
 -1.5527887551833036E-01 a       899     0    45     1    19
 -3.3215666934866300E-01 a       900     0    45     1    20
 -1.8480893420828712E-01 a       901     0    46     1     1
 -1.7052265312326156E-01 a       902     0    46     1     2
 -5.8105674940932335E-02 a       903     0    46     1     3
 -9.7153566922421400E-02 a       904     0    46     1     4
  8.9584723289577076E-02 a       905     0    46     1     5
  2.8644517254315988E-01 a       906     0    46     1     6
 -1.2613470233221602E-01 a       907     0    46     1     7
 -1.3675376568234315E-01 a       908     0    46     1     8
 -1.3487490840147490E-01 a       909     0    46     1     9
 -7.1044880534977831E-02 a       910     0    46     1    10
 -2.2160020659787466E-01 a       911     0    46     1    11
 -2.9467020457105358E-01 a       912     0    46     1    12
 -1.5883439050816892E-01 a       913     0    46     1    13
  2.7056860040625654E-02 a       914     0    46     1    14
 -2.6492401752913418E-02 a       915     0    46     1    15
  1.7997857233076917E-01 a       916     0    46     1    16
 -2.7613849490194142E-01 a       917     0    46     1    17
  1.4437047942323988E-01 a       918     0    46     1    18
 -1.5164836238622817E-01 a       919     0    46     1    19
 -6.2719823077031001E-02 a       920     0    46     1    20
 -1.6153375412032459E-01 a       921     0    47     1     1
  1.5022787433152193E-01 a       922     0    47     1     2
 -1.0833414153805997E-01 a       923     0    47     1     3
 -2.4332482210400916E-01 a       924     0    47     1     4
  5.1615668489013028E-02 a       925     0    47     1     5
  1.0382560659598739E-02 a       926     0    47     1     6
 -1.9744636655283287E-01 a       927     0    47     1     7
 -1.4952701401069551E-01 a       928     0    47     1     8
 -2.7204292753089282E-01 a       929     0    47     1     9
 -7.4951135130101570E-02 a       930     0    47     1    10
 -2.5140732805961558E-01 a       931     0    47     1    11
  1.8865735676067619E-01 a       932     0    47     1    12
 -1.9126869489837325E-01 a       933     0    47     1    13
 -2.0269515057211591E-02 a       934     0    47     1    14
  1.3921505646692525E-01 a       935     0    47     1    15
  1.0283978940884204E-01 a       936     0    47     1    16
 -1.9607170449119887E-01 a       937     0    47     1    17
 -2.6460310605041021E-01 a       938     0    47     1    18
 -1.9937969028965671E-01 a       939     0    47     1    19
  1.9473696881258445E-01 a       940     0    47     1    20
 -2.7606979602451620E-01 a       941     0    48     1     1
 -1.3251283531346178E-01 a       942     0    48     1     2
  6.9171153888431064E-02 a       943     0    48     1     3
  1.1245401859645560E-01 a       944     0    48     1     4
  3.2623315715536699E-01 a       945     0    48     1     5
 -3.6595838897043896E-02 a       946     0    48     1     6
  7.6621680215200064E-02 a       947     0    48     1     7
  2.0126681142241865E-01 a       948     0    48     1     8
 -1.5135402958095187E-01 a       949     0    48     1     9
 -1.7228666858678768E-01 a       950     0    48     1    10
  6.9994020164922205E-02 a       951     0    48     1    11
  2.4319568229042560E-01 a       952     0    48     1    12
 -4.8894278312126539E-02 a       953     0    48     1    13
 -3.5651452837839395E-02 a       954     0    48     1    14
 -1.8824128388698647E-01 a       955     0    48     1    15
  2.3624675120453165E-01 a       956     0    48     1    16
  1.3363811152029051E-01 a       957     0    48     1    17
 -5.7024577963798430E-02 a       958     0    48     1    18
 -1.7726868732012475E-02 a       959     0    48     1    19
  1.6460099916186963E-01 a       960     0    48     1    20
 -2.1195124459565512E-01 a       961     0    49     1     1
 -1.2181426502229774E-01 a       962     0    49     1     2
 -1.3446498824421367E-02 a       963     0    49     1     3
  8.5260895383460877E-02 a       964     0    49     1     4
 -3.6572944438256851E-02 a       965     0    49     1     5
 -4.0788338720241829E-01 a       966     0    49     1     6
  6.8610820691364857E-02 a       967     0    49     1     7
  2.8368766538578710E-01 a       968     0    49     1     8
 -2.1747040336682188E-01 a       969     0    49     1     9
 -4.0962388760644661E-02 a       970     0    49     1    10
 -1.9713975832975676E-02 a       971     0    49     1    11
 -1.4053855703760421E-01 a       972     0    49     1    12
  1.7442559959393128E-01 a       973     0    49     1    13
 -8.8487198215237761E-02 a       974     0    49     1    14
  1.9372890821838848E-01 a       975     0    49     1    15
  1.6000465819829993E-01 a       976     0    49     1    16
 -2.8017568092811879E-01 a       977     0    49     1    17
  3.5550462529589916E-01 a       978     0    49     1    18
 -3.5953049609618960E-02 a       979     0    49     1    19
 -7.4145911250165106E-02 a       980     0    49     1    20
 -2.0298119408924783E-02 a       981     0    50     1     1
 -1.1410886845217488E-01 a       982     0    50     1     2
 -8.9326074045841142E-02 a       983     0    50     1     3
  1.2430661611282330E-01 a       984     0    50     1     4
 -2.7408590750983935E-01 a       985     0    50     1     5
 -4.0457749810285014E-02 a       986     0    50     1     6
  3.8205997269257989E-02 a       987     0    50     1     7
  9.5658365083227115E-02 a       988     0    50     1     8
 -1.3094027036686862E-01 a       989     0    50     1     9
 -9.2191622079288854E-02 a       990     0    50     1    10
  1.6762369594275878E-01 a       991     0    50     1    11
  1.1808975458208779E-02 a       992     0    50     1    12
 -1.9162459307914229E-01 a       993     0    50     1    13
 -4.0438022832234306E-02 a       994     0    50     1    14
  8.8754490832978428E-02 a       995     0    50     1    15
  1.4544889611424136E-01 a       996     0    50     1    16
 -4.1717281534101834E-02 a       997     0    50     1    17
  1.3147372053431475E-01 a       998     0    50     1    18
 -4.3148914120790288E-01 a       999     0    50     1    19
 -2.7313989333248651E-01 a      1000     0    50     1    20
  4.0398868518176273E-01 a      1001     0    51     1     1
  4.7792426373376398E-02 a      1002     0    51     1     2
 -5.2521933039412327E-01 a      1003     0    51     1     3
 -3.0466082913473028E-02 a      1004     0    51     1     4
  4.2392572585528782E-02 a      1005     0    51     1     5
 -1.7088003766933466E-01 a      1006     0    51     1     6
  3.4425464112362761E-02 a      1007     0    51     1     7
 -1.2994948783961310E-01 a      1008     0    51     1     8
 -3.0756549702174990E-01 a      1009     0    51     1     9
 -5.5414031589406110E-01 a      1010     0    51     1    10
 -1.9722732209301541E-02 a      1011     0    51     1    11
  3.2148947772382763E-01 a      1012     0    51     1    12
  2.6246496038052397E-01 a      1013     0    51     1    13
  7.3033088970830187E-03 a      1014     0    51     1    14
 -2.7838765044629660E-01 a      1015     0    51     1    15
  5.9921531726125590E-02 a      1016     0    51     1    16
 -2.1430503815703086E-01 a      1017     0    51     1    17
  2.1192804647684049E-01 a      1018     0    51     1    18
 -3.3242879030355504E-01 a      1019     0    51     1    19
  3.2873605911932219E-01 a      1020     0    51     1    20
 -1.0427307986489108E-01 a      1021     0    52     1     1
 -5.2251266034919967E-02 a      1022     0    52     1     2
 -2.1639379333178496E-01 a      1023     0    52     1     3
  4.3165519412267350E-01 a      1024     0    52     1     4
  2.3578899497730202E-01 a      1025     0    52     1     5
  4.4686518398405894E-01 a      1026     0    52     1     6
 -4.0657949167269440E-02 a      1027     0    52     1     7
  2.6580760049677726E-01 a      1028     0    52     1     8
  3.0551923915912349E-01 a      1029     0    52     1     9
  2.6924900336666346E-02 a      1030     0    52     1    10
 -1.1402069989556275E-01 a      1031     0    52     1    11
  5.4981961927590271E-02 a      1032     0    52     1    12
 -1.3982675755989185E-01 a      1033     0    52     1    13
  4.5580529497948980E-03 a      1034     0    52     1    14
 -2.7128717335134683E-01 a      1035     0    52     1    15
 -1.1492016664336749E-01 a      1036     0    52     1    16
  1.6351293140622314E-01 a      1037     0    52     1    17
  1.2793141468052877E-02 a      1038     0    52     1    18
  5.9098554449660334E-02 a      1039     0    52     1    19
 -3.0656406287846411E-01 a      1040     0    52     1    20
  4.0240568384825159E-03 a      1041     0    53     1     1
 -5.0083813801207307E-02 a      1042     0    53     1     2
  5.5407193989593463E-02 a      1043     0    53     1     3
 -5.0539958332456433E-02 a      1044     0    53     1     4
  1.6088401800876206E-01 a      1045     0    53     1     5
  4.6614671749836710E-02 a      1046     0    53     1     6
  1.5336970991493970E-01 a      1047     0    53     1     7
  7.6379239814734656E-02 a      1048     0    53     1     8
  1.0596807495508959E-01 a      1049     0    53     1     9
 -2.0082711501684551E-02 a      1050     0    53     1    10
  9.0545037258089531E-02 a      1051     0    53     1    11
  7.5846838122157201E-03 a      1052     0    53     1    12
  9.3434235638735930E-02 a      1053     0    53     1    13
  4.4904616657128388E-02 a      1054     0    53     1    14
 -2.9881638841866293E-01 a      1055     0    53     1    15
 -1.0762311224829868E-01 a      1056     0    53     1    16
 -2.1803508892811610E-01 a      1057     0    53     1    17
 -7.9491753970465998E-03 a      1058     0    53     1    18
  1.9864168809519653E-01 a      1059     0    53     1    19
  9.1850546862556115E-02 a      1060     0    53     1    20
 -3.8647304447043007E-02 a      1061     0    54     1     1
 -1.6358087012492259E-01 a      1062     0    54     1     2
  9.7181524194656671E-02 a      1063     0    54     1     3
 -8.7799925495642930E-02 a      1064     0    54     1     4
 -2.5072618081229511E-02 a      1065     0    54     1     5
 -1.1575618093830951E-01 a      1066     0    54     1     6
 -1.1664697725539852E-01 a      1067     0    54     1     7
 -1.4321859276593635E-01 a      1068     0    54     1     8
 -8.6602670946209506E-02 a      1069     0    54     1     9
  1.0648599715079116E-01 a      1070     0    54     1    10
  9.0389904544786112E-02 a      1071     0    54     1    11
  5.1238791789284817E-02 a      1072     0    54     1    12
 -9.9898386174769996E-02 a      1073     0    54     1    13
 -1.5334122250056018E-02 a      1074     0    54     1    14
  4.8595495738953795E-03 a      1075     0    54     1    15
 -9.5401847971012796E-02 a      1076     0    54     1    16
  1.7086130029254274E-02 a      1077     0    54     1    17
 -1.5418048103259641E-01 a      1078     0    54     1    18
 -7.5012924950975210E-02 a      1079     0    54     1    19
 -3.7188325860732174E-01 a      1080     0    54     1    20
  9.2658761717908034E-01 b      1081     1     1
  1.0367829468853555E+00 b      1082     1     2
  3.8584001151246444E-01 b      1083     1     3
 -9.0268873026729968E-01 b      1084     1     4
  1.1174635215826887E+00 b      1085     1     5
  3.7742141469634610E-01 b      1086     1     6
 -1.1364919162791671E+00 b      1087     1     7
 -1.2799534400682990E+00 b      1088     1     8
  8.2416038970556682E-01 b      1089     1     9
  1.2817538873723995E+00 b      1090     1    10
 -6.2495840636421862E-01 b      1091     1    11
  1.1419629367612640E+00 b      1092     1    12
 -1.0531590083842917E+00 b      1093     1    13
  2.9317976596426731E-01 b      1094     1    14
 -1.4418479526708954E+00 b      1095     1    15
 -8.6849228673593085E-02 b      1096     1    16
 -9.2385037881127841E-01 b      1097     1    17
  9.9909578408924582E-01 b      1098     1    18
  1.3897921692183253E+00 b      1099     1    19
 -5.6884981088576347E-01 b      1100     1    20
 -5.1891178486809153E-01 a      1101     1     1     2     1
 -1.0392395935435926E-01 a      1102     1     1     2     2
  4.6172939665770163E-01 a      1103     1     1     2     3
 -2.4759997316505636E-01 a      1104     1     1     2     4
 -4.3875896522183466E-01 a      1105     1     1     2     5
 -2.4801051991442949E-01 a      1106     1     1     2     6
 -6.4849555969974848E-01 a      1107     1     1     2     7
 -3.8995939491463427E-01 a      1108     1     1     2     8
 -9.0707369388224351E-02 a      1109     1     1     2     9
  1.3036213180437001E-01 a      1110     1     1     2    10
 -4.2371480981445919E-01 a      1111     1     1     2    11
 -5.3173980021165501E-01 a      1112     1     1     2    12
  3.6447561608163206E-03 a      1113     1     1     2    13
  1.0721519473213531E-01 a      1114     1     1     2    14
  4.5209050674448142E-01 a      1115     1     1     2    15
  3.1910003254218611E-02 a      1116     1     1     2    16
  3.3147956185273858E-01 a      1117     1     1     2    17
 -1.7057960582768577E-02 a      1118     1     1     2    18
  4.7644856108092337E-01 a      1119     1     1     2    19
 -7.9070857473400064E-02 a      1120     1     1     2    20
  4.7388681039126873E-01 a      1121     1     2     2     1
 -4.8531995415986590E-01 a      1122     1     2     2     2
  2.6115022823920397E-01 a      1123     1     2     2     3
 -4.5160557967809323E-01 a      1124     1     2     2     4
 -3.9866611943721048E-01 a      1125     1     2     2     5
  1.6048226873718863E-01 a      1126     1     2     2     6
  2.2349554240458799E-01 a      1127     1     2     2     7
  1.7018322098223959E-01 a      1128     1     2     2     8
  3.7787586309630217E-01 a      1129     1     2     2     9
 -4.2959247941152945E-01 a      1130     1     2     2    10
 -3.2690984208092644E-01 a      1131     1     2     2    11
 -3.4421781135229784E-01 a      1132     1     2     2    12
 -4.7127273631075955E-01 a      1133     1     2     2    13
 -1.3436544899549249E-01 a      1134     1     2     2    14
 -3.4302066694355142E-02 a      1135     1     2     2    15
 -6.3621848933534522E-02 a      1136     1     2     2    16
 -7.9263746533579260E-02 a      1137     1     2     2    17
 -2.9788473883463790E-01 a      1138     1     2     2    18
 -5.2966889766442471E-01 a      1139     1     2     2    19
 -6.5598937137016600E-01 a      1140     1     2     2    20
 -2.0413221898552988E-01 a      1141     1     3     2     1
 -1.2858963083663355E-01 a      1142     1     3     2     2
 -4.6869232472002004E-01 a      1143     1     3     2     3
  6.1477518276025966E-01 a      1144     1     3     2     4
  5.0952256783306837E-01 a      1145     1     3     2     5
  5.3271870581711644E-01 a      1146     1     3     2     6
  5.4216110810406926E-01 a      1147     1     3     2     7
 -4.2723988729458168E-01 a      1148     1     3     2     8
  4.3523679875041160E-01 a      1149     1     3     2     9
  5.5903938573413625E-01 a      1150     1     3     2    10
  2.6505979457317071E-04 a      1151     1     3     2    11
  1.8737174175319637E-01 a      1152     1     3     2    12
  2.4927448375894165E-01 a      1153     1     3     2    13
  8.7202394959379648E-02 a      1154     1     3     2    14
  5.2305827871673194E-01 a      1155     1     3     2    15
 -4.0247759826165297E-02 a      1156     1     3     2    16
 -5.2980259823814857E-01 a      1157     1     3     2    17
 -5.2697027746763858E-01 a      1158     1     3     2    18
  7.2497309913382421E-02 a      1159     1     3     2    19
 -5.0270326341318272E-01 a      1160     1     3     2    20
 -1.4427842721027950E-01 a      1161     1     4     2     1
 -5.5195926298234874E-02 a      1162     1     4     2     2
  4.6851207558194502E-01 a      1163     1     4     2     3
 -1.0285918227382608E-01 a      1164     1     4     2     4
  4.3367069201583663E-01 a      1165     1     4     2     5
 -4.3387969509291680E-01 a      1166     1     4     2     6
 -5.8189564327651300E-01 a      1167     1     4     2     7
 -1.2500052105174753E-01 a      1168     1     4     2     8
 -6.1872780317664711E-01 a      1169     1     4     2     9
 -2.1304063497278197E-01 a      1170     1     4     2    10
  4.1466972716875516E-01 a      1171     1     4     2    11
  5.3704511316923298E-01 a      1172     1     4     2    12
  5.9074366149631097E-01 a      1173     1     4     2    13
 -1.2249666275527714E-01 a      1174     1     4     2    14
 -1.4755341620013041E-01 a      1175     1     4     2    15
 -7.5257141446856093E-02 a      1176     1     4     2    16
  3.7737231130157561E-02 a      1177     1     4     2    17
 -1.2857054107322805E-01 a      1178     1     4     2    18
 -3.3423770008483644E-01 a      1179     1     4     2    19
 -2.0878767773121307E-01 a      1180     1     4     2    20
 -4.7567196431752751E-01 a      1181     1     5     2     1
 -7.4075649430947677E-01 a      1182     1     5     2     2
  2.1517408173053246E-01 a      1183     1     5     2     3
 -3.2243783565813278E-01 a      1184     1     5     2     4
 -4.8753032386899198E-01 a      1185     1     5     2     5
 -4.2408532417992378E-01 a      1186     1     5     2     6
 -1.8299665679586014E-01 a      1187     1     5     2     7
  2.0806159838085145E-01 a      1188     1     5     2     8
 -4.3968034035016496E-01 a      1189     1     5     2     9
  5.4825234948460333E-01 a      1190     1     5     2    10
  3.5869745186207508E-01 a      1191     1     5     2    11
 -3.4466117685983616E-01 a      1192     1     5     2    12
  3.0595474210064427E-01 a      1193     1     5     2    13
 -2.8366759325104074E-01 a      1194     1     5     2    14
  2.0473416579194562E-01 a      1195     1     5     2    15
  1.2889653829120110E-01 a      1196     1     5     2    16
 -3.5339435748611664E-01 a      1197     1     5     2    17
  1.6791989885325792E-01 a      1198     1     5     2    18
 -6.1945257253391151E-01 a      1199     1     5     2    19
  3.2062894183585183E-01 a      1200     1     5     2    20
 -4.2126820339992460E-01 a      1201     1     6     2     1
  4.7574754239756867E-01 a      1202     1     6     2     2
 -1.6887853580516415E-01 a      1203     1     6     2     3
  1.2024611625115042E-02 a      1204     1     6     2     4
  4.8039852475899192E-01 a      1205     1     6     2     5
 -4.5651535994013093E-01 a      1206     1     6     2     6
 -5.5386702726185799E-01 a      1207     1     6     2     7
 -5.6969643911136958E-01 a      1208     1     6     2     8
 -1.5288132568923624E-01 a      1209     1     6     2     9
  6.3171961381290476E-01 a      1210     1     6     2    10
  1.7474585761047171E-01 a      1211     1     6     2    11
  5.4831103790201563E-01 a      1212     1     6     2    12
 -1.1106143384016856E-01 a      1213     1     6     2    13
  2.5213082397595210E-01 a      1214     1     6     2    14
 -4.4023146141966514E-02 a      1215     1     6     2    15
 -1.1988888517176420E-01 a      1216     1     6     2    16
  4.7907922452549107E-01 a      1217     1     6     2    17
 -5.5633536584239285E-01 a      1218     1     6     2    18
  2.3746907981873999E-01 a      1219     1     6     2    19
 -6.7984029033693005E-01 a      1220     1     6     2    20
  2.7689322636203162E-01 a      1221     1     7     2     1
 -1.2622231041613879E-01 a      1222     1     7     2     2
 -6.2716838579926315E-01 a      1223     1     7     2     3
  1.1579220832543112E-01 a      1224     1     7     2     4
 -5.3472257308064064E-01 a      1225     1     7     2     5
 -1.9217237049661295E-01 a      1226     1     7     2     6
 -5.8422694435516132E-01 a      1227     1     7     2     7
  6.2739333705705191E-01 a      1228     1     7     2     8
  3.2180617460237754E-01 a      1229     1     7     2     9
  1.8733472487938574E-01 a      1230     1     7     2    10
  2.9344021030974105E-01 a      1231     1     7     2    11
 -3.9453152078126226E-03 a      1232     1     7     2    12
 -4.4307642090266325E-01 a      1233     1     7     2    13
 -6.7168070182794970E-01 a      1234     1     7     2    14
  5.4747919820677471E-01 a      1235     1     7     2    15
  2.9200291900761455E-01 a      1236     1     7     2    16
  3.6617350833899309E-01 a      1237     1     7     2    17
 -4.3505663594213928E-01 a      1238     1     7     2    18
 -2.9231436360967494E-01 a      1239     1     7     2    19
  1.9733252873864249E-01 a      1240     1     7     2    20
 -4.6652985398108932E-01 a      1241     1     8     2     1
 -2.9134048203732604E-01 a      1242     1     8     2     2
 -5.7447457401999769E-01 a      1243     1     8     2     3
 -2.3640449330490468E-01 a      1244     1     8     2     4
  2.3030626738210969E-01 a      1245     1     8     2     5
 -5.7937071799903406E-01 a      1246     1     8     2     6
  4.2308651212407747E-02 a      1247     1     8     2     7
 -5.9561016655421317E-01 a      1248     1     8     2     8
 -4.1785978178750149E-01 a      1249     1     8     2     9
 -5.0651604244190129E-01 a      1250     1     8     2    10
  3.3835204619962811E-01 a      1251     1     8     2    11
  5.9252110287872091E-02 a      1252     1     8     2    12
  8.2059770922983444E-02 a      1253     1     8     2    13
 -7.0638696777863508E-01 a      1254     1     8     2    14
 -1.8924491233242441E-01 a      1255     1     8     2    15
 -3.2500379301065785E-01 a      1256     1     8     2    16
  2.1948939575046092E-01 a      1257     1     8     2    17
  3.0444023117375318E-01 a      1258     1     8     2    18
  4.4519629718209341E-01 a      1259     1     8     2    19
 -2.4406934789409662E-01 a      1260     1     8     2    20
 -4.1735970451060206E-01 a      1261     1     9     2     1
  5.7987660036923842E-02 a      1262     1     9     2     2
 -3.4144553222055579E-01 a      1263     1     9     2     3
 -8.2793860797302346E-02 a      1264     1     9     2     4
 -1.9837860268108928E-01 a      1265     1     9     2     5
 -3.1337551447518242E-01 a      1266     1     9     2     6
 -4.2222903378401910E-01 a      1267     1     9     2     7
 -9.4052695375718295E-02 a      1268     1     9     2     8
  4.1065112642133378E-01 a      1269     1     9     2     9
  1.6828429058312974E-01 a      1270     1     9     2    10
  1.0450898879049787E-01 a      1271     1     9     2    11
 -4.5296318365494598E-01 a      1272     1     9     2    12
  3.9404250365873983E-01 a      1273     1     9     2    13
 -9.9198855626095941E-02 a      1274     1     9     2    14
  5.9189943198536688E-01 a      1275     1     9     2    15
  1.4150626375231601E-01 a      1276     1     9     2    16
  5.7985775315789778E-01 a      1277     1     9     2    17
  5.9571621526032914E-01 a      1278     1     9     2    18
 -2.1797154280088052E-01 a      1279     1     9     2    19
  2.2987011478117617E-01 a      1280     1     9     2    20
  6.6278611902871390E-02 a      1281     1    10     2     1
  4.2171972834399857E-01 a      1282     1    10     2     2
 -5.4439054153697086E-01 a      1283     1    10     2     3
 -4.2285069467970621E-01 a      1284     1    10     2     4
  2.8994782379721923E-01 a      1285     1    10     2     5
 -1.7710321419196973E-01 a      1286     1    10     2     6
  6.0266156392499499E-02 a      1287     1    10     2     7
 -3.5602063276933121E-01 a      1288     1    10     2     8
  5.6142558755259087E-01 a      1289     1    10     2     9
 -1.5688867383229385E-01 a      1290     1    10     2    10
 -2.7135573173634064E-01 a      1291     1    10     2    11
 -5.1879253578425696E-02 a      1292     1    10     2    12
  5.2732919572691384E-01 a      1293     1    10     2    13
 -4.0746332959793152E-01 a      1294     1    10     2    14
 -2.4719327520026796E-01 a      1295     1    10     2    15
 -6.6734077618401999E-01 a      1296     1    10     2    16
 -5.3374335739586876E-01 a      1297     1    10     2    17
 -2.4118031033247081E-01 a      1298     1    10     2    18
 -1.5728857621077946E-01 a      1299     1    10     2    19
  6.5383482316866604E-01 a      1300     1    10     2    20
 -1.2602754615338160E-01 a      1301     1    11     2     1
 -3.6188884768158691E-01 a      1302     1    11     2     2
  4.3020696710997058E-01 a      1303     1    11     2     3
 -6.8606175355753762E-01 a      1304     1    11     2     4
  2.7914234693900997E-01 a      1305     1    11     2     5
  6.6525134077006065E-01 a      1306     1    11     2     6
  4.4736240400635879E-01 a      1307     1    11     2     7
 -1.0451633795467145E-01 a      1308     1    11     2     8
 -4.3799146407911516E-01 a      1309     1    11     2     9
 -4.2990594599728961E-02 a      1310     1    11     2    10
 -5.4366195751931279E-01 a      1311     1    11     2    11
  2.4957488560015248E-01 a      1312     1    11     2    12
  2.6658555036725629E-01 a      1313     1    11     2    13
 -6.4950150239068216E-01 a      1314     1    11     2    14
 -3.2951273864012171E-01 a      1315     1    11     2    15
  3.9454617402784831E-01 a      1316     1    11     2    16
 -1.3584237218795983E-01 a      1317     1    11     2    17
  2.9945584723419172E-01 a      1318     1    11     2    18
  4.0973398989635912E-01 a      1319     1    11     2    19
 -6.4355746216386622E-01 a      1320     1    11     2    20
  3.0375531587654309E-01 a      1321     1    12     2     1
 -2.9420821105386813E-01 a      1322     1    12     2     2
  3.3646761444096457E-01 a      1323     1    12     2     3
  4.1886476574262610E-01 a      1324     1    12     2     4
  2.0670759589699633E-01 a      1325     1    12     2     5
 -4.6203270805597341E-01 a      1326     1    12     2     6
  6.8341772804042758E-02 a      1327     1    12     2     7
 -1.7448393038580315E-01 a      1328     1    12     2     8
 -1.5899778079901331E-01 a      1329     1    12     2     9
  1.1448695139144149E-02 a      1330     1    12     2    10
  6.2556976185550339E-01 a      1331     1    12     2    11
  4.8732281769995894E-01 a      1332     1    12     2    12
  1.8752375978373004E-01 a      1333     1    12     2    13
  4.5810741711849856E-01 a      1334     1    12     2    14
 -3.1631321155258718E-01 a      1335     1    12     2    15
 -1.5672872033030544E-01 a      1336     1    12     2    16
  2.2537778933916325E-01 a      1337     1    12     2    17
 -1.8068835264125618E-01 a      1338     1    12     2    18
  1.6988382541401653E-01 a      1339     1    12     2    19
 -8.0202744173307042E-02 a      1340     1    12     2    20
 -4.4551138371147148E-01 a      1341     1    13     2     1
  3.9291935350407492E-01 a      1342     1    13     2     2
 -1.2241552392052325E-01 a      1343     1    13     2     3
  2.4243853568790227E-01 a      1344     1    13     2     4
 -5.4013573312893387E-02 a      1345     1    13     2     5
 -5.4489621386362608E-01 a      1346     1    13     2     6
 -2.5478031386053474E-01 a      1347     1    13     2     7
 -3.3000867116381873E-02 a      1348     1    13     2     8
 -2.0149180436250433E-01 a      1349     1    13     2     9
  5.6169413049132677E-01 a      1350     1    13     2    10
  4.4243811417050927E-01 a      1351     1    13     2    11
 -2.0206110350516654E-01 a      1352     1    13     2    12
 -1.3212506338464355E-01 a      1353     1    13     2    13
  5.2651941093722809E-01 a      1354     1    13     2    14
 -3.7589612815133100E-01 a      1355     1    13     2    15
 -6.6904602907272925E-01 a      1356     1    13     2    16
 -2.7000147050379614E-01 a      1357     1    13     2    17
  6.6486035943081800E-01 a      1358     1    13     2    18
  5.1449966109118273E-01 a      1359     1    13     2    19
 -2.0010270953167408E-01 a      1360     1    13     2    20
  2.1682946505741874E-01 a      1361     1    14     2     1
 -1.3842735544717408E-01 a      1362     1    14     2     2
  3.7439294353302482E-01 a      1363     1    14     2     3
  2.2296034279149110E-01 a      1364     1    14     2     4
  4.2192524200787240E-01 a      1365     1    14     2     5
 -7.6118449205751559E-02 a      1366     1    14     2     6
 -1.0889865722637951E-01 a      1367     1    14     2     7
 -3.4022834938681817E-01 a      1368     1    14     2     8
  3.9323272425947514E-01 a      1369     1    14     2     9
 -5.5382460986213945E-02 a      1370     1    14     2    10
 -7.0720862224964751E-02 a      1371     1    14     2    11
  4.6309416231119627E-01 a      1372     1    14     2    12
 -3.3773432858631391E-01 a      1373     1    14     2    13
  2.6140449739795729E-01 a      1374     1    14     2    14
  7.0308980903097495E-01 a      1375     1    14     2    15
 -4.6680560067271915E-01 a      1376     1    14     2    16
 -6.2740865908780485E-01 a      1377     1    14     2    17
 -5.4625648984638127E-02 a      1378     1    14     2    18
  6.6871249537701016E-02 a      1379     1    14     2    19
 -1.5199663780351996E-01 a      1380     1    14     2    20
 -4.5315515063755768E-01 a      1381     1    15     2     1
 -5.6291205682563705E-01 a      1382     1    15     2     2
 -1.4640197421999068E-02 a      1383     1    15     2     3
 -4.1177024417443787E-02 a      1384     1    15     2     4
  4.6613195260304448E-02 a      1385     1    15     2     5
 -1.6149705359556643E-01 a      1386     1    15     2     6
  4.4271265687794031E-01 a      1387     1    15     2     7
 -8.3968655222039834E-02 a      1388     1    15     2     8
 -1.9354880103185668E-01 a      1389     1    15     2     9
  1.9326187159967878E-01 a      1390     1    15     2    10
  1.4653706069403741E-01 a      1391     1    15     2    11
  1.7348455741312216E-01 a      1392     1    15     2    12
 -9.8624726626851913E-02 a      1393     1    15     2    13
  1.4779539968118294E-01 a      1394     1    15     2    14
 -5.0254546212243467E-01 a      1395     1    15     2    15
 -1.3698688503997070E-01 a      1396     1    15     2    16
 -5.0926707831350326E-01 a      1397     1    15     2    17
 -3.1523100619954075E-01 a      1398     1    15     2    18
  2.4395749290251389E-01 a      1399     1    15     2    19
  1.8648593710996295E-01 a      1400     1    15     2    20
 -3.2628009681896269E-01 a      1401     1    16     2     1
  4.0716831250931546E-01 a      1402     1    16     2     2
  2.3685048880559126E-01 a      1403     1    16     2     3
  4.0729616306035415E-01 a      1404     1    16     2     4
 -6.5120924825188520E-01 a      1405     1    16     2     5
  5.0142791622588812E-01 a      1406     1    16     2     6
 -5.9079368645220266E-02 a      1407     1    16     2     7
  2.6875733955760711E-01 a      1408     1    16     2     8
  4.3537533411924706E-01 a      1409     1    16     2     9
 -4.7110000077172415E-01 a      1410     1    16     2    10
 -3.3397038176716221E-01 a      1411     1    16     2    11
 -5.7871607629521471E-01 a      1412     1    16     2    12
  3.0032258877251222E-01 a      1413     1    16     2    13
  4.2475359809557028E-01 a      1414     1    16     2    14
 -1.5389117722333120E-01 a      1415     1    16     2    15
  6.0041406407987352E-01 a      1416     1    16     2    16
 -3.1695667458013560E-01 a      1417     1    16     2    17
 -1.8199338755810998E-01 a      1418     1    16     2    18
  2.1776671874562437E-01 a      1419     1    16     2    19
  2.0073948988526544E-01 a      1420     1    16     2    20
 -6.6835296973901459E-01 a      1421     1    17     2     1
  1.8586645041516880E-01 a      1422     1    17     2     2
 -1.7362385149543227E-01 a      1423     1    17     2     3
 -2.6031378938609937E-02 a      1424     1    17     2     4
  5.8855698435921665E-02 a      1425     1    17     2     5
  3.3885283539240246E-01 a      1426     1    17     2     6
  2.8866893336566191E-01 a      1427     1    17     2     7
  3.6968363768020773E-01 a      1428     1    17     2     8
  5.6841013587050082E-01 a      1429     1    17     2     9
  1.0459176370242922E-01 a      1430     1    17     2    10
 -3.5959641063389808E-01 a      1431     1    17     2    11
  1.1253205056696623E-01 a      1432     1    17     2    12
 -2.1990156151012927E-01 a      1433     1    17     2    13
  2.9066673668516307E-01 a      1434     1    17     2    14
 -1.2573830339012879E-01 a      1435     1    17     2    15
 -5.9522907878434110E-03 a      1436     1    17     2    16
  4.8771845583255613E-01 a      1437     1    17     2    17
  3.6115423829469040E-01 a      1438     1    17     2    18
 -4.8501439368940608E-01 a      1439     1    17     2    19
 -2.7772712120517401E-01 a      1440     1    17     2    20
  3.3408200202161648E-02 a      1441     1    18     2     1
 -4.4833250808088726E-01 a      1442     1    18     2     2
  1.0466016519704198E-01 a      1443     1    18     2     3
  5.2398528955785462E-01 a      1444     1    18     2     4
 -5.5952426162051805E-01 a      1445     1    18     2     5
 -1.3906288895151375E-01 a      1446     1    18     2     6
  1.8928695414652266E-01 a      1447     1    18     2     7
 -4.3536545943072119E-01 a      1448     1    18     2     8
 -2.7717839990324473E-02 a      1449     1    18     2     9
  6.6634045280557205E-02 a      1450     1    18     2    10
  1.9799965235482950E-01 a      1451     1    18     2    11
 -5.2679151566512328E-01 a      1452     1    18     2    12
 -3.0896923815520533E-02 a      1453     1    18     2    13
  2.5563321781719639E-01 a      1454     1    18     2    14
  2.4322621899465227E-01 a      1455     1    18     2    15
  5.6727240180267668E-01 a      1456     1    18     2    16
 -2.9545833781784536E-01 a      1457     1    18     2    17
  4.4100781152614077E-01 a      1458     1    18     2    18
  1.5942965892840411E-01 a      1459     1    18     2    19
 -2.5956169807113592E-02 a      1460     1    18     2    20
 -7.0980840909597803E-02 a      1461     1    19     2     1
  4.7087489826338630E-01 a      1462     1    19     2     2
 -1.6025481433473066E-01 a      1463     1    19     2     3
  3.5053428364153000E-01 a      1464     1    19     2     4
  4.9581035879742733E-02 a      1465     1    19     2     5
 -1.6816668396286408E-01 a      1466     1    19     2     6
  4.9656982832824777E-02 a      1467     1    19     2     7
 -4.6869380403312388E-01 a      1468     1    19     2     8
 -2.4230591910623936E-01 a      1469     1    19     2     9
 -3.1994670807300790E-01 a      1470     1    19     2    10
 -3.3955149313716976E-01 a      1471     1    19     2    11
 -3.5446160583352392E-02 a      1472     1    19     2    12
 -5.2587077127575688E-01 a      1473     1    19     2    13
  4.6501458215939467E-01 a      1474     1    19     2    14
  5.3653006716039875E-01 a      1475     1    19     2    15
  2.2924693864091372E-01 a      1476     1    19     2    16
  9.4358994726208303E-02 a      1477     1    19     2    17
 -3.2551092789874220E-01 a      1478     1    19     2    18
  8.3166374150385552E-02 a      1479     1    19     2    19
 -1.9385321618509149E-01 a      1480     1    19     2    20
  3.8253962179992301E-01 a      1481     1    20     2     1
 -2.0484537785458828E-01 a      1482     1    20     2     2
 -5.0005077401803510E-01 a      1483     1    20     2     3
 -4.5785443230852513E-01 a      1484     1    20     2     4
  1.6645613423295788E-01 a      1485     1    20     2     5
  1.6296131306871880E-02 a      1486     1    20     2     6
 -1.4292435074616178E-01 a      1487     1    20     2     7
 -4.3472801611579809E-01 a      1488     1    20     2     8
  2.4712758449470179E-01 a      1489     1    20     2     9
  6.0847949275219471E-01 a      1490     1    20     2    10
 -3.0573201747413559E-01 a      1491     1    20     2    11
 -2.9526810360505668E-01 a      1492     1    20     2    12
  3.8120346614250877E-01 a      1493     1    20     2    13
  2.2405672116263764E-01 a      1494     1    20     2    14
 -3.0991100047801678E-01 a      1495     1    20     2    15
  7.0565433838028963E-02 a      1496     1    20     2    16
 -2.9124394365325201E-01 a      1497     1    20     2    17
 -2.2497250032175387E-01 a      1498     1    20     2    18
  6.6815815740359852E-01 a      1499     1    20     2    19
  3.5642877015315877E-01 a      1500     1    20     2    20
 -1.0852336420783832E+00 b      1501     2     1
 -1.6117555970557318E+00 b      1502     2     2
  1.3342585407474117E+00 b      1503     2     3
 -6.2841121351436158E-01 b      1504     2     4
  3.0207619618197423E-01 b      1505     2     5
  1.5900024582516253E-01 b      1506     2     6
 -1.3661896447868400E+00 b      1507     2     7
 -7.2738852182905289E-01 b      1508     2     8
  1.6325028503303118E+00 b      1509     2     9
 -9.5238524079534117E-03 b      1510     2    10
  8.3179225681865965E-01 b      1511     2    11
 -1.3706530261490428E+00 b      1512     2    12
  1.3869529157847182E+00 b      1513     2    13
 -1.1316472596781126E+00 b      1514     2    14
 -7.9084937784544851E-01 b      1515     2    15
  8.7747647910356230E-01 b      1516     2    16
 -1.1882806221489857E-02 b      1517     2    17
  1.3384730767576265E+00 b      1518     2    18
 -1.4548013354102061E+00 b      1519     2    19
 -1.2474841630897660E+00 b      1520     2    20
  1.4827794884146150E-02 a      1521     2     1     3     1
 -2.1265647971557172E-01 a      1522     2     2     3     1
 -6.4960056384628184E-01 a      1523     2     3     3     1
 -2.5922226751665584E-01 a      1524     2     4     3     1
  1.7066311928704372E-01 a      1525     2     5     3     1
  1.6394885697558365E-01 a      1526     2     6     3     1
 -8.1143183767667548E-01 a      1527     2     7     3     1
  2.2193774548838910E-01 a      1528     2     8     3     1
 -1.0602668290933606E+00 a      1529     2     9     3     1
 -4.3378888328295936E-02 a      1530     2    10     3     1
  3.1148655365036682E-01 a      1531     2    11     3     1
  7.5893892597899648E-01 a      1532     2    12     3     1
 -8.9071793668001442E-01 a      1533     2    13     3     1
  1.6151440356968408E-01 a      1534     2    14     3     1
 -1.8893299651245013E-01 a      1535     2    15     3     1
  8.9327622177393895E-01 a      1536     2    16     3     1
  2.0592359240485317E-03 a      1537     2    17     3     1
  1.2197647149980952E-01 a      1538     2    18     3     1
  3.9826348252105465E-01 a      1539     2    19     3     1
 -1.3850176114227034E-01 a      1540     2    20     3     1
 -2.6750468258813265E-01 b      1541     3     1
