################################################################################
# Neural network connection values (weights and biases).
################################################################################
# Col  Name       Description
################################################################################
# 1    connection Neural network connection value.
# 2    t          Connection type (a = weight, b = bias).
# 3    index      Index enumerating weights.
# 4    l_s        Starting point layer (end point layer for biases).
# 5    n_s        Starting point neuron in starting layer (end point neuron for biases).
# 6    l_e        End point layer.
# 7    n_e        End point neuron in end layer.
################################################################################
#                      1 2         3     4     5     6     7
#             connection t     index   l_s   n_s   l_e   n_e
############################################################
  6.8748298112097553E-02 a         1     0     1     1     1
 -7.2944032975661979E-03 a         2     0     1     1     2
 -1.6468992265445939E-01 a         3     0     1     1     3
  2.2202111523327860E-02 a         4     0     1     1     4
  1.0399606510851589E-01 a         5     0     1     1     5
 -6.9987465710729363E-02 a         6     0     1     1     6
  1.6598869924255188E-01 a         7     0     1     1     7
  1.1414427227828490E-01 a         8     0     1     1     8
  8.2219443695745520E-02 a         9     0     1     1     9
 -1.1594727425613245E-01 a        10     0     1     1    10
 -1.1949432668026827E+00 a        11     0     1     1    11
  3.8750649644963063E-03 a        12     0     1     1    12
 -1.6045798598486233E-02 a        13     0     1     1    13
 -5.5732482912356641E-02 a        14     0     1     1    14
 -2.9199368333362019E-01 a        15     0     1     1    15
  7.4890894353222978E-02 a        16     0     1     1    16
  3.6855475421556941E-02 a        17     0     1     1    17
  4.3502297179215159E-02 a        18     0     1     1    18
  1.1440150968374868E-01 a        19     0     1     1    19
 -2.3447479914116315E-01 a        20     0     1     1    20
  2.2914185912213392E-02 a        21     0     2     1     1
  1.0528049576533657E-01 a        22     0     2     1     2
  1.3747403318064397E-01 a        23     0     2     1     3
  2.7374537752167263E-02 a        24     0     2     1     4
 -2.2582613326427464E-01 a        25     0     2     1     5
 -2.6596588559031625E-01 a        26     0     2     1     6
 -4.4598667492645933E-01 a        27     0     2     1     7
 -1.0910386745429648E-01 a        28     0     2     1     8
 -2.6051387844260843E-01 a        29     0     2     1     9
 -1.5816734211280721E-02 a        30     0     2     1    10
  1.3295664366103499E-01 a        31     0     2     1    11
 -1.7077377695666751E-01 a        32     0     2     1    12
  3.1693605483792936E-01 a        33     0     2     1    13
  4.9474614276929244E-02 a        34     0     2     1    14
  3.4939280038465664E-01 a        35     0     2     1    15
  7.6821217553718832E-02 a        36     0     2     1    16
  2.7332322998819841E-01 a        37     0     2     1    17
 -2.8697630100705751E-02 a        38     0     2     1    18
  2.6361705783600381E-01 a        39     0     2     1    19
  2.5604326022019275E-01 a        40     0     2     1    20
 -1.6970051551513349E-01 a        41     0     3     1     1
 -1.3410480271363238E-02 a        42     0     3     1     2
  1.1453615476533126E-01 a        43     0     3     1     3
 -5.8514607278899296E-02 a        44     0     3     1     4
  1.9588574375421888E-01 a        45     0     3     1     5
  4.5231753573596697E-02 a        46     0     3     1     6
  4.9455512225686664E-02 a        47     0     3     1     7
 -1.9681271975550713E-01 a        48     0     3     1     8
  2.5396566351354989E-02 a        49     0     3     1     9
  1.8631059649332862E-01 a        50     0     3     1    10
  7.5435462402018136E-02 a        51     0     3     1    11
 -5.7448345079810621E-02 a        52     0     3     1    12
 -6.3978848375077044E-02 a        53     0     3     1    13
 -5.8647258914726261E-02 a        54     0     3     1    14
 -8.8234784544655775E-02 a        55     0     3     1    15
  1.0216106071931023E-02 a        56     0     3     1    16
  4.4906256281990228E-02 a        57     0     3     1    17
 -5.5194796296270943E-02 a        58     0     3     1    18
 -6.5036678900930317E-02 a        59     0     3     1    19
 -2.4865792546214874E-01 a        60     0     3     1    20
 -1.0240811551563800E-01 a        61     0     4     1     1
 -3.8570204442091566E-01 a        62     0     4     1     2
  2.6516285233088382E-01 a        63     0     4     1     3
  2.8329995832438910E-02 a        64     0     4     1     4
  3.7542640318466425E-01 a        65     0     4     1     5
  4.1254852427455389E-04 a        66     0     4     1     6
 -4.0422218985851066E-01 a        67     0     4     1     7
 -3.6241359675465851E-01 a        68     0     4     1     8
 -3.2408517800229458E-01 a        69     0     4     1     9
  3.8824618521575383E-01 a        70     0     4     1    10
 -8.2362644056894863E-02 a        71     0     4     1    11
  4.2068094348846098E-02 a        72     0     4     1    12
  6.2955023348564110E-01 a        73     0     4     1    13
  2.4347420829652730E-01 a        74     0     4     1    14
  5.1488896840433307E-01 a        75     0     4     1    15
 -3.5593688905645288E-01 a        76     0     4     1    16
 -1.8483418109440497E-01 a        77     0     4     1    17
  3.2281753346819847E-01 a        78     0     4     1    18
 -3.0914661015548217E-01 a        79     0     4     1    19
  3.5775298321574711E-01 a        80     0     4     1    20
  9.5098380166356480E-02 a        81     0     5     1     1
 -1.3338627248322829E-01 a        82     0     5     1     2
 -8.0717461579553051E-01 a        83     0     5     1     3
  3.0968672546867818E-03 a        84     0     5     1     4
  9.4715618037326521E-01 a        85     0     5     1     5
  1.5840912145944391E-01 a        86     0     5     1     6
  4.5461947745654777E-02 a        87     0     5     1     7
  9.1269690044376489E-02 a        88     0     5     1     8
  9.4946936333785592E-02 a        89     0     5     1     9
 -3.2667759873764540E-01 a        90     0     5     1    10
 -2.1289578366752335E-01 a        91     0     5     1    11
 -1.4373180329043146E-02 a        92     0     5     1    12
 -1.2955919335112392E-01 a        93     0     5     1    13
 -9.2329248499189026E-02 a        94     0     5     1    14
 -3.5838038170792064E-01 a        95     0     5     1    15
 -1.9786055314431408E-01 a        96     0     5     1    16
 -2.3862235566168657E-01 a        97     0     5     1    17
  3.7518217633247225E-01 a        98     0     5     1    18
 -3.9477974727364062E-01 a        99     0     5     1    19
  1.8722162637098597E-01 a       100     0     5     1    20
  2.0050235771256172E-01 a       101     0     6     1     1
 -4.7000159556709942E-02 a       102     0     6     1     2
  2.1496626534371899E-01 a       103     0     6     1     3
  3.1231238357304025E-02 a       104     0     6     1     4
 -1.8946032698302440E-01 a       105     0     6     1     5
 -6.3586731578959927E-03 a       106     0     6     1     6
 -1.2123149583591979E-01 a       107     0     6     1     7
  2.3362346471406595E-01 a       108     0     6     1     8
 -6.2265857410566110E-02 a       109     0     6     1     9
 -2.5496286634166920E-01 a       110     0     6     1    10
 -2.0816007037209366E-01 a       111     0     6     1    11
  1.3164470482266730E-01 a       112     0     6     1    12
  1.5226548743096299E-01 a       113     0     6     1    13
  2.2271468895282743E-02 a       114     0     6     1    14
  3.5637375070545130E-01 a       115     0     6     1    15
  2.5252683080281769E-02 a       116     0     6     1    16
  1.1019610469586853E-01 a       117     0     6     1    17
  8.9251368601960271E-02 a       118     0     6     1    18
  7.7887027155416691E-02 a       119     0     6     1    19
  2.8087150589789189E-01 a       120     0     6     1    20
  2.8671323595952497E-01 a       121     0     7     1     1
  5.0283920737874199E-01 a       122     0     7     1     2
 -3.9645300584810663E-03 a       123     0     7     1     3
 -2.0288151318571326E-01 a       124     0     7     1     4
 -5.6015457833194127E-01 a       125     0     7     1     5
 -1.3870706992469914E-01 a       126     0     7     1     6
  2.8606887261213676E-01 a       127     0     7     1     7
 -6.3094644751983120E-02 a       128     0     7     1     8
  4.0547812146146839E-01 a       129     0     7     1     9
 -4.3593945078961244E-01 a       130     0     7     1    10
  7.1607128048299107E-01 a       131     0     7     1    11
  4.0081335277415991E-01 a       132     0     7     1    12
 -3.3687941992578097E-01 a       133     0     7     1    13
 -1.4121857082436379E-01 a       134     0     7     1    14
 -3.5345467722553109E-01 a       135     0     7     1    15
  3.2443257030210682E-01 a       136     0     7     1    16
  2.8296859504094291E-01 a       137     0     7     1    17
 -5.8217195149744461E-01 a       138     0     7     1    18
  3.2039283311892852E-01 a       139     0     7     1    19
  1.3211823379063492E-02 a       140     0     7     1    20
 -2.1857451904485964E-01 a       141     0     8     1     1
 -1.3058776487855983E-01 a       142     0     8     1     2
 -2.9051615758035738E-02 a       143     0     8     1     3
  2.4727530016203406E-01 a       144     0     8     1     4
 -1.0689357854764385E-01 a       145     0     8     1     5
 -1.4503972456768995E-02 a       146     0     8     1     6
 -4.1113758588585725E-01 a       147     0     8     1     7
  3.1692330700705140E-01 a       148     0     8     1     8
 -3.3753481059085454E-02 a       149     0     8     1     9
  9.3444783940720075E-02 a       150     0     8     1    10
  2.2735171780805982E-01 a       151     0     8     1    11
  2.5349808841535104E-01 a       152     0     8     1    12
  9.4031758496151335E-02 a       153     0     8     1    13
 -8.5902107998711577E-02 a       154     0     8     1    14
  4.2918817039996093E-01 a       155     0     8     1    15
  1.2922101415827006E-01 a       156     0     8     1    16
  2.6124566652236275E-01 a       157     0     8     1    17
 -8.0562606732873118E-02 a       158     0     8     1    18
  4.1281248114307662E-01 a       159     0     8     1    19
 -1.7129008167725980E-03 a       160     0     8     1    20
 -1.4973605470107479E-01 a       161     0     9     1     1
 -7.1120098353575981E-02 a       162     0     9     1     2
 -6.8471398793032059E-02 a       163     0     9     1     3
  4.3650248447756196E-02 a       164     0     9     1     4
 -2.1879470289799832E-01 a       165     0     9     1     5
  9.6266201445052671E-02 a       166     0     9     1     6
  1.1908499216180156E-01 a       167     0     9     1     7
 -4.3077308064379392E-02 a       168     0     9     1     8
  1.0879712799193386E-01 a       169     0     9     1     9
  2.6308394723154982E-03 a       170     0     9     1    10
 -1.2286284907510511E-01 a       171     0     9     1    11
  5.3801932223665069E-02 a       172     0     9     1    12
 -2.2146423949143312E-01 a       173     0     9     1    13
  7.6744110172591015E-02 a       174     0     9     1    14
 -8.2234349175657764E-02 a       175     0     9     1    15
 -1.2088302385798631E-01 a       176     0     9     1    16
  1.1963607683893698E-01 a       177     0     9     1    17
  4.5694371139611833E-02 a       178     0     9     1    18
  8.9080909475082390E-02 a       179     0     9     1    19
  3.1985423902060711E-01 a       180     0     9     1    20
 -4.7114838371794442E-02 a       181     0    10     1     1
 -1.9434575803226167E-01 a       182     0    10     1     2
  2.7746390940910939E-02 a       183     0    10     1     3
  1.6033272169278248E-01 a       184     0    10     1     4
  2.7664374876813030E-01 a       185     0    10     1     5
 -4.0581834909156311E-01 a       186     0    10     1     6
 -2.4592114134118920E-01 a       187     0    10     1     7
 -3.2107083534010344E-01 a       188     0    10     1     8
 -2.5049013564815248E-01 a       189     0    10     1     9
  2.6249407002239644E-01 a       190     0    10     1    10
 -9.4892672332485617E-01 a       191     0    10     1    11
 -1.2697588294698425E-01 a       192     0    10     1    12
  5.5485522884620309E-01 a       193     0    10     1    13
  3.2718451103620327E-01 a       194     0    10     1    14
 -2.3140559161725176E-02 a       195     0    10     1    15
 -1.8192023907635890E-01 a       196     0    10     1    16
 -3.2292421063087096E-01 a       197     0    10     1    17
  4.3225670642102809E-01 a       198     0    10     1    18
 -2.6575991917802322E-01 a       199     0    10     1    19
 -2.2454754611947658E-01 a       200     0    10     1    20
 -3.4340745642466530E-01 a       201     0    11     1     1
 -2.9782733294764857E-01 a       202     0    11     1     2
 -8.0734594816568774E-03 a       203     0    11     1     3
 -3.6277811254901676E-02 a       204     0    11     1     4
 -2.5603418675795853E-01 a       205     0    11     1     5
  1.3825940287948454E-01 a       206     0    11     1     6
  2.2698285809335202E-02 a       207     0    11     1     7
 -6.1055754738349129E-02 a       208     0    11     1     8
  4.5355007329966592E-02 a       209     0    11     1     9
 -9.8108841196896029E-02 a       210     0    11     1    10
 -3.6494782158132115E-02 a       211     0    11     1    11
 -1.0423929135188757E-01 a       212     0    11     1    12
 -1.9509055049599808E-01 a       213     0    11     1    13
 -1.0692827781986648E-01 a       214     0    11     1    14
 -3.8625087600531099E-02 a       215     0    11     1    15
 -4.3887057973122656E-01 a       216     0    11     1    16
 -7.7856503457596135E-02 a       217     0    11     1    17
 -1.2835248097830668E-01 a       218     0    11     1    18
 -7.0143263401859723E-02 a       219     0    11     1    19
  1.8429468482474251E-01 a       220     0    11     1    20
 -2.4859898626006193E-02 a       221     0    12     1     1
 -1.5325617169885994E-01 a       222     0    12     1     2
  5.7611028225439587E-01 a       223     0    12     1     3
  2.0299603724871862E-01 a       224     0    12     1     4
 -2.7294253984513378E-01 a       225     0    12     1     5
  1.0253808657646606E-01 a       226     0    12     1     6
  3.2057973429212121E-02 a       227     0    12     1     7
 -3.7725018017004182E-02 a       228     0    12     1     8
  5.2411198503979815E-02 a       229     0    12     1     9
  1.5425993831233786E-01 a       230     0    12     1    10
 -1.4256597937252732E-01 a       231     0    12     1    11
 -1.8583149465624049E-01 a       232     0    12     1    12
  1.7901620795417417E-01 a       233     0    12     1    13
  6.1497690544201768E-02 a       234     0    12     1    14
 -2.0561717926190482E-02 a       235     0    12     1    15
  2.3564951460020939E-01 a       236     0    12     1    16
  1.2465760566669858E-01 a       237     0    12     1    17
  3.9381846625120354E-01 a       238     0    12     1    18
 -2.0282538522432100E-01 a       239     0    12     1    19
 -9.7226819242090201E-02 a       240     0    12     1    20
  9.1644132804764175E-02 a       241     0    13     1     1
  1.6003291851954909E-01 a       242     0    13     1     2
  1.2238205874704366E-01 a       243     0    13     1     3
 -1.9431769164461679E-01 a       244     0    13     1     4
  6.8274737737684180E-02 a       245     0    13     1     5
  1.4490979076061702E-01 a       246     0    13     1     6
  2.5495514372951028E-01 a       247     0    13     1     7
  5.0617309213733454E-02 a       248     0    13     1     8
  4.8782847358297216E-02 a       249     0    13     1     9
 -3.4046176434758851E-02 a       250     0    13     1    10
  2.0452164495668987E-02 a       251     0    13     1    11
  1.0468596565389034E-01 a       252     0    13     1    12
  1.3228809798903418E-02 a       253     0    13     1    13
  9.3776430409694300E-02 a       254     0    13     1    14
 -2.6298804817632055E-03 a       255     0    13     1    15
  1.3405602961663701E-01 a       256     0    13     1    16
  7.0111858697824173E-02 a       257     0    13     1    17
 -1.2141428618700023E-01 a       258     0    13     1    18
  2.3836653030657740E-02 a       259     0    13     1    19
  1.8343908982338578E-02 a       260     0    13     1    20
 -3.4511056147671540E-02 a       261     0    14     1     1
 -2.2928080018101549E-01 a       262     0    14     1     2
 -4.7156754322841277E-01 a       263     0    14     1     3
  2.4011855995793760E-01 a       264     0    14     1     4
  3.0243386550792600E-01 a       265     0    14     1     5
 -2.6134026208208139E-02 a       266     0    14     1     6
 -2.7943639410915799E-01 a       267     0    14     1     7
  2.0304982111089828E-01 a       268     0    14     1     8
 -2.0105546168631139E-02 a       269     0    14     1     9
  4.2139552121753451E-02 a       270     0    14     1    10
  2.8264240095513632E-01 a       271     0    14     1    11
  1.3648481967288068E-01 a       272     0    14     1    12
  6.2353505258438621E-02 a       273     0    14     1    13
 -4.3566093260557395E-02 a       274     0    14     1    14
  1.1681489727534619E-01 a       275     0    14     1    15
  9.7013420604836073E-02 a       276     0    14     1    16
  6.6796975308035592E-02 a       277     0    14     1    17
  6.9728768593046206E-02 a       278     0    14     1    18
  3.1098091033222103E-01 a       279     0    14     1    19
 -1.5793192774257897E-01 a       280     0    14     1    20
 -1.4768598450492229E-01 a       281     0    15     1     1
  2.5840615008917493E-02 a       282     0    15     1     2
  1.4400971040836427E-01 a       283     0    15     1     3
 -2.0129127640093336E-01 a       284     0    15     1     4
 -2.1856722286656691E-01 a       285     0    15     1     5
 -9.0858984706369883E-02 a       286     0    15     1     6
  1.6171839509830616E-01 a       287     0    15     1     7
  1.5837539288084757E-01 a       288     0    15     1     8
 -1.4562133653671054E-02 a       289     0    15     1     9
 -3.2355563219045112E-02 a       290     0    15     1    10
 -1.8999184800426705E-01 a       291     0    15     1    11
  3.5388387535322349E-02 a       292     0    15     1    12
 -1.8645415640003199E-01 a       293     0    15     1    13
  3.5988994871930274E-02 a       294     0    15     1    14
 -2.9477545436184683E-02 a       295     0    15     1    15
 -6.2956238908779855E-02 a       296     0    15     1    16
  7.9069431184040417E-02 a       297     0    15     1    17
 -4.0841492300863168E-02 a       298     0    15     1    18
  1.9759756025003358E-01 a       299     0    15     1    19
  1.6960648010684736E-02 a       300     0    15     1    20
 -3.2094132000271766E-02 a       301     0    16     1     1
  4.3326548548023376E-02 a       302     0    16     1     2
  4.2284551376584670E-02 a       303     0    16     1     3
  6.2672949104535858E-02 a       304     0    16     1     4
 -4.0046244760812139E-01 a       305     0    16     1     5
 -1.3480334873963068E-01 a       306     0    16     1     6
 -3.3751159894964515E-02 a       307     0    16     1     7
  8.5467633484901488E-03 a       308     0    16     1     8
 -2.5599547922032879E-03 a       309     0    16     1     9
  6.4393986094108124E-02 a       310     0    16     1    10
  7.8227621159913580E-02 a       311     0    16     1    11
 -1.6973851642616267E-01 a       312     0    16     1    12
 -9.2300284243856875E-02 a       313     0    16     1    13
 -2.3712148391623784E-02 a       314     0    16     1    14
 -2.0660752697178611E-01 a       315     0    16     1    15
  4.6095682173823661E-03 a       316     0    16     1    16
 -6.8473322494942757E-02 a       317     0    16     1    17
 -1.3146750439787440E-02 a       318     0    16     1    18
 -3.5349961981255396E-02 a       319     0    16     1    19
 -2.2980284130226536E-01 a       320     0    16     1    20
 -8.0809966936584571E-02 a       321     0    17     1     1
  1.0186407915632080E-02 a       322     0    17     1     2
  9.1023103993923299E-02 a       323     0    17     1     3
 -1.3455872028136627E-03 a       324     0    17     1     4
 -3.9354756056244632E-02 a       325     0    17     1     5
 -1.1357758391862914E-01 a       326     0    17     1     6
 -1.9355297410507916E-02 a       327     0    17     1     7
 -2.1700137593580468E-01 a       328     0    17     1     8
  4.9801032917287623E-02 a       329     0    17     1     9
 -2.3333538582975252E-01 a       330     0    17     1    10
  3.0991956449481686E-02 a       331     0    17     1    11
  7.1444052908869876E-02 a       332     0    17     1    12
 -4.8779831128317679E-02 a       333     0    17     1    13
  1.1823945253068065E-01 a       334     0    17     1    14
  1.2229200775392171E-01 a       335     0    17     1    15
 -2.2579343847322736E-01 a       336     0    17     1    16
  3.6243579038221867E-03 a       337     0    17     1    17
 -1.2128971225834874E-01 a       338     0    17     1    18
 -3.5630377826912807E-02 a       339     0    17     1    19
  8.3840186575656520E-02 a       340     0    17     1    20
 -3.6068085523911508E-01 a       341     0    18     1     1
 -2.1614019360042189E-01 a       342     0    18     1     2
  1.9410024548553104E-01 a       343     0    18     1     3
 -1.3742170519189290E-01 a       344     0    18     1     4
 -1.1756102725051577E-01 a       345     0    18     1     5
  6.1803503757372195E-02 a       346     0    18     1     6
  1.1374558144526536E-01 a       347     0    18     1     7
 -2.4937752355916773E-01 a       348     0    18     1     8
  1.3704798862802570E-02 a       349     0    18     1     9
  1.6781550653970623E-01 a       350     0    18     1    10
 -4.1765591794571899E-02 a       351     0    18     1    11
 -1.4701906975789042E-01 a       352     0    18     1    12
  6.4964946560429004E-02 a       353     0    18     1    13
 -5.1666067949237567E-02 a       354     0    18     1    14
 -1.4634942485188807E-01 a       355     0    18     1    15
 -2.9307671533802676E-02 a       356     0    18     1    16
 -2.0171348743652751E-01 a       357     0    18     1    17
 -6.1999623174686783E-02 a       358     0    18     1    18
 -5.5055692044888374E-02 a       359     0    18     1    19
  1.1646828706716274E-01 a       360     0    18     1    20
 -8.3421845926647253E-03 a       361     0    19     1     1
 -1.6544885232002312E-02 a       362     0    19     1     2
  3.7606475103018205E-02 a       363     0    19     1     3
 -1.8150039324273010E-01 a       364     0    19     1     4
  1.8116753583881645E-01 a       365     0    19     1     5
  2.2284785700866055E-01 a       366     0    19     1     6
  1.3492003970079899E-01 a       367     0    19     1     7
 -3.9570856192140118E-02 a       368     0    19     1     8
 -1.0600900852418185E-01 a       369     0    19     1     9
  1.3228056713895814E-01 a       370     0    19     1    10
 -4.5755183512232223E-01 a       371     0    19     1    11
  9.3350120806568432E-02 a       372     0    19     1    12
  2.9563887652129006E-01 a       373     0    19     1    13
 -1.7215706917131557E-01 a       374     0    19     1    14
 -2.9093082682050242E-02 a       375     0    19     1    15
 -6.8127093523331758E-03 a       376     0    19     1    16
 -1.6577885200659184E-01 a       377     0    19     1    17
  7.9527962544850922E-02 a       378     0    19     1    18
 -7.0280906235141632E-02 a       379     0    19     1    19
 -8.5997839360092893E-02 a       380     0    19     1    20
  6.4050264072921387E-03 a       381     0    20     1     1
  1.4483968653478983E-02 a       382     0    20     1     2
 -2.3243044740415938E-01 a       383     0    20     1     3
  1.1290850603297338E-01 a       384     0    20     1     4
  2.4472721216462229E-01 a       385     0    20     1     5
 -1.5721300195374686E-02 a       386     0    20     1     6
 -2.8645247968138876E-01 a       387     0    20     1     7
 -2.3025891472140379E-02 a       388     0    20     1     8
  2.4838443363939571E-02 a       389     0    20     1     9
 -1.4897345843432285E-02 a       390     0    20     1    10
  3.2835391427626576E-01 a       391     0    20     1    11
 -7.0705128154375401E-04 a       392     0    20     1    12
  1.9771455912452673E-02 a       393     0    20     1    13
  1.4772518080236471E-01 a       394     0    20     1    14
  1.6937233625790168E-01 a       395     0    20     1    15
 -4.2517234520749077E-02 a       396     0    20     1    16
  2.4330030982359624E-01 a       397     0    20     1    17
 -3.4259839419716796E-02 a       398     0    20     1    18
  4.0770974556394363E-02 a       399     0    20     1    19
  2.9477115330447640E-01 a       400     0    20     1    20
  1.3288575375636127E-01 a       401     0    21     1     1
  1.1717336270617340E-01 a       402     0    21     1     2
 -4.6244498711182108E-02 a       403     0    21     1     3
 -1.2895352698799606E-01 a       404     0    21     1     4
  8.5395195132419111E-02 a       405     0    21     1     5
  8.6294960169496504E-02 a       406     0    21     1     6
  4.4518201405555735E-02 a       407     0    21     1     7
 -8.4705098658955005E-03 a       408     0    21     1     8
 -1.1163136977270286E-02 a       409     0    21     1     9
  1.5971675002724287E-02 a       410     0    21     1    10
 -4.2024937462923767E-02 a       411     0    21     1    11
 -1.9862797633631579E-02 a       412     0    21     1    12
  2.1314414606197971E-02 a       413     0    21     1    13
 -1.9922939548931506E-01 a       414     0    21     1    14
 -1.2794990905872200E-01 a       415     0    21     1    15
 -1.3968675250117631E-02 a       416     0    21     1    16
 -8.1797609763436755E-03 a       417     0    21     1    17
  3.3685332853312933E-02 a       418     0    21     1    18
  6.6605593677953212E-02 a       419     0    21     1    19
 -3.3270880435226483E-02 a       420     0    21     1    20
  2.3609086345183924E-01 a       421     0    22     1     1
  9.0929848564209159E-02 a       422     0    22     1     2
 -5.2485512449646908E-02 a       423     0    22     1     3
 -6.7774376722405201E-03 a       424     0    22     1     4
  4.6796691306430889E-02 a       425     0    22     1     5
 -1.8721453067008229E-01 a       426     0    22     1     6
 -1.1091765159504625E-01 a       427     0    22     1     7
 -1.7213177476767350E-01 a       428     0    22     1     8
  9.6699411547077369E-02 a       429     0    22     1     9
 -1.1841704266816741E-01 a       430     0    22     1    10
  3.3948991393173877E-01 a       431     0    22     1    11
 -3.4028587145830611E-03 a       432     0    22     1    12
 -1.4269422854735179E-03 a       433     0    22     1    13
 -1.2378367696192542E-01 a       434     0    22     1    14
 -3.1960366991732846E-02 a       435     0    22     1    15
  2.6725026936752396E-04 a       436     0    22     1    16
  1.0162993913724229E-01 a       437     0    22     1    17
 -1.0102644278208747E-01 a       438     0    22     1    18
  1.2613037226231926E-02 a       439     0    22     1    19
 -3.9004531485474594E-03 a       440     0    22     1    20
 -1.5928127719239932E-02 a       441     0    23     1     1
  3.1881065783811356E-02 a       442     0    23     1     2
  3.4213645012617928E-02 a       443     0    23     1     3
  3.5198975476428987E-02 a       444     0    23     1     4
 -1.2282358242446818E-01 a       445     0    23     1     5
 -2.1685793046284052E-01 a       446     0    23     1     6
 -1.1707237269245050E-02 a       447     0    23     1     7
 -6.7342260402153561E-02 a       448     0    23     1     8
  4.2101142395320722E-02 a       449     0    23     1     9
 -1.9807395124971419E-01 a       450     0    23     1    10
 -5.7686056196902688E-02 a       451     0    23     1    11
  7.0036396515149632E-02 a       452     0    23     1    12
 -3.0929862219513871E-02 a       453     0    23     1    13
  2.7789316434856370E-01 a       454     0    23     1    14
  1.2069778886491492E-01 a       455     0    23     1    15
 -5.8076057114514634E-02 a       456     0    23     1    16
  3.2877777040724192E-02 a       457     0    23     1    17
 -6.0123213753642563E-03 a       458     0    23     1    18
  3.7201908622484976E-04 a       459     0    23     1    19
  1.3881204363527733E-01 a       460     0    23     1    20
 -8.0907830072618175E-02 a       461     0    24     1     1
 -8.9625433327679235E-02 a       462     0    24     1     2
  1.4080228400716438E-02 a       463     0    24     1     3
 -9.6905241674145562E-02 a       464     0    24     1     4
 -2.4280739657948031E-01 a       465     0    24     1     5
 -3.8397721926041829E-02 a       466     0    24     1     6
  1.4224464003994583E-01 a       467     0    24     1     7
  1.7745256436167941E-03 a       468     0    24     1     8
 -2.1186445031630412E-02 a       469     0    24     1     9
  8.4866120116977653E-02 a       470     0    24     1    10
 -1.3733045134363044E-02 a       471     0    24     1    11
 -4.4590483540712288E-02 a       472     0    24     1    12
 -2.2479962946797469E-02 a       473     0    24     1    13
 -3.9784239482185825E-02 a       474     0    24     1    14
 -9.0197879252873717E-02 a       475     0    24     1    15
  1.2873898313545337E-01 a       476     0    24     1    16
 -1.7382561327710622E-01 a       477     0    24     1    17
 -6.0828074805908405E-03 a       478     0    24     1    18
 -9.6239453606211472E-02 a       479     0    24     1    19
 -3.4448561586856080E-01 a       480     0    24     1    20
 -5.7341147172698448E-02 a       481     0    25     1     1
  1.9234787917724695E-02 a       482     0    25     1     2
 -1.4535761767287988E-02 a       483     0    25     1     3
 -3.4672809038610294E-02 a       484     0    25     1     4
 -2.4637252002121432E-03 a       485     0    25     1     5
  1.5917623546093082E-01 a       486     0    25     1     6
  6.3759898522415231E-02 a       487     0    25     1     7
  3.5185010402537950E-02 a       488     0    25     1     8
 -7.2319569488787261E-02 a       489     0    25     1     9
  5.5854823383974364E-02 a       490     0    25     1    10
 -2.6394467773383079E-01 a       491     0    25     1    11
  2.8341543128725666E-02 a       492     0    25     1    12
  1.4651947566800255E-01 a       493     0    25     1    13
 -1.5038577323525054E-01 a       494     0    25     1    14
 -2.8943858745528503E-02 a       495     0    25     1    15
  1.3224084294715497E-02 a       496     0    25     1    16
 -1.2629907707302099E-01 a       497     0    25     1    17
  1.1670746171118743E-01 a       498     0    25     1    18
 -3.3888185527839718E-02 a       499     0    25     1    19
 -1.1428617632885772E-01 a       500     0    25     1    20
 -4.6498794752209298E-02 a       501     0    26     1     1
 -1.0166726370370444E-02 a       502     0    26     1     2
 -3.4960377358793530E-02 a       503     0    26     1     3
  1.7523168919725305E-02 a       504     0    26     1     4
 -9.7885930504945460E-03 a       505     0    26     1     5
  1.1301325277758002E-01 a       506     0    26     1     6
 -4.6888724147225641E-02 a       507     0    26     1     7
  8.0029274902748831E-02 a       508     0    26     1     8
 -1.4641296962496797E-02 a       509     0    26     1     9
  1.0105569244643678E-01 a       510     0    26     1    10
  6.0949917777785925E-02 a       511     0    26     1    11
 -7.8962167166525501E-02 a       512     0    26     1    12
 -6.6821775553986412E-02 a       513     0    26     1    13
 -1.3453175950106835E-02 a       514     0    26     1    14
  1.9141272703344411E-02 a       515     0    26     1    15
  7.7929727821012219E-03 a       516     0    26     1    16
  5.2284855825927859E-02 a       517     0    26     1    17
 -1.1162360314300613E-02 a       518     0    26     1    18
 -1.6868819517567534E-02 a       519     0    26     1    19
  8.9002645475460523E-02 a       520     0    26     1    20
  6.7924179138059954E-02 a       521     0    27     1     1
  6.8495646564221926E-02 a       522     0    27     1     2
  3.9577229855611309E-02 a       523     0    27     1     3
  8.8966366665412300E-02 a       524     0    27     1     4
  2.0601192800972534E-01 a       525     0    27     1     5
  1.0077362454547706E-01 a       526     0    27     1     6
 -4.1905628869220835E-02 a       527     0    27     1     7
 -4.8147658614536210E-02 a       528     0    27     1     8
  2.4612827859639332E-02 a       529     0    27     1     9
 -1.6333078246659263E-02 a       530     0    27     1    10
 -9.7205507989286608E-03 a       531     0    27     1    11
  2.5822591095739224E-02 a       532     0    27     1    12
  8.4350747542910900E-02 a       533     0    27     1    13
 -1.7065895694445615E-01 a       534     0    27     1    14
 -7.3566060381431250E-02 a       535     0    27     1    15
 -8.4927567762686451E-02 a       536     0    27     1    16
 -6.5713830434299444E-02 a       537     0    27     1    17
 -1.1458059993054971E-02 a       538     0    27     1    18
  1.0213105788826671E-01 a       539     0    27     1    19
 -1.0869418948853271E-02 a       540     0    27     1    20
 -1.5499276454976124E-03 a       541     0    28     1     1
 -2.5825828048192108E-03 a       542     0    28     1     2
  1.0241244875595226E-04 a       543     0    28     1     3
 -4.8749878614218589E-02 a       544     0    28     1     4
  1.1403041762531214E-01 a       545     0    28     1     5
 -6.3683513930472113E-02 a       546     0    28     1     6
 -1.7491210792280328E-02 a       547     0    28     1     7
 -9.8603657195239919E-02 a       548     0    28     1     8
  1.1432207986981201E-02 a       549     0    28     1     9
 -4.1425627904583158E-03 a       550     0    28     1    10
  5.3666302789057395E-02 a       551     0    28     1    11
  1.7480600611698136E-02 a       552     0    28     1    12
  4.8780685418463955E-02 a       553     0    28     1    13
 -5.6217424344727547E-02 a       554     0    28     1    14
 -1.8321050066233312E-02 a       555     0    28     1    15
 -3.1796214382476658E-02 a       556     0    28     1    16
  1.5865736863757161E-02 a       557     0    28     1    17
 -4.5330049771484797E-02 a       558     0    28     1    18
  1.0343055236791904E-02 a       559     0    28     1    19
  2.7906975593444470E-03 a       560     0    28     1    20
 -8.7711417261357269E-02 a       561     0    29     1     1
 -4.0166087801498759E-02 a       562     0    29     1     2
  4.2364031737669165E-02 a       563     0    29     1     3
  6.3121855555650322E-02 a       564     0    29     1     4
 -1.3766287832086171E-01 a       565     0    29     1     5
 -2.4609039515390587E-02 a       566     0    29     1     6
  3.0852057750113623E-02 a       567     0    29     1     7
  3.8231118311792010E-02 a       568     0    29     1     8
  5.0524461941989238E-03 a       569     0    29     1     9
 -3.3569389162480749E-02 a       570     0    29     1    10
 -2.0161408026148308E-02 a       571     0    29     1    11
 -1.2893793701004611E-02 a       572     0    29     1    12
 -3.5343215389597477E-02 a       573     0    29     1    13
  1.2669607091824783E-01 a       574     0    29     1    14
 -2.9505670444789911E-02 a       575     0    29     1    15
 -4.2280831984430986E-02 a       576     0    29     1    16
 -1.3056990561270724E-03 a       577     0    29     1    17
  6.3522975157757683E-03 a       578     0    29     1    18
  4.0753419978111168E-02 a       579     0    29     1    19
 -2.6247270391295780E-02 a       580     0    29     1    20
 -1.2416760384666321E-01 a       581     0    30     1     1
  1.9714334123691928E-02 a       582     0    30     1     2
  1.6085796535278113E-02 a       583     0    30     1     3
 -1.5515813228619285E-01 a       584     0    30     1     4
  8.1061134484354216E-02 a       585     0    30     1     5
 -3.9179450851797908E-02 a       586     0    30     1     6
  1.0461963987418225E-01 a       587     0    30     1     7
 -1.1281633860321376E-01 a       588     0    30     1     8
 -4.3683091197875959E-02 a       589     0    30     1     9
  6.1326547966797193E-02 a       590     0    30     1    10
 -2.2006751077841478E-02 a       591     0    30     1    11
 -4.8565647980180517E-02 a       592     0    30     1    12
  5.7982336172633778E-02 a       593     0    30     1    13
 -3.0224835720724295E-02 a       594     0    30     1    14
 -1.0449818217663259E-01 a       595     0    30     1    15
  2.6493917464718620E-02 a       596     0    30     1    16
 -8.7087519594732626E-02 a       597     0    30     1    17
 -7.8167105097999394E-03 a       598     0    30     1    18
 -5.0260767924573971E-02 a       599     0    30     1    19
 -1.6160411516665962E-01 a       600     0    30     1    20
  1.4581196953663791E-01 a       601     0    31     1     1
 -1.6764568949251590E-01 a       602     0    31     1     2
 -3.7864295960055905E-01 a       603     0    31     1     3
  2.2680960748239293E-01 a       604     0    31     1     4
 -7.3995894533575912E-02 a       605     0    31     1     5
  6.2457571185385119E-01 a       606     0    31     1     6
 -5.6876509602446584E-02 a       607     0    31     1     7
  1.3764795445161210E-01 a       608     0    31     1     8
  6.9689045320357815E-02 a       609     0    31     1     9
 -1.9443343939702235E-01 a       610     0    31     1    10
  1.6905607894007738E-01 a       611     0    31     1    11
 -2.4970604586687584E-01 a       612     0    31     1    12
  1.3369584429615500E-02 a       613     0    31     1    13
 -2.7700211082488588E-02 a       614     0    31     1    14
  3.9645905756513528E-01 a       615     0    31     1    15
 -4.6718035625495445E-02 a       616     0    31     1    16
  2.1290776672317271E-01 a       617     0    31     1    17
 -1.7236587874603576E-01 a       618     0    31     1    18
  3.7324597768778282E-03 a       619     0    31     1    19
 -1.5283684380981200E-01 a       620     0    31     1    20
 -3.0039595853288575E-01 a       621     0    32     1     1
  1.6737177711100237E-01 a       622     0    32     1     2
  3.1267234124073812E-02 a       623     0    32     1     3
 -5.2920717399173911E-01 a       624     0    32     1     4
 -1.1352636221049173E-03 a       625     0    32     1     5
 -3.0633832845250059E-01 a       626     0    32     1     6
 -7.3747792067035051E-02 a       627     0    32     1     7
 -8.7073752511776775E-03 a       628     0    32     1     8
 -2.5140840137626275E-01 a       629     0    32     1     9
 -2.1756225071481802E-01 a       630     0    32     1    10
 -2.0748107456877338E-01 a       631     0    32     1    11
 -3.6170929357530868E-01 a       632     0    32     1    12
 -1.6635636046498870E-01 a       633     0    32     1    13
 -1.0661154403776300E-02 a       634     0    32     1    14
 -1.6666517375204298E-01 a       635     0    32     1    15
 -3.0512653386659466E-01 a       636     0    32     1    16
  5.1925071436816787E-02 a       637     0    32     1    17
  5.7976146523023064E-01 a       638     0    32     1    18
 -1.4900300591741983E-01 a       639     0    32     1    19
  3.8673622760470633E-01 a       640     0    32     1    20
  1.0391154110504891E-01 a       641     0    33     1     1
 -1.1489715757368947E-01 a       642     0    33     1     2
  1.1705644422359237E-02 a       643     0    33     1     3
  5.7290760206618774E-02 a       644     0    33     1     4
 -1.2358637080760217E-01 a       645     0    33     1     5
  1.1084669128949837E-01 a       646     0    33     1     6
  9.2358039100834871E-02 a       647     0    33     1     7
  4.6745332827426780E-02 a       648     0    33     1     8
  4.7991255147670650E-02 a       649     0    33     1     9
  2.2608173405992370E-02 a       650     0    33     1    10
  7.4165979397661591E-02 a       651     0    33     1    11
  1.2067839687427007E-01 a       652     0    33     1    12
 -4.3038909634612432E-02 a       653     0    33     1    13
 -2.2012862773261477E-01 a       654     0    33     1    14
  1.1326631484887152E-01 a       655     0    33     1    15
  1.4539177381709384E-01 a       656     0    33     1    16
  1.5887497423718377E-02 a       657     0    33     1    17
 -9.1883460848028869E-02 a       658     0    33     1    18
  1.0520788297483223E-01 a       659     0    33     1    19
  7.0065642386228255E-02 a       660     0    33     1    20
  1.7965066060357587E-01 a       661     0    34     1     1
  2.7529196131236316E-01 a       662     0    34     1     2
  2.3108999259848853E-01 a       663     0    34     1     3
  1.9281356309858816E-01 a       664     0    34     1     4
  2.7319878873291675E-01 a       665     0    34     1     5
 -6.1008615319376631E-02 a       666     0    34     1     6
  3.9149828434970274E-01 a       667     0    34     1     7
 -4.0516158073412861E-01 a       668     0    34     1     8
  1.2208515792039769E-01 a       669     0    34     1     9
  1.4931994548662103E-01 a       670     0    34     1    10
 -7.7017459213069447E-02 a       671     0    34     1    11
  1.0869415515843554E-02 a       672     0    34     1    12
  2.6775633973369400E-01 a       673     0    34     1    13
  3.7689510590801334E-01 a       674     0    34     1    14
  1.1276018188787661E-01 a       675     0    34     1    15
  3.7344625781431129E-01 a       676     0    34     1    16
  5.8133262143982921E-02 a       677     0    34     1    17
 -2.2423205862931886E-01 a       678     0    34     1    18
 -1.1786995817726856E-01 a       679     0    34     1    19
 -3.5715311380083853E-01 a       680     0    34     1    20
 -3.9203050939245650E-02 a       681     0    35     1     1
 -3.1203851111236719E-01 a       682     0    35     1     2
 -2.2386883910711533E-01 a       683     0    35     1     3
 -2.3401925902447973E-01 a       684     0    35     1     4
 -4.9619421348693338E-01 a       685     0    35     1     5
 -1.6474504582540550E-01 a       686     0    35     1     6
 -7.9299852547248986E-02 a       687     0    35     1     7
  8.3722164139782840E-02 a       688     0    35     1     8
 -1.8015191214823528E-01 a       689     0    35     1     9
 -1.0335858205285552E-01 a       690     0    35     1    10
  1.6304306963629934E-02 a       691     0    35     1    11
 -3.3135287760906990E-01 a       692     0    35     1    12
  4.2137349480980682E-03 a       693     0    35     1    13
 -2.1294769078960782E-01 a       694     0    35     1    14
  6.1764952064868733E-02 a       695     0    35     1    15
 -3.2621392953766154E-01 a       696     0    35     1    16
 -3.5142337250030986E-01 a       697     0    35     1    17
  5.1409327001254265E-02 a       698     0    35     1    18
  5.1633624178921506E-02 a       699     0    35     1    19
  6.9330397237865923E-02 a       700     0    35     1    20
  1.5060424915626019E-01 a       701     0    36     1     1
 -1.8552349558566435E-02 a       702     0    36     1     2
 -1.8068004942311985E-01 a       703     0    36     1     3
 -2.7211846863717720E-01 a       704     0    36     1     4
 -1.2595909785843365E-01 a       705     0    36     1     5
  1.3353370635896564E-01 a       706     0    36     1     6
  3.6368952384350600E-01 a       707     0    36     1     7
 -2.3037662191728128E-01 a       708     0    36     1     8
  2.2640901853265091E-01 a       709     0    36     1     9
  1.4303531026793576E-01 a       710     0    36     1    10
 -2.2193601939558416E-01 a       711     0    36     1    11
 -3.0622545573468579E-01 a       712     0    36     1    12
 -1.4336364052895939E-01 a       713     0    36     1    13
  4.1292402328150019E-01 a       714     0    36     1    14
 -1.4437575349837481E-01 a       715     0    36     1    15
  2.2872514600193861E-01 a       716     0    36     1    16
 -1.7628767766986619E-01 a       717     0    36     1    17
 -2.0612269266149041E-01 a       718     0    36     1    18
 -2.7034317108598892E-02 a       719     0    36     1    19
 -4.6517377328049325E-01 a       720     0    36     1    20
  3.2826929530249443E-01 a       721     0    37     1     1
 -4.2532011193232785E-02 a       722     0    37     1     2
  1.3612996070471362E-01 a       723     0    37     1     3
  2.4853091749132966E-01 a       724     0    37     1     4
 -2.2003801829192568E-01 a       725     0    37     1     5
 -1.2463611660096051E-01 a       726     0    37     1     6
 -3.7424822649174856E-02 a       727     0    37     1     7
  7.8414066281745021E-02 a       728     0    37     1     8
  6.1787916749194656E-02 a       729     0    37     1     9
  2.4971719827011940E-01 a       730     0    37     1    10
  4.6236620241022197E-01 a       731     0    37     1    11
  3.7362328799865452E-01 a       732     0    37     1    12
 -7.0281579265364408E-02 a       733     0    37     1    13
  3.2299537676726853E-01 a       734     0    37     1    14
 -3.5553974806222888E-01 a       735     0    37     1    15
  1.4556900845834683E-01 a       736     0    37     1    16
 -2.1999673714157364E-01 a       737     0    37     1    17
 -7.1882402192545783E-03 a       738     0    37     1    18
 -1.0499807045088832E-02 a       739     0    37     1    19
 -1.5610356689704530E-01 a       740     0    37     1    20
 -6.9659402517857532E-03 a       741     0    38     1     1
  3.2019904773753843E-01 a       742     0    38     1     2
  1.7683852745724735E-02 a       743     0    38     1     3
 -3.0555871682596486E-01 a       744     0    38     1     4
 -4.7689152452421812E-01 a       745     0    38     1     5
 -3.1080932621905508E-02 a       746     0    38     1     6
 -2.1534576927462246E-02 a       747     0    38     1     7
  4.2241523131154374E-01 a       748     0    38     1     8
  1.2514029714944080E-01 a       749     0    38     1     9
 -4.7520563114888476E-02 a       750     0    38     1    10
 -8.4859008447893491E-01 a       751     0    38     1    11
  7.3636298753519402E-02 a       752     0    38     1    12
  3.1726265759705408E-01 a       753     0    38     1    13
 -9.5971342210717836E-01 a       754     0    38     1    14
  4.4883511759713257E-01 a       755     0    38     1    15
  5.3426774559718136E-02 a       756     0    38     1    16
 -1.3751415198404529E-01 a       757     0    38     1    17
 -8.2780994347130821E-01 a       758     0    38     1    18
  2.3701760275675191E-01 a       759     0    38     1    19
  5.8721635876111079E-03 a       760     0    38     1    20
  7.3902353481932512E-02 a       761     0    39     1     1
 -1.1836711669613459E-01 a       762     0    39     1     2
  1.1544905829619449E-02 a       763     0    39     1     3
 -5.4191554525419759E-02 a       764     0    39     1     4
 -9.3234985735775530E-02 a       765     0    39     1     5
 -7.3968090547558416E-02 a       766     0    39     1     6
 -3.5421962234358777E-02 a       767     0    39     1     7
  3.8790880850883441E-01 a       768     0    39     1     8
  9.5846256026093628E-03 a       769     0    39     1     9
  1.2150935097994979E-01 a       770     0    39     1    10
 -8.5470565087859968E-02 a       771     0    39     1    11
 -6.0357916632419149E-02 a       772     0    39     1    12
 -2.0147776702095566E-01 a       773     0    39     1    13
  4.6389124576498558E-01 a       774     0    39     1    14
  1.1144160604703074E-01 a       775     0    39     1    15
  1.2826077339847713E-01 a       776     0    39     1    16
  1.2214608622847424E-01 a       777     0    39     1    17
 -7.0011870628451864E-02 a       778     0    39     1    18
 -2.0804381616743423E-01 a       779     0    39     1    19
  2.5231619783482895E-01 a       780     0    39     1    20
  3.4913913157400295E-01 a       781     0    40     1     1
  9.9838371620546928E-02 a       782     0    40     1     2
  1.5654632476953800E-01 a       783     0    40     1     3
 -7.6501652946056972E-02 a       784     0    40     1     4
  3.7887291510570592E-01 a       785     0    40     1     5
 -2.4448218251203407E-01 a       786     0    40     1     6
  9.3121017214014147E-04 a       787     0    40     1     7
  8.2584304672865746E-02 a       788     0    40     1     8
 -1.2396921197004793E-01 a       789     0    40     1     9
  9.9575413313246861E-02 a       790     0    40     1    10
  4.0761441616945815E-01 a       791     0    40     1    11
 -1.2995452939898927E-01 a       792     0    40     1    12
 -3.8611669964746415E-01 a       793     0    40     1    13
  4.3180986652284065E-01 a       794     0    40     1    14
 -4.3275429024831641E-01 a       795     0    40     1    15
  5.7590267922078553E-02 a       796     0    40     1    16
  6.7752878397123267E-02 a       797     0    40     1    17
  3.5150377017931828E-01 a       798     0    40     1    18
 -2.4770553784998062E-01 a       799     0    40     1    19
  3.7818452215309628E-01 a       800     0    40     1    20
  1.0010162815082591E-01 a       801     0    41     1     1
  2.8816529072040042E-01 a       802     0    41     1     2
 -2.9928227470122332E-01 a       803     0    41     1     3
  4.3238530050902829E-01 a       804     0    41     1     4
  1.9358651802098378E-01 a       805     0    41     1     5
  9.7689746270983105E-02 a       806     0    41     1     6
 -2.0551890189442079E-01 a       807     0    41     1     7
  2.5767283599543789E-01 a       808     0    41     1     8
  9.8596664364254599E-02 a       809     0    41     1     9
  9.3828054086312340E-02 a       810     0    41     1    10
  1.5242797826137423E-02 a       811     0    41     1    11
  3.3276333859945528E-01 a       812     0    41     1    12
 -4.3069631452387974E-01 a       813     0    41     1    13
 -2.9119497717697018E-01 a       814     0    41     1    14
 -9.3056906777440787E-02 a       815     0    41     1    15
  1.1006235964890150E-01 a       816     0    41     1    16
  3.0844969961335339E-01 a       817     0    41     1    17
 -2.5941360964054905E-01 a       818     0    41     1    18
 -1.9706885702878013E-02 a       819     0    41     1    19
 -4.2637061175669216E-01 a       820     0    41     1    20
 -3.7951105871394603E-01 a       821     0    42     1     1
  3.1626271685450519E-01 a       822     0    42     1     2
  8.7441440485982319E-02 a       823     0    42     1     3
 -2.0441048052968963E-01 a       824     0    42     1     4
  1.7326135789757537E-02 a       825     0    42     1     5
 -1.3370902596812401E-01 a       826     0    42     1     6
  2.1251254808334653E-02 a       827     0    42     1     7
  2.6800592642236252E-02 a       828     0    42     1     8
 -3.2285999843901803E-01 a       829     0    42     1     9
 -2.1658914688019079E-01 a       830     0    42     1    10
  3.1917277049531145E-01 a       831     0    42     1    11
 -3.2136510691734621E-01 a       832     0    42     1    12
  5.3064729108902080E-02 a       833     0    42     1    13
 -1.9322984968119900E-01 a       834     0    42     1    14
  4.7235274295521178E-02 a       835     0    42     1    15
 -1.2021728086896243E-01 a       836     0    42     1    16
 -3.9876365281810305E-01 a       837     0    42     1    17
  1.3226612756829650E-01 a       838     0    42     1    18
  7.3217246542641320E-02 a       839     0    42     1    19
 -1.3470193831680186E-01 a       840     0    42     1    20
  8.6432869436623410E-03 a       841     0    43     1     1
 -6.1778271518682287E-02 a       842     0    43     1     2
 -6.5418861419183350E-02 a       843     0    43     1     3
  6.7213770883639964E-03 a       844     0    43     1     4
  3.2473918644994305E-02 a       845     0    43     1     5
 -1.3940046195372080E-01 a       846     0    43     1     6
 -1.8457065020920149E-01 a       847     0    43     1     7
  1.5516714298457027E-02 a       848     0    43     1     8
  3.9896113839584572E-02 a       849     0    43     1     9
 -2.3812983857590030E-02 a       850     0    43     1    10
  3.6164906863814628E-02 a       851     0    43     1    11
  1.6163837231709197E-01 a       852     0    43     1    12
  9.0031106695791868E-02 a       853     0    43     1    13
  2.7635468675141349E-02 a       854     0    43     1    14
  2.1345172887126948E-01 a       855     0    43     1    15
 -7.2880774220586822E-02 a       856     0    43     1    16
  2.3607441706633861E-01 a       857     0    43     1    17
 -6.9754918686695269E-02 a       858     0    43     1    18
 -4.6537127818607688E-03 a       859     0    43     1    19
  2.7154241959303349E-01 a       860     0    43     1    20
 -4.3434431775184523E-02 a       861     0    44     1     1
  8.6200953698696514E-02 a       862     0    44     1     2
  2.0948883546318084E-01 a       863     0    44     1     3
  8.6428345747654275E-02 a       864     0    44     1     4
  6.2540053724786590E-02 a       865     0    44     1     5
  2.4072158996171839E-02 a       866     0    44     1     6
 -6.7048242689936935E-02 a       867     0    44     1     7
 -1.0191621692587211E-01 a       868     0    44     1     8
  3.0313026934648324E-02 a       869     0    44     1     9
 -5.1835769584610475E-02 a       870     0    44     1    10
 -2.2053379152567897E-02 a       871     0    44     1    11
  3.8814822092828665E-03 a       872     0    44     1    12
  2.0047029810592618E-02 a       873     0    44     1    13
 -7.9973695121232743E-02 a       874     0    44     1    14
  5.0754382019068060E-02 a       875     0    44     1    15
 -1.0948608654783674E-01 a       876     0    44     1    16
  1.2855511974450104E-01 a       877     0    44     1    17
 -3.0395787131212604E-02 a       878     0    44     1    18
  4.8974959177124869E-02 a       879     0    44     1    19
  2.7828200082431354E-01 a       880     0    44     1    20
  5.8144058313829024E-02 a       881     0    45     1     1
 -3.3200075529260069E-02 a       882     0    45     1     2
 -1.2948564127492596E-01 a       883     0    45     1     3
  4.5077089720012280E-02 a       884     0    45     1     4
 -1.8259362917392244E-01 a       885     0    45     1     5
 -2.9095678228598415E-01 a       886     0    45     1     6
  9.6623655280248383E-03 a       887     0    45     1     7
 -4.0616170623044949E-02 a       888     0    45     1     8
  7.9817542537819974E-02 a       889     0    45     1     9
 -2.2209095146502811E-02 a       890     0    45     1    10
  1.2057916454531664E-01 a       891     0    45     1    11
 -1.8267587506470992E-02 a       892     0    45     1    12
 -9.9833631448076096E-02 a       893     0    45     1    13
  1.7833533221770001E-01 a       894     0    45     1    14
 -6.9218564570623808E-02 a       895     0    45     1    15
  7.0857216498967063E-02 a       896     0    45     1    16
 -1.4887309050042191E-01 a       897     0    45     1    17
 -8.5916208672402711E-02 a       898     0    45     1    18
  2.2285853409991931E-02 a       899     0    45     1    19
 -1.0443447657162932E-02 a       900     0    45     1    20
 -2.7152475791049010E-02 a       901     0    46     1     1
 -1.3503422796441572E-02 a       902     0    46     1     2
  1.5425506502116001E-01 a       903     0    46     1     3
 -7.1156278379534990E-02 a       904     0    46     1     4
  2.8316095057179741E-01 a       905     0    46     1     5
 -3.5582283702884959E-01 a       906     0    46     1     6
 -9.1961171119338103E-02 a       907     0    46     1     7
 -1.0358831372958735E-01 a       908     0    46     1     8
 -4.0015609014982204E-02 a       909     0    46     1     9
 -3.2479955482753683E-03 a       910     0    46     1    10
  2.0792604551206834E-01 a       911     0    46     1    11
  1.2132348864943301E-01 a       912     0    46     1    12
 -1.5242449407590536E-01 a       913     0    46     1    13
 -7.1608593296915643E-02 a       914     0    46     1    14
  1.9413088896332645E-01 a       915     0    46     1    15
 -7.4945872178179759E-02 a       916     0    46     1    16
  1.9962924855280659E-01 a       917     0    46     1    17
 -1.7012261385595218E-01 a       918     0    46     1    18
  3.1856149714318334E-02 a       919     0    46     1    19
 -3.0354259083988072E-01 a       920     0    46     1    20
 -2.5065775330700213E-01 a       921     0    47     1     1
  6.3772878819327389E-02 a       922     0    47     1     2
  1.1491792067435590E-01 a       923     0    47     1     3
 -1.0753295181741369E-01 a       924     0    47     1     4
  3.9396975441591725E-01 a       925     0    47     1     5
  2.2067281581322432E-01 a       926     0    47     1     6
  4.8529883915892094E-02 a       927     0    47     1     7
 -2.6471331084867883E-01 a       928     0    47     1     8
 -8.1135121875644783E-02 a       929     0    47     1     9
  1.3499772806502552E-02 a       930     0    47     1    10
  5.5645384856762625E-02 a       931     0    47     1    11
 -7.7018396859910299E-02 a       932     0    47     1    12
  1.7048918446921170E-02 a       933     0    47     1    13
  1.5644213186527010E-02 a       934     0    47     1    14
 -7.1827475420057144E-04 a       935     0    47     1    15
 -1.1230998737002028E-01 a       936     0    47     1    16
 -3.3270844112318523E-02 a       937     0    47     1    17
  5.0854778621845113E-02 a       938     0    47     1    18
 -1.5636457739781708E-02 a       939     0    47     1    19
  8.9904917860294670E-02 a       940     0    47     1    20
 -1.2210435752202882E-01 a       941     0    48     1     1
  3.7454065557863903E-02 a       942     0    48     1     2
  2.1699800782456067E-02 a       943     0    48     1     3
  5.2262076706897038E-02 a       944     0    48     1     4
 -1.7597199854441883E-01 a       945     0    48     1     5
 -1.3715428277432359E-01 a       946     0    48     1     6
 -2.8418482649766545E-02 a       947     0    48     1     7
  1.5752284064626648E-01 a       948     0    48     1     8
 -5.7750030255526970E-03 a       949     0    48     1     9
 -1.1092577355973014E-02 a       950     0    48     1    10
  2.7981333837561852E-03 a       951     0    48     1    11
  3.9289058351768070E-03 a       952     0    48     1    12
  1.3021095974606737E-02 a       953     0    48     1    13
 -2.9182174315202473E-02 a       954     0    48     1    14
 -1.7172870382780464E-01 a       955     0    48     1    15
  3.9716503068569324E-02 a       956     0    48     1    16
 -9.4929274422941634E-02 a       957     0    48     1    17
 -2.8821162618406188E-02 a       958     0    48     1    18
  4.7207538994598994E-02 a       959     0    48     1    19
 -7.6071532455981961E-01 a       960     0    48     1    20
 -2.2042998522647742E-01 a       961     0    49     1     1
 -2.8786282136500102E-01 a       962     0    49     1     2
  7.8139473626102643E-02 a       963     0    49     1     3
 -1.5678084833786535E-01 a       964     0    49     1     4
  9.7653662512519376E-02 a       965     0    49     1     5
  4.9361638497869967E-02 a       966     0    49     1     6
  1.3442840745730139E-01 a       967     0    49     1     7
 -6.4435944504898660E-02 a       968     0    49     1     8
  5.5169605795191368E-02 a       969     0    49     1     9
 -9.8932564436162745E-02 a       970     0    49     1    10
 -2.6554939891614371E-01 a       971     0    49     1    11
 -1.6498709001147671E-01 a       972     0    49     1    12
 -1.2024274844592182E-01 a       973     0    49     1    13
 -3.5536489719149000E-01 a       974     0    49     1    14
  7.3980356325984820E-02 a       975     0    49     1    15
 -4.6271757533951761E-02 a       976     0    49     1    16
  1.4974208384658991E-01 a       977     0    49     1    17
  1.2524564102465552E-01 a       978     0    49     1    18
  2.1892051705417614E-01 a       979     0    49     1    19
  5.8654918279789588E-02 a       980     0    49     1    20
  2.7951801350767514E-02 a       981     0    50     1     1
  2.8831159370332127E-01 a       982     0    50     1     2
 -1.7745421854607896E-01 a       983     0    50     1     3
  5.2120934130451335E-01 a       984     0    50     1     4
  3.6034987606003288E-01 a       985     0    50     1     5
  4.4466685335977235E-01 a       986     0    50     1     6
  5.1103163530947085E-02 a       987     0    50     1     7
 -1.2059380132517220E-01 a       988     0    50     1     8
 -2.0720031663995017E-01 a       989     0    50     1     9
  2.1429879150618367E-01 a       990     0    50     1    10
  1.1331446872202540E+00 a       991     0    50     1    11
  6.9427705305716167E-02 a       992     0    50     1    12
 -3.3849240079674409E-01 a       993     0    50     1    13
  3.7558729928599788E-01 a       994     0    50     1    14
 -2.5992235637284250E-01 a       995     0    50     1    15
  3.4419856944552057E-01 a       996     0    50     1    16
 -1.1149009848325030E-01 a       997     0    50     1    17
  5.2022672070759823E-01 a       998     0    50     1    18
 -5.2414829656037221E-01 a       999     0    50     1    19
  8.0510985655383283E-02 a      1000     0    50     1    20
 -4.5305065621683554E-03 a      1001     0    51     1     1
  7.6280001166722358E-02 a      1002     0    51     1     2
  1.3970456532525688E-02 a      1003     0    51     1     3
  1.7895772263636198E-01 a      1004     0    51     1     4
  1.8628228012651268E-01 a      1005     0    51     1     5
 -7.5587631232311827E-03 a      1006     0    51     1     6
  1.3983383113859540E-03 a      1007     0    51     1     7
 -3.7030463973430727E-01 a      1008     0    51     1     8
  4.8668348830397633E-03 a      1009     0    51     1     9
 -1.2218237126094260E-01 a      1010     0    51     1    10
  1.0214599928897974E-01 a      1011     0    51     1    11
  2.1328729594741309E-02 a      1012     0    51     1    12
  1.5667127469665379E-01 a      1013     0    51     1    13
 -2.1020017692448001E-01 a      1014     0    51     1    14
 -1.6954780694655389E-01 a      1015     0    51     1    15
 -1.5909463824322601E-01 a      1016     0    51     1    16
 -1.0865507988973548E-01 a      1017     0    51     1    17
  1.2045076317578149E-01 a      1018     0    51     1    18
  1.6301722368285573E-01 a      1019     0    51     1    19
 -3.2389623696122516E-01 a      1020     0    51     1    20
 -2.3756857784982843E-01 a      1021     0    52     1     1
  1.0010958476391649E-02 a      1022     0    52     1     2
  1.1603196708801201E-01 a      1023     0    52     1     3
 -1.7461173064129468E-01 a      1024     0    52     1     4
 -2.9959641636597373E-01 a      1025     0    52     1     5
  5.7159656812544070E-02 a      1026     0    52     1     6
  3.1524154566172469E-02 a      1027     0    52     1     7
  1.3420639334162066E-02 a      1028     0    52     1     8
  4.5805640279114303E-02 a      1029     0    52     1     9
 -2.0926388730591947E-01 a      1030     0    52     1    10
 -7.9325685706642346E-01 a      1031     0    52     1    11
 -8.2717777486048139E-02 a      1032     0    52     1    12
  3.2875323553985303E-01 a      1033     0    52     1    13
 -4.1493278108347076E-02 a      1034     0    52     1    14
  2.7914442636005560E-01 a      1035     0    52     1    15
 -1.0767375085163353E-01 a      1036     0    52     1    16
 -1.3889697109481941E-03 a      1037     0    52     1    17
 -1.9944869975633512E-02 a      1038     0    52     1    18
  1.8729439820195479E-01 a      1039     0    52     1    19
 -9.4782691894387303E-02 a      1040     0    52     1    20
  5.5486258389660237E-01 a      1041     0    53     1     1
 -1.3491360007573802E-01 a      1042     0    53     1     2
 -3.1826604680298748E-01 a      1043     0    53     1     3
 -1.1215696706378414E-01 a      1044     0    53     1     4
  2.0170502004260832E-01 a      1045     0    53     1     5
  4.2176401805365954E-01 a      1046     0    53     1     6
  7.1127806173925584E-02 a      1047     0    53     1     7
  2.5523128053452449E-01 a      1048     0    53     1     8
 -1.9111799695601492E-01 a      1049     0    53     1     9
  2.3657788232998103E-01 a      1050     0    53     1    10
  1.9822621775856578E-01 a      1051     0    53     1    11
  3.6087385285155527E-01 a      1052     0    53     1    12
  4.5125023149637150E-01 a      1053     0    53     1    13
 -1.4934890645932231E-01 a      1054     0    53     1    14
 -1.0557539226147257E-01 a      1055     0    53     1    15
  2.6503897468960319E-01 a      1056     0    53     1    16
 -2.0237986006817596E-01 a      1057     0    53     1    17
 -2.5218527151921757E-02 a      1058     0    53     1    18
 -2.2175671181268053E-01 a      1059     0    53     1    19
 -2.6124322484556217E-01 a      1060     0    53     1    20
 -4.2499798782781317E-02 a      1061     0    54     1     1
  7.1634889524588977E-02 a      1062     0    54     1     2
 -2.0097257689781194E-02 a      1063     0    54     1     3
  4.8429244983948440E-02 a      1064     0    54     1     4
  3.1442647140488272E-01 a      1065     0    54     1     5
  7.3267202621842553E-02 a      1066     0    54     1     6
 -5.2492386531563080E-02 a      1067     0    54     1     7
 -1.3715289574649397E-01 a      1068     0    54     1     8
  1.4154218134000596E-01 a      1069     0    54     1     9
  7.2702545516078340E-02 a      1070     0    54     1    10
 -6.0688830502149224E-02 a      1071     0    54     1    11
  1.0073377153295522E-01 a      1072     0    54     1    12
  2.5499756102816972E-02 a      1073     0    54     1    13
  9.8679194144979665E-02 a      1074     0    54     1    14
 -2.0828103895611427E-01 a      1075     0    54     1    15
 -3.7152448062766269E-02 a      1076     0    54     1    16
  2.4305998728267292E-01 a      1077     0    54     1    17
 -3.7696901559108521E-02 a      1078     0    54     1    18
 -4.3202224402261534E-02 a      1079     0    54     1    19
 -1.0789293558685922E-01 a      1080     0    54     1    20
  1.0500658670812408E+00 b      1081     1     1
  7.9217132691917536E-01 b      1082     1     2
  1.0173681372949577E+00 b      1083     1     3
 -1.3628954844945505E-02 b      1084     1     4
 -1.6192099986501447E+00 b      1085     1     5
 -1.0607807044634767E+00 b      1086     1     6
  3.4748417120674563E-01 b      1087     1     7
  2.6883722360530043E-01 b      1088     1     8
 -5.2603094385962523E-01 b      1089     1     9
 -2.8735314927103128E-01 b      1090     1    10
 -1.4148828226620007E+00 b      1091     1    11
  7.1866011449944533E-01 b      1092     1    12
 -9.1070199529594748E-02 b      1093     1    13
 -1.3215842003410947E+00 b      1094     1    14
 -7.6661635582551046E-01 b      1095     1    15
 -2.6332787043206168E-01 b      1096     1    16
 -5.7015837268848446E-01 b      1097     1    17
  4.2663737466721896E-01 b      1098     1    18
 -8.2111447414476235E-01 b      1099     1    19
 -1.1378339084058262E+00 b      1100     1    20
 -3.2025148297600864E-01 a      1101     1     1     2     1
 -9.4307225797681346E-02 a      1102     1     1     2     2
 -4.6836027672003605E-01 a      1103     1     1     2     3
 -4.2634367361813935E-01 a      1104     1     1     2     4
  7.9934544544290831E-02 a      1105     1     1     2     5
  2.9016149741166586E-01 a      1106     1     1     2     6
  3.5449280810300299E-01 a      1107     1     1     2     7
 -3.6543081126833449E-01 a      1108     1     1     2     8
 -6.3534175536317461E-01 a      1109     1     1     2     9
 -2.9384762397726960E-01 a      1110     1     1     2    10
 -1.8138542784574763E-01 a      1111     1     1     2    11
  5.7544299659424647E-01 a      1112     1     1     2    12
 -9.3800485170878981E-02 a      1113     1     1     2    13
  1.4177749384978006E-01 a      1114     1     1     2    14
  6.1126642512961182E-01 a      1115     1     1     2    15
 -2.1057067240713556E-01 a      1116     1     1     2    16
 -3.6643484820647099E-01 a      1117     1     1     2    17
 -9.9538798984773538E-02 a      1118     1     1     2    18
 -1.7555360651069746E-01 a      1119     1     1     2    19
 -2.0930684349799109E-01 a      1120     1     1     2    20
  1.9432910863417380E-01 a      1121     1     2     2     1
  2.3826260242248729E-01 a      1122     1     2     2     2
  6.9073817977651789E-02 a      1123     1     2     2     3
  2.9535514322394547E-03 a      1124     1     2     2     4
  7.3899043204613213E-02 a      1125     1     2     2     5
 -3.8195347509175909E-01 a      1126     1     2     2     6
 -1.7252023200236874E-01 a      1127     1     2     2     7
  2.6972165367232154E-01 a      1128     1     2     2     8
 -3.5758162983238656E-01 a      1129     1     2     2     9
  1.4221965899879099E-01 a      1130     1     2     2    10
  1.7374674836359286E-01 a      1131     1     2     2    11
  2.1076946325665175E-01 a      1132     1     2     2    12
 -1.9606110342200392E-01 a      1133     1     2     2    13
  2.5449211758612994E-01 a      1134     1     2     2    14
 -7.2438922824920715E-01 a      1135     1     2     2    15
 -1.7055926400767468E-01 a      1136     1     2     2    16
  5.7898980692203916E-01 a      1137     1     2     2    17
  6.9974143331447358E-01 a      1138     1     2     2    18
 -8.2362527821693177E-01 a      1139     1     2     2    19
 -4.1053085256343747E-01 a      1140     1     2     2    20
  2.0270782539688023E-01 a      1141     1     3     2     1
 -1.9632819537918819E-01 a      1142     1     3     2     2
  4.2116769258674680E-01 a      1143     1     3     2     3
 -9.0293817162565973E-02 a      1144     1     3     2     4
  2.8246931647311908E-02 a      1145     1     3     2     5
 -1.2077225430451807E-01 a      1146     1     3     2     6
  5.0420543635953208E-01 a      1147     1     3     2     7
  3.9953378926957089E-01 a      1148     1     3     2     8
  2.3039175411803539E-01 a      1149     1     3     2     9
 -9.6002700325695786E-02 a      1150     1     3     2    10
 -7.8554815215007823E-01 a      1151     1     3     2    11
  6.5830937257872046E-01 a      1152     1     3     2    12
  2.0891594296107904E-01 a      1153     1     3     2    13
  4.8098606253500403E-01 a      1154     1     3     2    14
 -1.0505469445862023E-01 a      1155     1     3     2    15
 -7.9877048138895046E-01 a      1156     1     3     2    16
 -5.2341865632770868E-01 a      1157     1     3     2    17
  4.0743705600744098E-02 a      1158     1     3     2    18
  9.6676771320193616E-02 a      1159     1     3     2    19
 -4.7891616871718296E-01 a      1160     1     3     2    20
 -1.1259890128227956E-02 a      1161     1     4     2     1
  1.0353982318089888E-01 a      1162     1     4     2     2
 -4.8186546726753832E-01 a      1163     1     4     2     3
 -1.5602976225380730E-01 a      1164     1     4     2     4
  4.0237142816925497E-01 a      1165     1     4     2     5
  1.1606743031488513E-01 a      1166     1     4     2     6
  8.0986896340843950E-01 a      1167     1     4     2     7
 -1.9126042749728925E-01 a      1168     1     4     2     8
 -4.5170606741650687E-01 a      1169     1     4     2     9
 -3.6310696144541460E-01 a      1170     1     4     2    10
  6.1130069726889488E-02 a      1171     1     4     2    11
 -4.4456480268166626E-01 a      1172     1     4     2    12
 -2.2305855909697761E-01 a      1173     1     4     2    13
  2.0519717385115672E-02 a      1174     1     4     2    14
 -4.7003008362660026E-01 a      1175     1     4     2    15
  4.5719363256193168E-01 a      1176     1     4     2    16
  1.4021308434161933E-01 a      1177     1     4     2    17
 -3.8145259040579527E-01 a      1178     1     4     2    18
  2.7983450105184920E-01 a      1179     1     4     2    19
  9.1204402767056089E-02 a      1180     1     4     2    20
  5.7724781401997005E-01 a      1181     1     5     2     1
 -9.2903634051853659E-02 a      1182     1     5     2     2
 -6.0248214749582168E-02 a      1183     1     5     2     3
 -1.7276861410022026E-01 a      1184     1     5     2     4
 -3.2020965495731318E-01 a      1185     1     5     2     5
 -3.1655169974469197E-02 a      1186     1     5     2     6
 -2.2255633245281420E-01 a      1187     1     5     2     7
  2.1982299736945374E-01 a      1188     1     5     2     8
 -3.6117721687763249E-01 a      1189     1     5     2     9
 -3.8726725822375357E-01 a      1190     1     5     2    10
 -3.4109623579439724E-01 a      1191     1     5     2    11
 -4.7389914726671567E-01 a      1192     1     5     2    12
 -6.7784913792235649E-04 a      1193     1     5     2    13
 -1.1923222931117017E-01 a      1194     1     5     2    14
  5.2497486793825532E-01 a      1195     1     5     2    15
  1.7602418042535747E-01 a      1196     1     5     2    16
  2.5424262765265387E-01 a      1197     1     5     2    17
 -5.5379985311234248E-01 a      1198     1     5     2    18
 -1.4357889999074938E-01 a      1199     1     5     2    19
 -3.7021223717147042E-02 a      1200     1     5     2    20
 -1.7096740496485158E-02 a      1201     1     6     2     1
  5.5844914709527926E-01 a      1202     1     6     2     2
  2.2946884630908562E-01 a      1203     1     6     2     3
 -2.1413950843139504E-01 a      1204     1     6     2     4
 -5.4027881244053799E-01 a      1205     1     6     2     5
 -9.7388188209650506E-01 a      1206     1     6     2     6
  1.8901454850851266E-02 a      1207     1     6     2     7
  8.6326468133475165E-01 a      1208     1     6     2     8
  7.7228556571395413E-01 a      1209     1     6     2     9
 -1.8169251265680551E-02 a      1210     1     6     2    10
  5.7167975314635383E-02 a      1211     1     6     2    11
  6.7713885283731312E-01 a      1212     1     6     2    12
 -5.6155323774289911E-01 a      1213     1     6     2    13
  7.5175947500030804E-01 a      1214     1     6     2    14
  7.0285961781772999E-01 a      1215     1     6     2    15
  7.4846185140765542E-01 a      1216     1     6     2    16
 -3.3223781130322616E-01 a      1217     1     6     2    17
  5.6083162852693735E-01 a      1218     1     6     2    18
 -2.2347390699219966E-01 a      1219     1     6     2    19
  2.4353626875494444E-01 a      1220     1     6     2    20
  5.4579558216400681E-01 a      1221     1     7     2     1
 -3.9695640050960512E-01 a      1222     1     7     2     2
  3.4994469248503685E-01 a      1223     1     7     2     3
  5.9629739697598072E-01 a      1224     1     7     2     4
  2.7938321606297967E-01 a      1225     1     7     2     5
  2.8040849311624777E-01 a      1226     1     7     2     6
 -3.1965604557857519E-01 a      1227     1     7     2     7
  4.7573304790159465E-01 a      1228     1     7     2     8
  1.9509375618795605E-01 a      1229     1     7     2     9
  2.4078405849850057E-01 a      1230     1     7     2    10
  9.2474755415312124E-02 a      1231     1     7     2    11
 -3.3686902289476850E-01 a      1232     1     7     2    12
 -2.5354318314853874E-01 a      1233     1     7     2    13
 -4.1484583172163175E-01 a      1234     1     7     2    14
  2.1051984563451645E-01 a      1235     1     7     2    15
 -1.0820204366579064E-01 a      1236     1     7     2    16
 -7.4569560227437756E-02 a      1237     1     7     2    17
 -6.2151637843599261E-01 a      1238     1     7     2    18
  1.2333792008153477E-01 a      1239     1     7     2    19
  6.1747321315037816E-02 a      1240     1     7     2    20
 -9.3394248811502975E-02 a      1241     1     8     2     1
 -2.8089832185410130E-01 a      1242     1     8     2     2
 -4.1557878311183072E-01 a      1243     1     8     2     3
  4.6641534526140893E-02 a      1244     1     8     2     4
  5.6459213206764625E-01 a      1245     1     8     2     5
 -7.7433308652187971E-01 a      1246     1     8     2     6
 -5.3874672691493075E-01 a      1247     1     8     2     7
  4.9008269530237852E-01 a      1248     1     8     2     8
  4.1238874631604505E-01 a      1249     1     8     2     9
  5.9236134959834395E-02 a      1250     1     8     2    10
 -4.0768958601199323E-01 a      1251     1     8     2    11
  3.1541434630188286E-01 a      1252     1     8     2    12
  2.5629772318519367E-01 a      1253     1     8     2    13
 -2.4569696111392422E-01 a      1254     1     8     2    14
  2.5065651806498762E-01 a      1255     1     8     2    15
 -9.4227788740035956E-02 a      1256     1     8     2    16
  4.0849853046009349E-01 a      1257     1     8     2    17
  6.5233228662487386E-01 a      1258     1     8     2    18
 -3.8325094818210281E-01 a      1259     1     8     2    19
  3.8921393139283889E-02 a      1260     1     8     2    20
  8.3465026833436951E-01 a      1261     1     9     2     1
 -1.0139944336579229E-01 a      1262     1     9     2     2
 -3.5014802288822822E-01 a      1263     1     9     2     3
  1.4359441923526306E-01 a      1264     1     9     2     4
  1.6458888546227599E-01 a      1265     1     9     2     5
 -9.0707546467260813E-02 a      1266     1     9     2     6
  4.9511601734419286E-01 a      1267     1     9     2     7
 -6.5891348144469020E-01 a      1268     1     9     2     8
 -7.5636522319351540E-01 a      1269     1     9     2     9
 -6.9312156141529180E-01 a      1270     1     9     2    10
 -2.5404197037136506E-01 a      1271     1     9     2    11
 -1.6548554599384183E-01 a      1272     1     9     2    12
  1.4325855257658021E-01 a      1273     1     9     2    13
 -2.9880660233971335E-01 a      1274     1     9     2    14
  4.3430675282858927E-01 a      1275     1     9     2    15
  2.6255133813674569E-01 a      1276     1     9     2    16
 -7.2436587601697222E-01 a      1277     1     9     2    17
 -1.5371542337945940E-01 a      1278     1     9     2    18
  4.5136502593621376E-02 a      1279     1     9     2    19
 -7.2968254409162969E-01 a      1280     1     9     2    20
 -7.8162737202009913E-01 a      1281     1    10     2     1
  8.0062910471900417E-01 a      1282     1    10     2     2
 -5.9241406190290849E-02 a      1283     1    10     2     3
  2.9197465153430685E-01 a      1284     1    10     2     4
 -7.5861732504630242E-01 a      1285     1    10     2     5
  3.0930337605837555E-01 a      1286     1    10     2     6
  4.7337374094273810E-01 a      1287     1    10     2     7
 -4.7799708919191292E-01 a      1288     1    10     2     8
 -2.7179835745450487E-01 a      1289     1    10     2     9
 -4.5814460477461805E-01 a      1290     1    10     2    10
  1.5217403151653397E-02 a      1291     1    10     2    11
 -6.1523675941694625E-02 a      1292     1    10     2    12
 -4.2168389245145688E-01 a      1293     1    10     2    13
  1.3107308007182047E-01 a      1294     1    10     2    14
 -4.4427560212924444E-01 a      1295     1    10     2    15
 -1.1166887505727496E-01 a      1296     1    10     2    16
  1.4989030526907868E-01 a      1297     1    10     2    17
 -6.3714516552887501E-01 a      1298     1    10     2    18
 -9.8293715797469583E-01 a      1299     1    10     2    19
 -5.6625192947484182E-01 a      1300     1    10     2    20
 -8.3209432117541793E-01 a      1301     1    11     2     1
  6.0065657730419741E-01 a      1302     1    11     2     2
 -8.6381883969266848E-01 a      1303     1    11     2     3
 -3.4133957473700266E-02 a      1304     1    11     2     4
 -3.7979450854503755E-01 a      1305     1    11     2     5
 -4.8222539753227583E-01 a      1306     1    11     2     6
 -6.3629863236852380E-02 a      1307     1    11     2     7
  1.6132286212924538E-01 a      1308     1    11     2     8
  1.0950627025452142E+00 a      1309     1    11     2     9
  5.5324394144018951E-01 a      1310     1    11     2    10
 -8.0726122337450057E-01 a      1311     1    11     2    11
 -5.0061787850264317E-01 a      1312     1    11     2    12
  2.4135008916198791E-01 a      1313     1    11     2    13
 -8.9199016285774269E-01 a      1314     1    11     2    14
 -1.2215005680030340E-01 a      1315     1    11     2    15
 -8.4382125284320963E-01 a      1316     1    11     2    16
 -9.9276545986300993E-02 a      1317     1    11     2    17
  3.0808074555750586E-01 a      1318     1    11     2    18
 -2.2085277633631062E-01 a      1319     1    11     2    19
 -1.0888287244159379E-01 a      1320     1    11     2    20
  3.9782714492120169E-01 a      1321     1    12     2     1
  1.7584158523634394E-01 a      1322     1    12     2     2
 -4.9459414225713672E-01 a      1323     1    12     2     3
  4.7102584274409276E-02 a      1324     1    12     2     4
 -4.5399674407643342E-01 a      1325     1    12     2     5
 -2.0482106318617911E-03 a      1326     1    12     2     6
  1.6482680143128425E-01 a      1327     1    12     2     7
  7.3471788517925518E-02 a      1328     1    12     2     8
  5.3508106299585745E-01 a      1329     1    12     2     9
 -6.7957341866624110E-02 a      1330     1    12     2    10
  6.5914525876664451E-02 a      1331     1    12     2    11
 -6.9789885954541020E-01 a      1332     1    12     2    12
 -2.5745607032890949E-01 a      1333     1    12     2    13
 -5.3536205159918693E-01 a      1334     1    12     2    14
 -1.5862408974148476E-01 a      1335     1    12     2    15
  2.0105517273773801E-01 a      1336     1    12     2    16
 -1.3888243183658014E-01 a      1337     1    12     2    17
  4.1938584437277493E-01 a      1338     1    12     2    18
 -3.1597355767033075E-01 a      1339     1    12     2    19
  1.6469154563576513E-01 a      1340     1    12     2    20
 -5.4035129362511525E-01 a      1341     1    13     2     1
  4.1441818726349300E-01 a      1342     1    13     2     2
 -8.4191010026405178E-01 a      1343     1    13     2     3
  7.4360848040209304E-01 a      1344     1    13     2     4
  4.9208447575582998E-01 a      1345     1    13     2     5
 -1.6845990440211808E-01 a      1346     1    13     2     6
  9.2901917132809064E-01 a      1347     1    13     2     7
 -5.0403790202864285E-02 a      1348     1    13     2     8
 -2.1068382280526704E-01 a      1349     1    13     2     9
  3.1560797685715997E-01 a      1350     1    13     2    10
 -4.5788120877412247E-01 a      1351     1    13     2    11
  3.0281484220013805E-01 a      1352     1    13     2    12
 -4.4084440052022172E-01 a      1353     1    13     2    13
 -8.2368217178985148E-01 a      1354     1    13     2    14
  3.0026485897713034E-01 a      1355     1    13     2    15
  2.0071271170327284E-01 a      1356     1    13     2    16
  2.4348050772371210E-01 a      1357     1    13     2    17
  6.8838372255400748E-01 a      1358     1    13     2    18
 -9.3595150568680652E-01 a      1359     1    13     2    19
 -5.1084370050812644E-01 a      1360     1    13     2    20
 -3.7722228798824704E-02 a      1361     1    14     2     1
  3.1378689025478401E-01 a      1362     1    14     2     2
  7.5277787348994807E-01 a      1363     1    14     2     3
 -3.8654938265381089E-01 a      1364     1    14     2     4
 -2.1633358497075572E-01 a      1365     1    14     2     5
 -7.6589236159056695E-01 a      1366     1    14     2     6
 -3.8421895701255288E-01 a      1367     1    14     2     7
 -6.4645650433795343E-01 a      1368     1    14     2     8
 -9.2638632941882376E-02 a      1369     1    14     2     9
 -5.4592176461887676E-01 a      1370     1    14     2    10
 -4.5318957857442201E-02 a      1371     1    14     2    11
  2.7328133893584639E-01 a      1372     1    14     2    12
 -2.6217505574217870E-01 a      1373     1    14     2    13
 -1.0366443651202814E-01 a      1374     1    14     2    14
  1.9604322905380014E-01 a      1375     1    14     2    15
 -8.2126327862557469E-02 a      1376     1    14     2    16
 -1.1576934575826334E-01 a      1377     1    14     2    17
 -8.6940042154823344E-02 a      1378     1    14     2    18
 -8.3624457621158133E-01 a      1379     1    14     2    19
 -3.0420447788931004E-01 a      1380     1    14     2    20
  4.8574767630837856E-01 a      1381     1    15     2     1
 -3.1646511120795218E-01 a      1382     1    15     2     2
 -4.9070975820277984E-01 a      1383     1    15     2     3
  1.9679344272937827E-01 a      1384     1    15     2     4
 -6.6934390732428795E-01 a      1385     1    15     2     5
  5.0146385526005324E-02 a      1386     1    15     2     6
 -6.0963570819874424E-01 a      1387     1    15     2     7
 -6.4858423901525164E-01 a      1388     1    15     2     8
  4.1711446381807471E-01 a      1389     1    15     2     9
 -1.8313266855692362E-01 a      1390     1    15     2    10
 -8.2353058849473443E-02 a      1391     1    15     2    11
  3.8156779478316534E-02 a      1392     1    15     2    12
  2.4006376477055008E-01 a      1393     1    15     2    13
  1.8028231395364222E-01 a      1394     1    15     2    14
 -2.7089328725157846E-01 a      1395     1    15     2    15
 -7.4582263932647119E-01 a      1396     1    15     2    16
 -6.1048147759505311E-01 a      1397     1    15     2    17
 -3.6018369970193709E-01 a      1398     1    15     2    18
  7.3875542506213782E-02 a      1399     1    15     2    19
 -1.1576133912449729E-01 a      1400     1    15     2    20
  5.4307212146818676E-02 a      1401     1    16     2     1
  1.5171762416658059E-02 a      1402     1    16     2     2
 -4.9564167691049038E-01 a      1403     1    16     2     3
 -6.8741764546997916E-02 a      1404     1    16     2     4
  2.8167925891170348E-01 a      1405     1    16     2     5
  1.7688404216684261E-01 a      1406     1    16     2     6
 -3.0722697638168905E-01 a      1407     1    16     2     7
 -6.4972823295340498E-01 a      1408     1    16     2     8
  1.8698254432343769E-02 a      1409     1    16     2     9
  3.1395453713615307E-01 a      1410     1    16     2    10
  8.1921341038683579E-02 a      1411     1    16     2    11
 -1.9658468841970653E-01 a      1412     1    16     2    12
 -5.8596316167243201E-01 a      1413     1    16     2    13
 -5.4974850258340680E-01 a      1414     1    16     2    14
 -3.4030250725585381E-01 a      1415     1    16     2    15
  6.8693869018493314E-01 a      1416     1    16     2    16
 -2.9542104763885801E-01 a      1417     1    16     2    17
 -1.3797962426895050E-01 a      1418     1    16     2    18
 -8.5610128511123124E-02 a      1419     1    16     2    19
 -6.0720647548940332E-01 a      1420     1    16     2    20
 -3.7934970689747172E-01 a      1421     1    17     2     1
 -4.1153470004511050E-01 a      1422     1    17     2     2
  8.3939630018337719E-01 a      1423     1    17     2     3
  5.8229414744287722E-01 a      1424     1    17     2     4
 -4.7649449982538800E-01 a      1425     1    17     2     5
  7.6078787141830106E-01 a      1426     1    17     2     6
 -1.9396652087429003E-01 a      1427     1    17     2     7
  5.4019820680961128E-01 a      1428     1    17     2     8
  5.4907352715973956E-01 a      1429     1    17     2     9
 -2.4475202120571202E-01 a      1430     1    17     2    10
  3.2422980887151726E-01 a      1431     1    17     2    11
 -2.4789246084674357E-01 a      1432     1    17     2    12
 -5.8076032756645479E-01 a      1433     1    17     2    13
 -2.2836913126916440E-02 a      1434     1    17     2    14
 -2.3616847731225607E-01 a      1435     1    17     2    15
  4.2163476225234742E-01 a      1436     1    17     2    16
  3.5711388821214007E-01 a      1437     1    17     2    17
 -4.0965497797108807E-01 a      1438     1    17     2    18
 -9.0731796822783484E-02 a      1439     1    17     2    19
 -3.0391916511476952E-01 a      1440     1    17     2    20
  5.0026182788177789E-02 a      1441     1    18     2     1
 -4.1616262415795030E-01 a      1442     1    18     2     2
 -1.4310741111527481E-01 a      1443     1    18     2     3
 -4.9828589998958733E-01 a      1444     1    18     2     4
 -3.1590256399336558E-01 a      1445     1    18     2     5
  3.2843245392484122E-01 a      1446     1    18     2     6
 -2.1827648424928392E-01 a      1447     1    18     2     7
 -2.0247429869198080E-01 a      1448     1    18     2     8
 -9.7634933627744599E-02 a      1449     1    18     2     9
  4.6729188543765765E-01 a      1450     1    18     2    10
 -2.7814066480073696E-01 a      1451     1    18     2    11
 -5.9606050156107682E-01 a      1452     1    18     2    12
  3.9223523066466143E-01 a      1453     1    18     2    13
 -7.8842213435087916E-01 a      1454     1    18     2    14
 -1.5543572107993892E-01 a      1455     1    18     2    15
 -1.1196512847655154E-04 a      1456     1    18     2    16
 -4.1180734947127917E-01 a      1457     1    18     2    17
 -4.0521435171380860E-01 a      1458     1    18     2    18
  1.5911007527949561E-01 a      1459     1    18     2    19
 -1.3591160612565400E-03 a      1460     1    18     2    20
 -3.4296651950942342E-01 a      1461     1    19     2     1
 -8.4137751798292693E-01 a      1462     1    19     2     2
  3.0564226403429334E-01 a      1463     1    19     2     3
 -8.5601188072755163E-01 a      1464     1    19     2     4
 -1.0615138178447343E-01 a      1465     1    19     2     5
  7.7365737946262614E-01 a      1466     1    19     2     6
 -2.1621794297438790E-01 a      1467     1    19     2     7
 -7.0953556310029187E-01 a      1468     1    19     2     8
 -2.8407364213109093E-01 a      1469     1    19     2     9
 -4.4707946560392098E-01 a      1470     1    19     2    10
  3.7642529500730504E-01 a      1471     1    19     2    11
 -7.9911446114016071E-01 a      1472     1    19     2    12
  5.1744045440253357E-02 a      1473     1    19     2    13
 -2.6728201967015103E-01 a      1474     1    19     2    14
  4.5318700057538414E-01 a      1475     1    19     2    15
  2.2575772543530043E-01 a      1476     1    19     2    16
 -2.2451232429829932E-01 a      1477     1    19     2    17
 -1.6612030760297103E-01 a      1478     1    19     2    18
 -9.8365195094998650E-02 a      1479     1    19     2    19
 -1.0048910103441247E-01 a      1480     1    19     2    20
  9.5945022379154421E-02 a      1481     1    20     2     1
  3.8154320357274930E-02 a      1482     1    20     2     2
 -2.1033532414141923E-01 a      1483     1    20     2     3
 -5.7897238535306628E-01 a      1484     1    20     2     4
 -3.9046789009770805E-01 a      1485     1    20     2     5
  5.3928269407692975E-01 a      1486     1    20     2     6
 -4.9231880581914117E-01 a      1487     1    20     2     7
 -1.8018189101561796E-01 a      1488     1    20     2     8
 -2.9484499351385096E-01 a      1489     1    20     2     9
  4.4126522389314954E-01 a      1490     1    20     2    10
 -1.3399386327334409E-01 a      1491     1    20     2    11
 -4.9004883374844960E-02 a      1492     1    20     2    12
  3.0247962176887910E-01 a      1493     1    20     2    13
  5.9318674123820872E-02 a      1494     1    20     2    14
  4.8115713010037331E-01 a      1495     1    20     2    15
  1.9634915824772850E-01 a      1496     1    20     2    16
  3.6033756438169245E-01 a      1497     1    20     2    17
 -4.6197225706081813E-01 a      1498     1    20     2    18
  1.8932196392218917E-01 a      1499     1    20     2    19
  1.9551162297393870E-01 a      1500     1    20     2    20
  1.4529481995961344E+00 b      1501     2     1
 -1.6846991257588300E+00 b      1502     2     2
  5.6886415343993291E-01 b      1503     2     3
  3.6586504044484828E-03 b      1504     2     4
  1.1839679960962262E+00 b      1505     2     5
 -2.7486199795818483E-01 b      1506     2     6
 -1.2356304603626604E+00 b      1507     2     7
 -1.3881211366514623E+00 b      1508     2     8
 -1.3370603060615989E+00 b      1509     2     9
  1.2809439287979094E+00 b      1510     2    10
 -1.2053296750126250E+00 b      1511     2    11
  1.0744398251712961E+00 b      1512     2    12
 -7.6226141099453182E-01 b      1513     2    13
 -1.7136916238580832E-01 b      1514     2    14
 -1.2503030378983526E+00 b      1515     2    15
  4.4261623642505177E-01 b      1516     2    16
 -8.0534866013929465E-02 b      1517     2    17
  1.0356247703722474E+00 b      1518     2    18
 -1.1138331983185679E+00 b      1519     2    19
  4.3740647120161918E-01 b      1520     2    20
 -8.1184700156382561E-01 a      1521     2     1     3     1
  2.6877476975271675E+00 a      1522     2     2     3     1
  8.1253483459623937E-02 a      1523     2     3     3     1
 -3.9563788529846161E-01 a      1524     2     4     3     1
 -2.1867638081325076E+00 a      1525     2     5     3     1
  8.3560275758063546E-02 a      1526     2     6     3     1
  7.6417493841289902E-02 a      1527     2     7     3     1
  3.4567892283672602E-01 a      1528     2     8     3     1
  7.8573946646261217E-01 a      1529     2     9     3     1
 -2.3032854408299333E+00 a      1530     2    10     3     1
  1.4773787359392354E+00 a      1531     2    11     3     1
 -1.6637818784645766E+00 a      1532     2    12     3     1
  1.2268503995673070E+00 a      1533     2    13     3     1
 -1.5199485791490203E-01 a      1534     2    14     3     1
  2.6662566928574543E+00 a      1535     2    15     3     1
  3.4489004039960353E-01 a      1536     2    16     3     1
 -4.5385768637909507E-01 a      1537     2    17     3     1
 -8.0541510660480853E-01 a      1538     2    18     3     1
 -6.8728754122391578E-01 a      1539     2    19     3     1
 -1.0383056184377648E+00 a      1540     2    20     3     1
 -1.0732570153571701E+00 b      1541     3     1
