################################################################################
# Neural network connection values (weights and biases).
################################################################################
# Col  Name       Description
################################################################################
# 1    connection Neural network connection value.
# 2    t          Connection type (a = weight, b = bias).
# 3    index      Index enumerating weights.
# 4    l_s        Starting point layer (end point layer for biases).
# 5    n_s        Starting point neuron in starting layer (end point neuron for biases).
# 6    l_e        End point layer.
# 7    n_e        End point neuron in end layer.
################################################################################
#                      1 2         3     4     5     6     7
#             connection t     index   l_s   n_s   l_e   n_e
############################################################
  9.7515381800319920E-02 a         1     0     1     1     1
 -1.4568983693284757E-01 a         2     0     1     1     2
 -1.1981766699166230E-02 a         3     0     1     1     3
 -2.4154501644474752E-01 a         4     0     1     1     4
  2.0449717668609774E-01 a         5     0     1     1     5
 -2.6207526773596560E-02 a         6     0     1     1     6
  1.8843546618311433E-01 a         7     0     1     1     7
 -9.4541094406488169E-02 a         8     0     1     1     8
  1.9869105279210561E-01 a         9     0     1     1     9
  5.1725933800196788E-01 a        10     0     1     1    10
 -9.6227348349882377E-02 a        11     0     1     1    11
  1.0001580464378322E-02 a        12     0     1     1    12
 -2.7558616157393134E-01 a        13     0     1     1    13
 -2.0107046800787098E-03 a        14     0     1     1    14
  7.0717116772113439E-02 a        15     0     1     1    15
  2.5060557094636022E-02 a        16     0     1     1    16
  2.8160859220425238E-01 a        17     0     1     1    17
 -1.7033558812622804E-01 a        18     0     1     1    18
 -1.9579979600195141E-02 a        19     0     1     1    19
  2.6525789272335343E-01 a        20     0     1     1    20
 -1.4194748600233778E-01 a        21     0     2     1     1
  6.5709108227598553E-02 a        22     0     2     1     2
 -3.0696652090708705E-03 a        23     0     2     1     3
 -7.8013884471440934E-02 a        24     0     2     1     4
 -1.5341964174370520E-01 a        25     0     2     1     5
  2.3589706830904289E-01 a        26     0     2     1     6
 -1.0837050225157407E-01 a        27     0     2     1     7
  1.2718269090555767E-01 a        28     0     2     1     8
 -2.6738926322933454E-01 a        29     0     2     1     9
  4.8479541073544692E-02 a        30     0     2     1    10
  1.4194213398560096E-01 a        31     0     2     1    11
  2.0998072573571818E-02 a        32     0     2     1    12
  3.1386910672796255E-04 a        33     0     2     1    13
 -1.2233376326515109E-01 a        34     0     2     1    14
  2.4956348782769985E-01 a        35     0     2     1    15
  2.8363715300466147E-01 a        36     0     2     1    16
 -3.3712549984652750E-02 a        37     0     2     1    17
 -2.6833828939773768E-01 a        38     0     2     1    18
 -2.0206036254321516E-01 a        39     0     2     1    19
 -1.8203790368312746E-02 a        40     0     2     1    20
  3.5312756752741764E-01 a        41     0     3     1     1
  2.2947461847851017E-01 a        42     0     3     1     2
  4.4610097451673059E-01 a        43     0     3     1     3
 -1.3437314967142441E-01 a        44     0     3     1     4
 -1.4568939380022408E-01 a        45     0     3     1     5
  7.5462396777144822E-02 a        46     0     3     1     6
  2.5310757010791513E-01 a        47     0     3     1     7
 -1.2930200092384447E-01 a        48     0     3     1     8
 -2.4336960383987505E-01 a        49     0     3     1     9
  3.3048379668561573E-01 a        50     0     3     1    10
  2.9133577947091721E-01 a        51     0     3     1    11
 -3.9701459841806987E-02 a        52     0     3     1    12
  2.2263636516065996E-01 a        53     0     3     1    13
  2.8623871485225705E-01 a        54     0     3     1    14
  1.9287105882109837E-01 a        55     0     3     1    15
  1.8636055546204522E-01 a        56     0     3     1    16
  5.7149883808870677E-02 a        57     0     3     1    17
 -2.2468070229655737E-01 a        58     0     3     1    18
  2.5654268025193078E-01 a        59     0     3     1    19
 -2.5034306460618844E-01 a        60     0     3     1    20
 -3.7065441741225152E-01 a        61     0     4     1     1
 -1.5906618311452095E-01 a        62     0     4     1     2
  5.2663488318194851E-01 a        63     0     4     1     3
 -4.6903378750427538E-01 a        64     0     4     1     4
 -1.4596708531124533E-01 a        65     0     4     1     5
  6.9596312565088678E-02 a        66     0     4     1     6
 -1.0297769178086361E-01 a        67     0     4     1     7
  1.3037353479888181E-01 a        68     0     4     1     8
 -3.3337885550963481E-01 a        69     0     4     1     9
 -1.6609237528575149E-01 a        70     0     4     1    10
  7.3155499565376439E-02 a        71     0     4     1    11
  2.3092491305035899E-02 a        72     0     4     1    12
  1.6705728306011766E-01 a        73     0     4     1    13
  1.4290084079221074E-02 a        74     0     4     1    14
  1.1756388282975086E-02 a        75     0     4     1    15
 -4.6984389981446273E-02 a        76     0     4     1    16
 -1.8877431672068998E-01 a        77     0     4     1    17
 -2.8659427630689960E-01 a        78     0     4     1    18
 -2.5026455510268353E-01 a        79     0     4     1    19
  3.6341103759145515E-01 a        80     0     4     1    20
 -2.3666925193426436E-01 a        81     0     5     1     1
 -5.5310311781960574E-04 a        82     0     5     1     2
  1.2205572761618717E-01 a        83     0     5     1     3
 -1.2899040001732517E-01 a        84     0     5     1     4
  1.9891455965465912E-01 a        85     0     5     1     5
  3.2883984611280853E-01 a        86     0     5     1     6
  2.6901745566290403E-01 a        87     0     5     1     7
 -2.7800507549998871E-01 a        88     0     5     1     8
  1.3946541039652988E-01 a        89     0     5     1     9
  1.3505203106374120E-01 a        90     0     5     1    10
  3.1986336722228886E-01 a        91     0     5     1    11
  2.0591672930035970E-02 a        92     0     5     1    12
 -1.3544373677753470E-02 a        93     0     5     1    13
  2.5523492802101683E-01 a        94     0     5     1    14
 -2.2634566349428961E-01 a        95     0     5     1    15
 -4.0096513913902687E-01 a        96     0     5     1    16
 -1.3613352675400095E-01 a        97     0     5     1    17
  7.9875612016900702E-02 a        98     0     5     1    18
  3.2808630525041066E-01 a        99     0     5     1    19
  1.7645144538043933E-01 a       100     0     5     1    20
 -1.3780475532191006E-01 a       101     0     6     1     1
 -1.6580271505265937E-01 a       102     0     6     1     2
 -2.7771855239510351E-01 a       103     0     6     1     3
  2.0266047721997946E-01 a       104     0     6     1     4
 -5.2435346669288663E-01 a       105     0     6     1     5
  1.7108762506456321E-01 a       106     0     6     1     6
 -1.6326164900371462E-01 a       107     0     6     1     7
  3.3961754591746257E-01 a       108     0     6     1     8
  4.1070963796140131E-01 a       109     0     6     1     9
 -3.1596113114090335E-01 a       110     0     6     1    10
 -2.9718936446354477E-01 a       111     0     6     1    11
  2.0477382232873054E-01 a       112     0     6     1    12
 -3.0559119891765613E-01 a       113     0     6     1    13
 -5.8422282730414032E-01 a       114     0     6     1    14
 -2.0143501407765416E-01 a       115     0     6     1    15
  2.9202189666778683E-01 a       116     0     6     1    16
  1.9702249624684545E-01 a       117     0     6     1    17
 -5.3856082447080532E-02 a       118     0     6     1    18
  3.8739646581611019E-02 a       119     0     6     1    19
  1.3161634959617177E-01 a       120     0     6     1    20
 -1.6129987405798137E-02 a       121     0     7     1     1
  5.0554213907530045E-02 a       122     0     7     1     2
 -4.3332835656563068E-01 a       123     0     7     1     3
  5.0905374243593571E-01 a       124     0     7     1     4
  2.2057740483587199E-01 a       125     0     7     1     5
 -1.9340707738741778E-02 a       126     0     7     1     6
  3.1121018885294907E-02 a       127     0     7     1     7
 -5.2661315479688147E-03 a       128     0     7     1     8
 -2.7670154551146162E-02 a       129     0     7     1     9
 -4.4048904317525388E-02 a       130     0     7     1    10
  1.8882681669454969E-02 a       131     0     7     1    11
 -3.5773769230732316E-01 a       132     0     7     1    12
  3.4179027581955512E-01 a       133     0     7     1    13
 -1.8575875463694184E-03 a       134     0     7     1    14
 -2.9518150070141923E-02 a       135     0     7     1    15
 -3.4375082091571496E-03 a       136     0     7     1    16
 -8.2852102928480924E-03 a       137     0     7     1    17
  3.9095166530549813E-01 a       138     0     7     1    18
 -1.2122425364729600E-01 a       139     0     7     1    19
 -1.9128027530158745E-01 a       140     0     7     1    20
 -1.9314319331470492E-01 a       141     0     8     1     1
 -2.2987516318795573E-01 a       142     0     8     1     2
 -7.9584702074286223E-02 a       143     0     8     1     3
 -1.0272063467595877E-01 a       144     0     8     1     4
 -1.1083834003359370E-01 a       145     0     8     1     5
 -2.7398006639976624E-01 a       146     0     8     1     6
 -2.3010704030633092E-01 a       147     0     8     1     7
 -2.2965832936783548E-01 a       148     0     8     1     8
  3.5057782180693736E-01 a       149     0     8     1     9
  1.2191256705233178E-01 a       150     0     8     1    10
 -2.8543602368481841E-01 a       151     0     8     1    11
  5.9057998871026186E-03 a       152     0     8     1    12
 -2.6810782956323984E-02 a       153     0     8     1    13
  1.4763265000896991E-01 a       154     0     8     1    14
  7.4816937045455986E-02 a       155     0     8     1    15
  1.8261896037412179E-01 a       156     0     8     1    16
  1.1720885250899765E-01 a       157     0     8     1    17
  1.4062963615044360E-01 a       158     0     8     1    18
 -3.7662537673319244E-02 a       159     0     8     1    19
 -9.1903023817672805E-02 a       160     0     8     1    20
  6.1508081849038991E-02 a       161     0     9     1     1
  3.2595152586129622E-01 a       162     0     9     1     2
  1.1975736432281157E-01 a       163     0     9     1     3
 -1.1103153319534781E-01 a       164     0     9     1     4
  2.6613203154792903E-02 a       165     0     9     1     5
 -3.1527775774838646E-02 a       166     0     9     1     6
  2.2839028310298462E-01 a       167     0     9     1     7
 -1.1535345968149971E-01 a       168     0     9     1     8
 -5.4428521978892141E-01 a       169     0     9     1     9
  3.5016300091757008E-01 a       170     0     9     1    10
 -1.4890713057450325E-01 a       171     0     9     1    11
  3.2429517782919595E-02 a       172     0     9     1    12
 -1.9926891374332421E-02 a       173     0     9     1    13
  1.4904446163428067E-01 a       174     0     9     1    14
  1.2732166752689272E-01 a       175     0     9     1    15
  7.3860721422808320E-02 a       176     0     9     1    16
 -1.6635696622417252E-02 a       177     0     9     1    17
 -5.4547893187440084E-03 a       178     0     9     1    18
  1.8699370718023509E-01 a       179     0     9     1    19
 -1.8444708236225685E-01 a       180     0     9     1    20
  2.6983293511728729E-01 a       181     0    10     1     1
 -1.3450229936732769E-01 a       182     0    10     1     2
  2.5129372562448310E-01 a       183     0    10     1     3
 -4.0729638872300922E-01 a       184     0    10     1     4
  7.9876349919813128E-02 a       185     0    10     1     5
 -2.1438676074607380E-01 a       186     0    10     1     6
  9.0538711710306280E-02 a       187     0    10     1     7
  1.8268008719390347E-01 a       188     0    10     1     8
  7.8799207483723793E-02 a       189     0    10     1     9
  4.9353159954804493E-02 a       190     0    10     1    10
  1.6471392094141787E-01 a       191     0    10     1    11
  2.4236155498709935E-01 a       192     0    10     1    12
  2.0450932344365607E-02 a       193     0    10     1    13
 -1.8994973047371605E-02 a       194     0    10     1    14
 -7.2639308759691504E-02 a       195     0    10     1    15
 -6.9332882795075199E-02 a       196     0    10     1    16
  1.6690852577559881E-01 a       197     0    10     1    17
 -3.5259556768620559E-01 a       198     0    10     1    18
 -1.7630751871804812E-01 a       199     0    10     1    19
  4.1041955777171478E-02 a       200     0    10     1    20
 -1.9691407108603781E-01 a       201     0    11     1     1
  2.1808295952025755E-01 a       202     0    11     1     2
 -1.6390541487078508E-01 a       203     0    11     1     3
  1.4901894225103104E-01 a       204     0    11     1     4
  1.7449485061940534E-01 a       205     0    11     1     5
  9.2527125238960908E-02 a       206     0    11     1     6
  2.3236586385536451E-01 a       207     0    11     1     7
  1.6187630612423545E-01 a       208     0    11     1     8
  1.7940121361246497E-01 a       209     0    11     1     9
  1.0775880209000785E-01 a       210     0    11     1    10
  2.7009987291182408E-01 a       211     0    11     1    11
  1.7461697410498750E-01 a       212     0    11     1    12
  1.5839444178047934E-01 a       213     0    11     1    13
 -2.9358348296617676E-01 a       214     0    11     1    14
 -1.1534162826412941E-01 a       215     0    11     1    15
  2.4851967667736261E-01 a       216     0    11     1    16
 -3.7505103576041393E-01 a       217     0    11     1    17
 -3.8041152182355054E-01 a       218     0    11     1    18
 -1.3311980976747440E-01 a       219     0    11     1    19
 -1.2092085759310149E-01 a       220     0    11     1    20
 -1.2871731482009996E-01 a       221     0    12     1     1
 -3.2291408275403344E-01 a       222     0    12     1     2
  5.4279707762438255E-02 a       223     0    12     1     3
  2.1486899285888322E-01 a       224     0    12     1     4
 -2.1845604155377288E-01 a       225     0    12     1     5
 -2.5115887687781480E-01 a       226     0    12     1     6
 -8.4570228211442736E-02 a       227     0    12     1     7
  6.5938633607368850E-03 a       228     0    12     1     8
  4.4411740733009505E-02 a       229     0    12     1     9
 -2.0483311343641764E-01 a       230     0    12     1    10
 -4.2771002087950655E-01 a       231     0    12     1    11
 -2.3635028668333710E-01 a       232     0    12     1    12
 -3.5438379273058795E-01 a       233     0    12     1    13
  2.3276901283852530E-01 a       234     0    12     1    14
 -5.4457794134356557E-02 a       235     0    12     1    15
  1.2411308998445493E-01 a       236     0    12     1    16
  7.3780150701842545E-02 a       237     0    12     1    17
  2.2997554665576367E-01 a       238     0    12     1    18
  1.0319526387321279E-01 a       239     0    12     1    19
  7.2082355176829723E-03 a       240     0    12     1    20
 -1.1325858449104403E-01 a       241     0    13     1     1
  8.7184001157240315E-02 a       242     0    13     1     2
 -9.4304436912836728E-02 a       243     0    13     1     3
 -2.1077087824466868E-02 a       244     0    13     1     4
  1.3266458477762236E-01 a       245     0    13     1     5
  4.4362507137665891E-01 a       246     0    13     1     6
  6.8812163417104499E-02 a       247     0    13     1     7
 -3.0572723124496293E-01 a       248     0    13     1     8
  1.5291325845395287E-01 a       249     0    13     1     9
  1.0557153637048054E-01 a       250     0    13     1    10
  4.4117612665767872E-02 a       251     0    13     1    11
 -2.0997557918435811E-01 a       252     0    13     1    12
  1.3068341776720858E-02 a       253     0    13     1    13
 -1.4575179907689473E-02 a       254     0    13     1    14
 -9.3962869902612586E-02 a       255     0    13     1    15
  1.6215961672927878E-01 a       256     0    13     1    16
  7.6687553546766429E-02 a       257     0    13     1    17
 -2.4874531767999769E-01 a       258     0    13     1    18
  7.4767866123970336E-02 a       259     0    13     1    19
  2.5426471835561404E-01 a       260     0    13     1    20
  7.0663194943455437E-02 a       261     0    14     1     1
 -1.2148121932582155E-01 a       262     0    14     1     2
  1.0390820514221324E-01 a       263     0    14     1     3
 -9.1082177993996177E-02 a       264     0    14     1     4
  9.3815011652009384E-03 a       265     0    14     1     5
  1.4175295037771626E-01 a       266     0    14     1     6
 -1.1249061909104589E-01 a       267     0    14     1     7
 -1.4223307646926986E-01 a       268     0    14     1     8
 -9.3517336104539522E-02 a       269     0    14     1     9
  1.5119564120227144E-01 a       270     0    14     1    10
 -4.1707965000689645E-01 a       271     0    14     1    11
 -1.1222607345956508E-01 a       272     0    14     1    12
 -2.0228297871682135E-01 a       273     0    14     1    13
  3.3802166459899224E-01 a       274     0    14     1    14
  3.9397610590359511E-02 a       275     0    14     1    15
 -1.9842335632929750E-01 a       276     0    14     1    16
  1.5011686316434808E-01 a       277     0    14     1    17
  2.7700158247906698E-01 a       278     0    14     1    18
  1.3451324313246374E-01 a       279     0    14     1    19
  9.6915211940099749E-02 a       280     0    14     1    20
 -1.4148708096154386E-01 a       281     0    15     1     1
  2.4673546473074634E-01 a       282     0    15     1     2
  1.2966429779872793E-01 a       283     0    15     1     3
 -6.6048925302340189E-02 a       284     0    15     1     4
 -5.0368897395214286E-04 a       285     0    15     1     5
  4.9147800357836655E-02 a       286     0    15     1     6
 -9.2522887887937222E-03 a       287     0    15     1     7
  7.6380825049110451E-02 a       288     0    15     1     8
 -1.9502363311029541E-01 a       289     0    15     1     9
  5.7670457765694315E-02 a       290     0    15     1    10
 -2.1888267825544899E-02 a       291     0    15     1    11
  1.3627930537708138E-01 a       292     0    15     1    12
 -7.3235076491303744E-02 a       293     0    15     1    13
 -2.3064730264574788E-02 a       294     0    15     1    14
  1.2142573808699308E-01 a       295     0    15     1    15
  3.5632905840347717E-03 a       296     0    15     1    16
  3.1208449102182158E-02 a       297     0    15     1    17
  2.3660519304089830E-01 a       298     0    15     1    18
 -4.1405502875976094E-02 a       299     0    15     1    19
 -1.5334380773465262E-01 a       300     0    15     1    20
 -2.6016408251524431E-01 a       301     0    16     1     1
 -1.8104183699031345E-01 a       302     0    16     1     2
  1.5121489003045840E-01 a       303     0    16     1     3
  5.1746829195940258E-02 a       304     0    16     1     4
  1.2317171621833319E-01 a       305     0    16     1     5
 -9.5394802006397005E-03 a       306     0    16     1     6
 -2.7626563887017053E-01 a       307     0    16     1     7
  3.6537975281233753E-01 a       308     0    16     1     8
 -1.3022349414888518E-01 a       309     0    16     1     9
  9.3606501332723045E-03 a       310     0    16     1    10
  6.7996972615904774E-02 a       311     0    16     1    11
  3.2435774887914201E-02 a       312     0    16     1    12
  3.9445987901695406E-01 a       313     0    16     1    13
 -1.0136431496937151E-01 a       314     0    16     1    14
  2.4752991158117330E-01 a       315     0    16     1    15
 -5.9260161890126430E-02 a       316     0    16     1    16
 -1.1280445412552985E-01 a       317     0    16     1    17
  2.5384508991887778E-01 a       318     0    16     1    18
 -1.6605927633070244E-01 a       319     0    16     1    19
 -2.0047987422251379E-01 a       320     0    16     1    20
 -1.1193862447627180E-01 a       321     0    17     1     1
 -2.4976977457630965E-02 a       322     0    17     1     2
  3.9254346181247179E-02 a       323     0    17     1     3
  1.3727524485442776E-02 a       324     0    17     1     4
  5.9831946888574801E-02 a       325     0    17     1     5
  2.5359499756568527E-01 a       326     0    17     1     6
 -1.0564629293947210E-01 a       327     0    17     1     7
  1.2881566350281809E-01 a       328     0    17     1     8
  1.0112659372886744E-02 a       329     0    17     1     9
  1.8811000214387117E-02 a       330     0    17     1    10
 -9.3057509445357040E-02 a       331     0    17     1    11
 -5.6896941658167659E-02 a       332     0    17     1    12
  2.0482779622438688E-01 a       333     0    17     1    13
 -2.3536136553285811E-01 a       334     0    17     1    14
  1.5299254012881777E-01 a       335     0    17     1    15
  4.4729429843193419E-02 a       336     0    17     1    16
  6.9824823140385905E-02 a       337     0    17     1    17
 -1.2362075460276895E-01 a       338     0    17     1    18
 -1.1959507037093257E-01 a       339     0    17     1    19
 -1.2231928722596515E-02 a       340     0    17     1    20
  2.4566937515548778E-01 a       341     0    18     1     1
 -7.9302985390895132E-03 a       342     0    18     1     2
 -1.6722537336398635E-01 a       343     0    18     1     3
  2.1888115937726946E-01 a       344     0    18     1     4
 -2.3049962398094159E-01 a       345     0    18     1     5
 -1.3301985674957911E-01 a       346     0    18     1     6
  5.5723875949266082E-02 a       347     0    18     1     7
  3.6431196895861401E-03 a       348     0    18     1     8
 -2.0824569547375488E-01 a       349     0    18     1     9
 -1.0843308886157041E-01 a       350     0    18     1    10
 -1.0491816259798337E-01 a       351     0    18     1    11
 -6.7857979672855204E-03 a       352     0    18     1    12
 -2.8331875414246460E-01 a       353     0    18     1    13
  1.2955911822845609E-01 a       354     0    18     1    14
 -5.3714832158608790E-02 a       355     0    18     1    15
 -1.9162617673639420E-01 a       356     0    18     1    16
 -5.2372847359128991E-02 a       357     0    18     1    17
 -6.7010100991606826E-03 a       358     0    18     1    18
  5.5254042856519595E-02 a       359     0    18     1    19
  1.3446080260174867E-01 a       360     0    18     1    20
 -1.2402081178444761E-01 a       361     0    19     1     1
  1.6257464730997861E-01 a       362     0    19     1     2
 -6.5818508051379176E-02 a       363     0    19     1     3
 -3.4254271711352563E-02 a       364     0    19     1     4
  2.1043941781530498E-01 a       365     0    19     1     5
  2.3523084313815618E-01 a       366     0    19     1     6
 -4.4861622717325524E-03 a       367     0    19     1     7
 -2.2932579667441677E-01 a       368     0    19     1     8
  1.2742498727620824E-02 a       369     0    19     1     9
  2.1109481182520703E-02 a       370     0    19     1    10
  1.8543080253844244E-01 a       371     0    19     1    11
 -2.8692097492857810E-01 a       372     0    19     1    12
 -2.8694363419966745E-01 a       373     0    19     1    13
 -2.7427054955286405E-02 a       374     0    19     1    14
 -1.5061056242278525E-01 a       375     0    19     1    15
  1.6997675426975084E-01 a       376     0    19     1    16
  1.6317221770325638E-01 a       377     0    19     1    17
 -2.5522921578009927E-01 a       378     0    19     1    18
  6.1743133955759451E-03 a       379     0    19     1    19
 -9.5392514058535965E-02 a       380     0    19     1    20
 -6.6650587839469172E-02 a       381     0    20     1     1
  6.6631586933691742E-02 a       382     0    20     1     2
 -4.0978498748746477E-02 a       383     0    20     1     3
 -2.9114954616093158E-02 a       384     0    20     1     4
 -5.0536217611221221E-02 a       385     0    20     1     5
  8.2345855178265717E-02 a       386     0    20     1     6
  5.7112020966791306E-02 a       387     0    20     1     7
 -3.6748047032077423E-02 a       388     0    20     1     8
  2.0466666524002677E-01 a       389     0    20     1     9
 -2.5574264088618508E-02 a       390     0    20     1    10
  7.6739688355200730E-02 a       391     0    20     1    11
  2.2236394201867801E-01 a       392     0    20     1    12
 -1.3304101052742068E-01 a       393     0    20     1    13
  2.7639956545641581E-01 a       394     0    20     1    14
 -1.4758488492798005E-01 a       395     0    20     1    15
 -1.0458988865910240E-01 a       396     0    20     1    16
 -2.5335715755344407E-01 a       397     0    20     1    17
  9.8219327790801864E-02 a       398     0    20     1    18
  7.3817248660769275E-02 a       399     0    20     1    19
  3.2387765049239285E-02 a       400     0    20     1    20
  1.0488938824441166E-01 a       401     0    21     1     1
  3.6877700321484068E-02 a       402     0    21     1     2
  1.5575425826961184E-01 a       403     0    21     1     3
 -1.3477268977419063E-01 a       404     0    21     1     4
 -1.1856115788724672E-01 a       405     0    21     1     5
 -1.6875643001243174E-01 a       406     0    21     1     6
  6.7126158123734764E-02 a       407     0    21     1     7
  5.5158988090013066E-02 a       408     0    21     1     8
 -3.0742740628012574E-02 a       409     0    21     1     9
  1.4088386093370098E-02 a       410     0    21     1    10
  2.0350087867240249E-01 a       411     0    21     1    11
  9.7945619290087374E-04 a       412     0    21     1    12
  4.7108963432301414E-02 a       413     0    21     1    13
 -7.7777726033299965E-02 a       414     0    21     1    14
 -1.7144359272889240E-02 a       415     0    21     1    15
  2.0854518813665290E-01 a       416     0    21     1    16
 -4.0457030407806564E-02 a       417     0    21     1    17
  2.7065720089120482E-01 a       418     0    21     1    18
  1.2675292101055967E-02 a       419     0    21     1    19
  1.0328166843237659E-01 a       420     0    21     1    20
  1.1371345577630732E-01 a       421     0    22     1     1
 -8.8760080528513946E-02 a       422     0    22     1     2
  3.3153737325485495E-02 a       423     0    22     1     3
 -1.4659056557823759E-03 a       424     0    22     1     4
 -1.0356979604710041E-01 a       425     0    22     1     5
 -2.2123277312652612E-01 a       426     0    22     1     6
  2.9586818486371839E-03 a       427     0    22     1     7
  1.0202673255437794E-01 a       428     0    22     1     8
 -2.2056202059824889E-02 a       429     0    22     1     9
  5.2617007610613858E-02 a       430     0    22     1    10
 -1.4086777391570321E-01 a       431     0    22     1    11
  2.2967779695881471E-01 a       432     0    22     1    12
  3.0480125715450790E-01 a       433     0    22     1    13
  1.5282006443969123E-03 a       434     0    22     1    14
  1.6124776546360917E-01 a       435     0    22     1    15
 -9.9559437306093151E-02 a       436     0    22     1    16
 -1.0992279131299774E-01 a       437     0    22     1    17
 -8.2367966830118433E-02 a       438     0    22     1    18
  6.6472787838026334E-02 a       439     0    22     1    19
  2.1824669426453036E-01 a       440     0    22     1    20
  5.7753506638509262E-02 a       441     0    23     1     1
 -1.0357092755514166E-01 a       442     0    23     1     2
  4.2898325100459662E-02 a       443     0    23     1     3
 -2.8411500144286062E-02 a       444     0    23     1     4
  1.7719832742207408E-02 a       445     0    23     1     5
 -1.4354128457789983E-01 a       446     0    23     1     6
 -3.2504277969645553E-03 a       447     0    23     1     7
 -5.7942333051451640E-02 a       448     0    23     1     8
 -8.2774427732370495E-02 a       449     0    23     1     9
  1.6300207808947415E-01 a       450     0    23     1    10
 -2.3942061399059270E-01 a       451     0    23     1    11
 -7.1884543305834700E-02 a       452     0    23     1    12
  1.0143741267920957E-01 a       453     0    23     1    13
 -1.9368034666949013E-01 a       454     0    23     1    14
  1.1501535396282651E-01 a       455     0    23     1    15
  1.1832565257751974E-01 a       456     0    23     1    16
  1.7859576369407618E-01 a       457     0    23     1    17
 -1.4678384795144978E-01 a       458     0    23     1    18
 -4.0134339483749892E-02 a       459     0    23     1    19
  1.0369577945821326E-01 a       460     0    23     1    20
  3.3729716658459463E-03 a       461     0    24     1     1
 -9.5106016223037285E-02 a       462     0    24     1     2
 -1.1414394135326514E-01 a       463     0    24     1     3
  1.3468075840743299E-01 a       464     0    24     1     4
 -5.0251258600254096E-02 a       465     0    24     1     5
  1.0641628188364538E-01 a       466     0    24     1     6
  6.9248799916390089E-02 a       467     0    24     1     7
 -1.0117887425285800E-02 a       468     0    24     1     8
  7.6057563955319651E-02 a       469     0    24     1     9
  4.8719072324553817E-02 a       470     0    24     1    10
 -1.5235313050127400E-01 a       471     0    24     1    11
  1.1191749750260398E-01 a       472     0    24     1    12
 -1.0577178017613587E-01 a       473     0    24     1    13
  5.8590709731882115E-02 a       474     0    24     1    14
 -7.0385907402320202E-02 a       475     0    24     1    15
 -1.9291145061715975E-01 a       476     0    24     1    16
  1.2643092844840842E-01 a       477     0    24     1    17
  6.6218487962424216E-02 a       478     0    24     1    18
 -2.9078478116646277E-02 a       479     0    24     1    19
 -1.2443183862890571E-01 a       480     0    24     1    20
 -1.1791034619905925E-01 a       481     0    25     1     1
  7.6309266371823614E-02 a       482     0    25     1     2
 -2.9534134382118025E-02 a       483     0    25     1     3
 -7.5934464560502507E-03 a       484     0    25     1     4
  1.3109320714122527E-01 a       485     0    25     1     5
  2.6714880619436421E-01 a       486     0    25     1     6
 -3.7564719435592767E-02 a       487     0    25     1     7
 -5.6558575152214047E-02 a       488     0    25     1     8
  6.8777350845612331E-02 a       489     0    25     1     9
 -5.4672601596953238E-02 a       490     0    25     1    10
  1.0676568759471178E-01 a       491     0    25     1    11
 -1.8129230091649226E-01 a       492     0    25     1    12
 -1.2763997634303798E-01 a       493     0    25     1    13
 -7.0757968405240268E-03 a       494     0    25     1    14
 -3.7186473998463795E-02 a       495     0    25     1    15
  1.0642522850091336E-01 a       496     0    25     1    16
  1.3672819688674984E-02 a       497     0    25     1    17
  7.3333652952007906E-03 a       498     0    25     1    18
 -2.3794576779330487E-02 a       499     0    25     1    19
 -2.2273681878170232E-01 a       500     0    25     1    20
  1.9081317096542583E-02 a       501     0    26     1     1
  4.7043025242060797E-02 a       502     0    26     1     2
 -3.8374436783291874E-02 a       503     0    26     1     3
  2.2541818879304482E-02 a       504     0    26     1     4
  2.8618941552886915E-02 a       505     0    26     1     5
  2.0774095359437297E-01 a       506     0    26     1     6
 -1.0503359844853375E-02 a       507     0    26     1     7
  6.7017568331381117E-02 a       508     0    26     1     8
  7.7932333911781282E-02 a       509     0    26     1     9
 -1.0072064725024019E-01 a       510     0    26     1    10
 -6.8946380368065559E-03 a       511     0    26     1    11
 -4.4321719654843432E-02 a       512     0    26     1    12
  2.2983634213860440E-03 a       513     0    26     1    13
  9.9951032351285149E-02 a       514     0    26     1    14
 -5.4452669470919972E-02 a       515     0    26     1    15
 -2.7473518195024124E-02 a       516     0    26     1    16
 -2.3192863625093270E-02 a       517     0    26     1    17
  1.0033740270139879E-01 a       518     0    26     1    18
  3.6335771991893674E-02 a       519     0    26     1    19
 -2.2473368609732117E-01 a       520     0    26     1    20
  1.0252044396552196E-01 a       521     0    27     1     1
  6.1811715254732148E-02 a       522     0    27     1     2
  9.3885918877747068E-02 a       523     0    27     1     3
 -1.6626869879270564E-01 a       524     0    27     1     4
 -1.4240703196693741E-01 a       525     0    27     1     5
 -1.4276088124218606E-01 a       526     0    27     1     6
 -4.7815619434152551E-02 a       527     0    27     1     7
  6.2801418980123966E-02 a       528     0    27     1     8
 -8.9479881648468471E-02 a       529     0    27     1     9
 -6.2161962209251872E-03 a       530     0    27     1    10
  4.3962753730860754E-02 a       531     0    27     1    11
 -6.0417255686205332E-02 a       532     0    27     1    12
  1.0776526678651559E-01 a       533     0    27     1    13
  5.3437890363849917E-02 a       534     0    27     1    14
  9.6457359754088978E-02 a       535     0    27     1    15
  9.0218969892364276E-02 a       536     0    27     1    16
 -1.0031406335403557E-01 a       537     0    27     1    17
  4.9788967977969625E-02 a       538     0    27     1    18
  5.1806698073250265E-02 a       539     0    27     1    19
  1.6527929494839710E-01 a       540     0    27     1    20
  2.3541031171523293E-02 a       541     0    28     1     1
  7.2134521643397939E-02 a       542     0    28     1     2
  1.3108688330138932E-02 a       543     0    28     1     3
  4.5947516142777124E-02 a       544     0    28     1     4
 -2.4398016514523512E-02 a       545     0    28     1     5
  1.2837782546473740E-02 a       546     0    28     1     6
 -3.9225120358928299E-02 a       547     0    28     1     7
  6.5437872997831895E-02 a       548     0    28     1     8
 -3.7406901782373742E-02 a       549     0    28     1     9
  2.3347655087777469E-03 a       550     0    28     1    10
  5.1165639622547492E-02 a       551     0    28     1    11
  1.0675109346999329E-01 a       552     0    28     1    12
 -6.2158839532175152E-02 a       553     0    28     1    13
  9.0949521271723177E-02 a       554     0    28     1    14
  3.7034053770740399E-02 a       555     0    28     1    15
 -1.1780725122357577E-01 a       556     0    28     1    16
 -1.4759175397917707E-02 a       557     0    28     1    17
 -3.7680607547476368E-02 a       558     0    28     1    18
 -3.3118008249095401E-02 a       559     0    28     1    19
  1.9508252992100969E-01 a       560     0    28     1    20
  1.0226825724631466E-02 a       561     0    29     1     1
  1.4049763584737812E-02 a       562     0    29     1     2
  1.6104447867424185E-02 a       563     0    29     1     3
 -5.2271307232491022E-02 a       564     0    29     1     4
 -7.0983200434222224E-02 a       565     0    29     1     5
 -7.3382461062432972E-02 a       566     0    29     1     6
 -1.4738374264978621E-02 a       567     0    29     1     7
 -3.1262538116817409E-02 a       568     0    29     1     8
  1.6707572893794719E-02 a       569     0    29     1     9
  8.9117958232298802E-02 a       570     0    29     1    10
 -5.1337758030240398E-02 a       571     0    29     1    11
  1.0270403599988891E-01 a       572     0    29     1    12
 -1.6057980573348767E-02 a       573     0    29     1    13
  4.3260574370065467E-02 a       574     0    29     1    14
  5.2865473436458164E-02 a       575     0    29     1    15
 -4.6681224647269905E-02 a       576     0    29     1    16
 -8.5597776417542125E-04 a       577     0    29     1    17
 -3.4084810831801864E-02 a       578     0    29     1    18
  9.3222062550142107E-03 a       579     0    29     1    19
  1.6225043678544623E-01 a       580     0    29     1    20
 -8.4824922043631276E-02 a       581     0    30     1     1
 -1.1436275818835970E-01 a       582     0    30     1     2
  1.8394389157956345E-03 a       583     0    30     1     3
  7.2080618006929636E-02 a       584     0    30     1     4
  5.9450318486927549E-02 a       585     0    30     1     5
 -1.4296306522495372E-02 a       586     0    30     1     6
  5.3807984204094647E-02 a       587     0    30     1     7
 -2.3906999656247662E-02 a       588     0    30     1     8
  3.0055109218335582E-02 a       589     0    30     1     9
  2.2794002875909204E-02 a       590     0    30     1    10
  5.0844670854717666E-02 a       591     0    30     1    11
 -3.9358103036413697E-02 a       592     0    30     1    12
 -5.2911105247386063E-02 a       593     0    30     1    13
 -4.5361457547439657E-02 a       594     0    30     1    14
 -9.0813466713767402E-02 a       595     0    30     1    15
  4.2792289027640748E-03 a       596     0    30     1    16
  1.0343214036175270E-01 a       597     0    30     1    17
  1.3917036049632828E-01 a       598     0    30     1    18
 -4.2508193345279659E-02 a       599     0    30     1    19
 -1.4255811390203704E-01 a       600     0    30     1    20
 -2.8395047102789073E-01 a       601     0    31     1     1
  1.9886731136857252E-01 a       602     0    31     1     2
 -5.3210509925021819E-02 a       603     0    31     1     3
 -3.4486769869569223E-01 a       604     0    31     1     4
 -2.4131721721932411E-01 a       605     0    31     1     5
 -1.1528535338038269E-01 a       606     0    31     1     6
 -3.1994753855659053E-01 a       607     0    31     1     7
  7.1599802667196094E-02 a       608     0    31     1     8
  8.2719199945159722E-02 a       609     0    31     1     9
  5.4594580902181278E-02 a       610     0    31     1    10
 -1.3961054647068219E-02 a       611     0    31     1    11
  4.9406859386504204E-01 a       612     0    31     1    12
  2.6426310838699052E-01 a       613     0    31     1    13
 -2.8162197399122407E-01 a       614     0    31     1    14
  2.7891882610813562E-01 a       615     0    31     1    15
 -2.3705495709767957E-01 a       616     0    31     1    16
  6.9641049018488208E-02 a       617     0    31     1    17
  2.5509939680061750E-01 a       618     0    31     1    18
  2.7317066266547746E-01 a       619     0    31     1    19
 -1.3697430881067554E-01 a       620     0    31     1    20
  2.6771685994787092E-01 a       621     0    32     1     1
  3.7280429120769822E-02 a       622     0    32     1     2
  4.0948654262460492E-02 a       623     0    32     1     3
  1.0510692060386813E-01 a       624     0    32     1     4
  1.2576019701865346E-01 a       625     0    32     1     5
 -1.3754022141727074E-01 a       626     0    32     1     6
  9.0342092550800404E-02 a       627     0    32     1     7
 -4.1218606488254511E-02 a       628     0    32     1     8
  8.6361923586046704E-02 a       629     0    32     1     9
 -3.4009938408956955E-02 a       630     0    32     1    10
  2.6607255987802497E-01 a       631     0    32     1    11
 -7.5257572363717523E-02 a       632     0    32     1    12
 -3.6591923311843438E-01 a       633     0    32     1    13
  1.8046264755832506E-01 a       634     0    32     1    14
 -1.5129361544743847E-01 a       635     0    32     1    15
 -4.1731409392129271E-02 a       636     0    32     1    16
  1.5863551808593174E-01 a       637     0    32     1    17
  1.3628976399219614E-01 a       638     0    32     1    18
  8.9816948536310642E-02 a       639     0    32     1    19
  4.9449680713449774E-02 a       640     0    32     1    20
  9.3078508871148824E-02 a       641     0    33     1     1
 -6.1522701920243661E-01 a       642     0    33     1     2
  2.4278852130912768E-01 a       643     0    33     1     3
  5.8474880813588215E-01 a       644     0    33     1     4
  9.1339224745637049E-02 a       645     0    33     1     5
  4.6424890345074155E-01 a       646     0    33     1     6
  5.1288319163862350E-01 a       647     0    33     1     7
  8.5869691285076974E-02 a       648     0    33     1     8
 -3.0953599971940682E-01 a       649     0    33     1     9
 -4.3268204941432253E-01 a       650     0    33     1    10
  2.3600367871229402E-01 a       651     0    33     1    11
 -4.2480398983035600E-01 a       652     0    33     1    12
 -2.8426953993442294E-01 a       653     0    33     1    13
  1.1713036017028486E-01 a       654     0    33     1    14
 -3.1851398717160134E-01 a       655     0    33     1    15
  1.6683394998238452E-01 a       656     0    33     1    16
 -9.3984889159823684E-02 a       657     0    33     1    17
 -2.3365159695230950E-01 a       658     0    33     1    18
 -1.7316169636372580E-01 a       659     0    33     1    19
 -3.5903730101789172E-01 a       660     0    33     1    20
  6.0394366333836845E-02 a       661     0    34     1     1
 -2.5234293280107739E-01 a       662     0    34     1     2
 -1.6775865384891592E-02 a       663     0    34     1     3
 -1.0838668969225657E-01 a       664     0    34     1     4
 -1.2896367332381226E-01 a       665     0    34     1     5
 -2.3079189029011071E-01 a       666     0    34     1     6
  1.2719736201364107E-01 a       667     0    34     1     7
  1.3416095721163679E-01 a       668     0    34     1     8
 -7.7555851340488591E-02 a       669     0    34     1     9
 -1.3530390417860918E-02 a       670     0    34     1    10
  1.2984135822095871E-01 a       671     0    34     1    11
  3.0981850288986881E-02 a       672     0    34     1    12
  2.6206562091526914E-01 a       673     0    34     1    13
 -1.7812334265498202E-02 a       674     0    34     1    14
  1.0568592205955057E-01 a       675     0    34     1    15
 -2.2047027457671406E-01 a       676     0    34     1    16
  3.3993342787833108E-01 a       677     0    34     1    17
  1.9395087489775248E-01 a       678     0    34     1    18
  1.0856568945956295E-01 a       679     0    34     1    19
  9.8797003788296575E-02 a       680     0    34     1    20
  1.8540747099334440E-01 a       681     0    35     1     1
 -2.2805189710568047E-01 a       682     0    35     1     2
  2.2436985552859545E-01 a       683     0    35     1     3
 -2.4934715445877720E-01 a       684     0    35     1     4
 -1.7528685790826495E-01 a       685     0    35     1     5
 -8.5376950654746153E-02 a       686     0    35     1     6
  1.3525099292482860E-02 a       687     0    35     1     7
  4.5979137251033093E-02 a       688     0    35     1     8
  8.8677560027731438E-03 a       689     0    35     1     9
 -2.9689572338870185E-01 a       690     0    35     1    10
 -3.6524185030205819E-01 a       691     0    35     1    11
 -1.1357850234454661E-01 a       692     0    35     1    12
  5.3742112087018956E-02 a       693     0    35     1    13
  2.4162175990761762E-02 a       694     0    35     1    14
 -1.8007356795107776E-01 a       695     0    35     1    15
  1.4220002172842164E-01 a       696     0    35     1    16
  1.7482371913162842E-01 a       697     0    35     1    17
  2.1966242180882470E-01 a       698     0    35     1    18
  1.1084728902096773E-01 a       699     0    35     1    19
 -1.6514713470076758E-01 a       700     0    35     1    20
  1.7965017329011912E-01 a       701     0    36     1     1
  4.7117702366553194E-01 a       702     0    36     1     2
 -3.2195304545930165E-01 a       703     0    36     1     3
 -4.8896807395897149E-02 a       704     0    36     1     4
  3.1215183647869460E-01 a       705     0    36     1     5
  1.0056826030922571E-01 a       706     0    36     1     6
 -4.2748611155289568E-01 a       707     0    36     1     7
  1.0251218252539496E-01 a       708     0    36     1     8
 -7.8204867790151400E-02 a       709     0    36     1     9
  2.1749278091888549E-01 a       710     0    36     1    10
  3.2340079126195542E-01 a       711     0    36     1    11
  4.4924614004991079E-02 a       712     0    36     1    12
  8.4615292926155314E-03 a       713     0    36     1    13
 -1.4658452229633709E-01 a       714     0    36     1    14
  1.1087393136203645E-01 a       715     0    36     1    15
 -2.9198212332606815E-01 a       716     0    36     1    16
  2.2164039360528770E-01 a       717     0    36     1    17
  1.6459768952527884E-01 a       718     0    36     1    18
 -2.9427112421417623E-01 a       719     0    36     1    19
  2.0604077316403011E-01 a       720     0    36     1    20
  7.5729704460328895E-02 a       721     0    37     1     1
  2.7973512002932704E-01 a       722     0    37     1     2
 -2.1154338725956509E-01 a       723     0    37     1     3
  3.1813466375384902E-02 a       724     0    37     1     4
 -2.5835018181935093E-01 a       725     0    37     1     5
  1.1027243351987117E-02 a       726     0    37     1     6
  3.4567110765301762E-01 a       727     0    37     1     7
 -1.3868948321494839E-01 a       728     0    37     1     8
  1.5309085886038068E-01 a       729     0    37     1     9
 -2.4114012891607688E-02 a       730     0    37     1    10
 -2.0037429831608511E-01 a       731     0    37     1    11
 -1.2145159790030120E-01 a       732     0    37     1    12
 -1.2900250859106510E-01 a       733     0    37     1    13
  3.5340209986689786E-01 a       734     0    37     1    14
 -2.3549200897611322E-01 a       735     0    37     1    15
 -8.7458686216286871E-02 a       736     0    37     1    16
  1.5734033906719463E-01 a       737     0    37     1    17
 -1.9270670366186873E-01 a       738     0    37     1    18
  2.1281689079469676E-01 a       739     0    37     1    19
  2.4706603708209837E-01 a       740     0    37     1    20
 -2.3326289999096175E-01 a       741     0    38     1     1
  2.2013907899656338E-02 a       742     0    38     1     2
 -5.4286109755360759E-02 a       743     0    38     1     3
  1.0418121755343900E-01 a       744     0    38     1     4
 -6.3221344153792172E-02 a       745     0    38     1     5
  1.0374477428056228E-01 a       746     0    38     1     6
 -9.6243188748942055E-02 a       747     0    38     1     7
  2.3218040982981691E-01 a       748     0    38     1     8
  3.8055544301712894E-02 a       749     0    38     1     9
  1.7706263632800437E-01 a       750     0    38     1    10
  4.5493340559915149E-02 a       751     0    38     1    11
  1.4137852562905573E-01 a       752     0    38     1    12
  7.5230458757510096E-02 a       753     0    38     1    13
 -1.3156464953163324E-02 a       754     0    38     1    14
 -4.6824121421485058E-02 a       755     0    38     1    15
  1.4622511899326268E-01 a       756     0    38     1    16
 -2.8471223149294594E-02 a       757     0    38     1    17
  1.1925855179146909E-01 a       758     0    38     1    18
 -2.3854784102435803E-01 a       759     0    38     1    19
 -1.4630574687926329E-01 a       760     0    38     1    20
 -2.2642210325974096E-01 a       761     0    39     1     1
 -5.0867602268582543E-02 a       762     0    39     1     2
  2.2408442589119268E-01 a       763     0    39     1     3
 -5.9162127697830813E-01 a       764     0    39     1     4
  1.7077169938934425E-01 a       765     0    39     1     5
 -1.7800029891011296E-01 a       766     0    39     1     6
 -4.2563973005066158E-01 a       767     0    39     1     7
 -1.5317531115784253E-02 a       768     0    39     1     8
  7.2451085747183161E-02 a       769     0    39     1     9
  3.5496758687430302E-01 a       770     0    39     1    10
  2.2943494863522296E-01 a       771     0    39     1    11
  5.5090897972879853E-02 a       772     0    39     1    12
 -2.2587491388406961E-02 a       773     0    39     1    13
 -1.7844204065514058E-01 a       774     0    39     1    14
  5.2338200338571381E-02 a       775     0    39     1    15
 -7.1902087335228515E-02 a       776     0    39     1    16
 -2.9151384224006421E-01 a       777     0    39     1    17
  4.8385081614010179E-02 a       778     0    39     1    18
  2.6299279935193879E-02 a       779     0    39     1    19
 -7.5677379653057486E-02 a       780     0    39     1    20
 -1.9567606366240806E-01 a       781     0    40     1     1
 -1.8762433511511337E-01 a       782     0    40     1     2
  2.7066323471806475E-01 a       783     0    40     1     3
  2.0367375217521802E-01 a       784     0    40     1     4
 -5.2498103818889238E-02 a       785     0    40     1     5
 -3.2584602425007367E-02 a       786     0    40     1     6
  1.2994299054678934E-01 a       787     0    40     1     7
  4.3055699646378627E-02 a       788     0    40     1     8
  2.0820012289391046E-01 a       789     0    40     1     9
  9.3875992509742892E-02 a       790     0    40     1    10
 -1.7565308850868728E-02 a       791     0    40     1    11
  7.4646658912120828E-02 a       792     0    40     1    12
  2.3197039172798303E-01 a       793     0    40     1    13
 -1.0859556551947663E-01 a       794     0    40     1    14
 -3.3492166067542473E-01 a       795     0    40     1    15
 -1.7746889233874508E-01 a       796     0    40     1    16
 -9.9651274099640086E-02 a       797     0    40     1    17
 -1.4493362908043705E-01 a       798     0    40     1    18
 -1.1098733445801123E-01 a       799     0    40     1    19
 -5.3150010577912993E-02 a       800     0    40     1    20
  7.8890092686819638E-02 a       801     0    41     1     1
  5.4011038398117384E-02 a       802     0    41     1     2
 -1.1579817290460451E-01 a       803     0    41     1     3
  6.5519864251240720E-02 a       804     0    41     1     4
  6.2280258777467519E-02 a       805     0    41     1     5
 -3.0106595555415988E-01 a       806     0    41     1     6
 -3.3841730358194759E-02 a       807     0    41     1     7
 -8.5676581455710263E-02 a       808     0    41     1     8
 -2.1770948453642308E-01 a       809     0    41     1     9
 -1.2276903500814890E-01 a       810     0    41     1    10
 -9.9587239182160586E-02 a       811     0    41     1    11
 -1.8553468433650863E-01 a       812     0    41     1    12
  9.5370999151364599E-02 a       813     0    41     1    13
 -1.6063260037532315E-01 a       814     0    41     1    14
  1.3274497969302579E-01 a       815     0    41     1    15
  4.6719919758714756E-02 a       816     0    41     1    16
 -2.8400434803478047E-02 a       817     0    41     1    17
 -4.9531045305702570E-02 a       818     0    41     1    18
 -6.9812327044462760E-02 a       819     0    41     1    19
 -8.3617535654655004E-02 a       820     0    41     1    20
 -2.5040887817207438E-02 a       821     0    42     1     1
 -1.2595355925403495E-01 a       822     0    42     1     2
  1.8670436892144572E-02 a       823     0    42     1     3
  1.6006932036459010E-01 a       824     0    42     1     4
 -6.9072423541262848E-02 a       825     0    42     1     5
  1.5675453393564520E-01 a       826     0    42     1     6
  1.5726510967066401E-01 a       827     0    42     1     7
 -1.5073343027612218E-02 a       828     0    42     1     8
  1.1876355122627445E-01 a       829     0    42     1     9
 -9.7591557146495159E-02 a       830     0    42     1    10
  1.2247309794791257E-01 a       831     0    42     1    11
  2.3382962287162820E-01 a       832     0    42     1    12
  9.7148372127955865E-02 a       833     0    42     1    13
 -6.4532285005089885E-03 a       834     0    42     1    14
 -9.6340617037277629E-02 a       835     0    42     1    15
  8.4575574074705812E-02 a       836     0    42     1    16
 -3.2479795345941115E-02 a       837     0    42     1    17
 -1.4516933467216281E-01 a       838     0    42     1    18
 -8.5739186414630103E-02 a       839     0    42     1    19
  8.0220995656945321E-02 a       840     0    42     1    20
 -1.7603985573500050E-01 a       841     0    43     1     1
 -2.3570833701429896E-02 a       842     0    43     1     2
  5.2116796773299119E-02 a       843     0    43     1     3
 -9.3009991844147173E-04 a       844     0    43     1     4
 -4.2436762139504113E-03 a       845     0    43     1     5
 -1.4787024211801170E-02 a       846     0    43     1     6
 -7.8385950251586803E-02 a       847     0    43     1     7
  6.3540696477247582E-02 a       848     0    43     1     8
 -8.6064236837863434E-02 a       849     0    43     1     9
  4.7472618853404381E-03 a       850     0    43     1    10
  9.5040310227970035E-02 a       851     0    43     1    11
 -7.9582598499809767E-02 a       852     0    43     1    12
 -1.1371373113120578E-02 a       853     0    43     1    13
  1.4844536350799822E-01 a       854     0    43     1    14
  3.5006305906012732E-02 a       855     0    43     1    15
  4.4054545769150723E-02 a       856     0    43     1    16
 -4.7788633369689193E-02 a       857     0    43     1    17
  2.2198560591695118E-01 a       858     0    43     1    18
 -3.3363300149169592E-02 a       859     0    43     1    19
 -6.4519206578145166E-02 a       860     0    43     1    20
 -8.0635387972206561E-03 a       861     0    44     1     1
 -5.5034500943578799E-02 a       862     0    44     1     2
  1.5000156732628913E-02 a       863     0    44     1     3
 -6.4503147855114176E-03 a       864     0    44     1     4
 -2.9158721235700041E-01 a       865     0    44     1     5
 -2.4330829932819525E-01 a       866     0    44     1     6
  8.1372005454958818E-02 a       867     0    44     1     7
  9.0520316355059638E-02 a       868     0    44     1     8
  2.0933499176558742E-01 a       869     0    44     1     9
  3.3200522581899650E-01 a       870     0    44     1    10
  1.9065340586652241E-01 a       871     0    44     1    11
  3.4023786126889810E-01 a       872     0    44     1    12
 -7.0189543918286024E-02 a       873     0    44     1    13
  5.7669295052030931E-02 a       874     0    44     1    14
 -4.3641450311423816E-02 a       875     0    44     1    15
  1.4750572514700369E-01 a       876     0    44     1    16
  1.5037882158066582E-01 a       877     0    44     1    17
 -1.9559029338749689E-01 a       878     0    44     1    18
  7.5932861903433166E-02 a       879     0    44     1    19
  1.5973650878616977E-01 a       880     0    44     1    20
  1.3888462749476879E-01 a       881     0    45     1     1
  7.3968060182692169E-02 a       882     0    45     1     2
 -2.8367851959867157E-02 a       883     0    45     1     3
  7.2541495751841430E-03 a       884     0    45     1     4
 -8.3161853468274996E-02 a       885     0    45     1     5
 -3.7122611888792406E-01 a       886     0    45     1     6
 -5.3537533772728053E-02 a       887     0    45     1     7
  2.0655804292514623E-02 a       888     0    45     1     8
 -6.6062176773624956E-02 a       889     0    45     1     9
 -3.6437928128064172E-02 a       890     0    45     1    10
 -2.2313070066987692E-01 a       891     0    45     1    11
 -1.3128558277703026E-01 a       892     0    45     1    12
 -1.0041323125932315E-01 a       893     0    45     1    13
 -9.1408542828117625E-02 a       894     0    45     1    14
 -7.9998510723525526E-02 a       895     0    45     1    15
  2.8184482453183568E-01 a       896     0    45     1    16
 -1.2257407679021831E-02 a       897     0    45     1    17
 -8.8063522736722646E-02 a       898     0    45     1    18
 -7.5245960150294470E-04 a       899     0    45     1    19
 -1.3240842831912125E-01 a       900     0    45     1    20
 -5.2815500637457588E-02 a       901     0    46     1     1
  2.5492216763045306E-01 a       902     0    46     1     2
 -5.2826730197258108E-02 a       903     0    46     1     3
  1.0340725713950710E-01 a       904     0    46     1     4
 -2.0984365473339672E-01 a       905     0    46     1     5
  1.9587104761935017E-01 a       906     0    46     1     6
  9.3624081990333896E-03 a       907     0    46     1     7
 -1.1729489685214617E-02 a       908     0    46     1     8
  4.1491348370616833E-02 a       909     0    46     1     9
 -2.2446389584377882E-01 a       910     0    46     1    10
  1.2424268534790754E-01 a       911     0    46     1    11
  5.8570318826532665E-02 a       912     0    46     1    12
 -2.8031566077839332E-01 a       913     0    46     1    13
 -1.6163195195082469E-03 a       914     0    46     1    14
 -9.3197595804649258E-02 a       915     0    46     1    15
  1.4709619364349474E-01 a       916     0    46     1    16
 -1.3495783229896269E-01 a       917     0    46     1    17
  1.1419746472211460E-01 a       918     0    46     1    18
  1.6540961057120332E-01 a       919     0    46     1    19
 -2.0200859744503177E-01 a       920     0    46     1    20
  1.3271752593131897E-01 a       921     0    47     1     1
 -2.1274997195120018E-02 a       922     0    47     1     2
 -7.4242274188975915E-02 a       923     0    47     1     3
 -2.1473410192630091E-02 a       924     0    47     1     4
 -3.9887429773689240E-02 a       925     0    47     1     5
 -1.2260381771982724E-01 a       926     0    47     1     6
  1.7948049600083618E-01 a       927     0    47     1     7
 -2.3252605360552996E-02 a       928     0    47     1     8
 -2.0432847389568572E-02 a       929     0    47     1     9
  2.7230510491953203E-01 a       930     0    47     1    10
 -5.3741437211885790E-02 a       931     0    47     1    11
  4.6939766271453229E-02 a       932     0    47     1    12
  3.7800084976031247E-02 a       933     0    47     1    13
  1.5560643358799819E-01 a       934     0    47     1    14
  3.0477239411570770E-02 a       935     0    47     1    15
  1.2731496000108772E-01 a       936     0    47     1    16
  5.3653822511049191E-03 a       937     0    47     1    17
 -1.6690720192269892E-01 a       938     0    47     1    18
 -1.3371849876786393E-01 a       939     0    47     1    19
  8.2239057377905919E-02 a       940     0    47     1    20
 -1.7199844956089216E-01 a       941     0    48     1     1
 -8.9235419788771614E-02 a       942     0    48     1     2
  4.4194595171076441E-02 a       943     0    48     1     3
  9.6875275765506991E-03 a       944     0    48     1     4
 -8.2367574439636236E-03 a       945     0    48     1     5
  8.1804266620438520E-02 a       946     0    48     1     6
  1.0377158125803435E-01 a       947     0    48     1     7
 -2.4543389457754713E-01 a       948     0    48     1     8
 -3.1883963240898860E-01 a       949     0    48     1     9
  5.9732107613737158E-02 a       950     0    48     1    10
  1.7719113552598359E-01 a       951     0    48     1    11
  1.3448512967445508E-01 a       952     0    48     1    12
 -4.5539881237639378E-02 a       953     0    48     1    13
 -8.6123364644751219E-02 a       954     0    48     1    14
 -5.7565652624347194E-02 a       955     0    48     1    15
  1.3037325895462015E-01 a       956     0    48     1    16
 -4.6213418388077701E-02 a       957     0    48     1    17
 -5.7682815985769353E-02 a       958     0    48     1    18
  1.2508528293530696E-01 a       959     0    48     1    19
 -1.2794864475282142E-01 a       960     0    48     1    20
  3.8760023250205811E-01 a       961     0    49     1     1
 -1.8873164173701876E-01 a       962     0    49     1     2
  1.0096028605425958E-01 a       963     0    49     1     3
  2.3978783070022228E-02 a       964     0    49     1     4
  1.5001354255577154E-01 a       965     0    49     1     5
 -1.4495458434002445E-01 a       966     0    49     1     6
  1.7275338533456108E-01 a       967     0    49     1     7
 -7.2990207115003957E-03 a       968     0    49     1     8
  9.7797531271034896E-02 a       969     0    49     1     9
 -1.3589981135026449E-01 a       970     0    49     1    10
  2.3460510895038070E-01 a       971     0    49     1    11
  7.4470859712214885E-02 a       972     0    49     1    12
 -1.8331701952742874E-01 a       973     0    49     1    13
  2.5765249021392578E-01 a       974     0    49     1    14
 -1.1638696251203312E-01 a       975     0    49     1    15
  3.0005862289306251E-01 a       976     0    49     1    16
 -1.9963188594571191E-01 a       977     0    49     1    17
  1.4523965427199631E-01 a       978     0    49     1    18
 -4.5884119643095120E-02 a       979     0    49     1    19
 -2.5494008436148269E-01 a       980     0    49     1    20
  1.5843224458329436E-01 a       981     0    50     1     1
 -6.7849141926212608E-02 a       982     0    50     1     2
  5.1162554149150136E-02 a       983     0    50     1     3
 -2.3196212820398332E-01 a       984     0    50     1     4
 -8.9857943487485686E-02 a       985     0    50     1     5
 -7.7033390462629123E-02 a       986     0    50     1     6
  1.2523087634441402E-01 a       987     0    50     1     7
 -1.5867324321285503E-01 a       988     0    50     1     8
  1.8727518489534262E-01 a       989     0    50     1     9
  1.1660179458108905E-01 a       990     0    50     1    10
 -1.7436251812040834E-01 a       991     0    50     1    11
  7.3014041099954533E-02 a       992     0    50     1    12
  6.4203021515604114E-02 a       993     0    50     1    13
  9.2099493845478234E-02 a       994     0    50     1    14
  7.3181889293235852E-02 a       995     0    50     1    15
 -5.8286850967955779E-02 a       996     0    50     1    16
 -3.7230797183798381E-03 a       997     0    50     1    17
 -8.9958855068271337E-02 a       998     0    50     1    18
  1.9988337922472535E-01 a       999     0    50     1    19
  2.1606259740870806E-01 a      1000     0    50     1    20
 -3.6643270819777385E-01 a      1001     0    51     1     1
  2.2339618730456226E-01 a      1002     0    51     1     2
 -3.2679955779723602E-01 a      1003     0    51     1     3
  3.7258384270811262E-01 a      1004     0    51     1     4
  9.3243731803163268E-02 a      1005     0    51     1     5
 -1.7826189255586469E-01 a      1006     0    51     1     6
 -2.9230991161948222E-01 a      1007     0    51     1     7
 -1.3416558152060630E-02 a      1008     0    51     1     8
  6.3079708579011140E-01 a      1009     0    51     1     9
  3.8520078392712548E-01 a      1010     0    51     1    10
  1.1293838285351457E-01 a      1011     0    51     1    11
  5.3455834767293500E-02 a      1012     0    51     1    12
  3.3749069307644508E-01 a      1013     0    51     1    13
 -2.5101564529494602E-01 a      1014     0    51     1    14
  3.9383749046518129E-01 a      1015     0    51     1    15
  8.4244432999339511E-03 a      1016     0    51     1    16
  9.6209623497470517E-02 a      1017     0    51     1    17
  1.0575119137396781E-01 a      1018     0    51     1    18
 -1.7904080052152810E-01 a      1019     0    51     1    19
  2.4222077493394731E-01 a      1020     0    51     1    20
  2.1407535202655040E-01 a      1021     0    52     1     1
  2.4249402616376858E-01 a      1022     0    52     1     2
 -2.5344157266780976E-01 a      1023     0    52     1     3
 -3.3268424684877346E-01 a      1024     0    52     1     4
 -5.4175814501224037E-02 a      1025     0    52     1     5
  1.7172577096100675E-01 a      1026     0    52     1     6
 -8.8953185098774881E-02 a      1027     0    52     1     7
 -8.9167315298273986E-02 a      1028     0    52     1     8
  2.1202862046399564E-02 a      1029     0    52     1     9
  1.1978381270850073E-01 a      1030     0    52     1    10
  1.9630424519500997E-01 a      1031     0    52     1    11
  1.3962794341799065E-01 a      1032     0    52     1    12
  1.1863858150150797E-01 a      1033     0    52     1    13
 -2.6057097061241537E-02 a      1034     0    52     1    14
  3.6516386908205239E-01 a      1035     0    52     1    15
  1.7897079918214182E-01 a      1036     0    52     1    16
 -2.4474406187193223E-01 a      1037     0    52     1    17
  2.5859719940160529E-03 a      1038     0    52     1    18
  8.6717755200242969E-02 a      1039     0    52     1    19
  1.6318208681592716E-01 a      1040     0    52     1    20
  3.5288098568255857E-03 a      1041     0    53     1     1
 -8.9591287794298952E-02 a      1042     0    53     1     2
  9.7798872105298820E-02 a      1043     0    53     1     3
 -9.7413023087824638E-02 a      1044     0    53     1     4
 -3.5818038973308708E-02 a      1045     0    53     1     5
  1.2839138805150946E-01 a      1046     0    53     1     6
 -1.0173270177848161E-02 a      1047     0    53     1     7
  6.7021123125217061E-02 a      1048     0    53     1     8
 -3.4516274654422002E-02 a      1049     0    53     1     9
  2.7456052265025815E-02 a      1050     0    53     1    10
 -2.4456330640376786E-01 a      1051     0    53     1    11
  2.5169158263886108E-02 a      1052     0    53     1    12
  1.0466470708392611E-01 a      1053     0    53     1    13
  1.5901069755640509E-02 a      1054     0    53     1    14
  4.8605761076730904E-02 a      1055     0    53     1    15
 -2.2782362667980331E-02 a      1056     0    53     1    16
 -3.0950936126535367E-02 a      1057     0    53     1    17
  2.5041041700879695E-02 a      1058     0    53     1    18
  1.1580480518853518E-02 a      1059     0    53     1    19
  5.1231713543343153E-02 a      1060     0    53     1    20
  1.0305202845680968E-01 a      1061     0    54     1     1
 -1.1909033952926491E-01 a      1062     0    54     1     2
  7.2244380674673522E-02 a      1063     0    54     1     3
 -2.0390701762549435E-01 a      1064     0    54     1     4
 -6.1224680332415377E-02 a      1065     0    54     1     5
 -3.3246219933961776E-02 a      1066     0    54     1     6
  1.4922711870460517E-01 a      1067     0    54     1     7
 -4.8815188632840220E-02 a      1068     0    54     1     8
 -2.4645703690999432E-01 a      1069     0    54     1     9
 -2.2028357806918678E-01 a      1070     0    54     1    10
 -6.7687821708585144E-02 a      1071     0    54     1    11
 -1.4250538604010179E-01 a      1072     0    54     1    12
  7.5944257886552055E-02 a      1073     0    54     1    13
 -3.2967458903235922E-02 a      1074     0    54     1    14
 -2.2764945139764181E-02 a      1075     0    54     1    15
 -2.0130121598992703E-01 a      1076     0    54     1    16
 -2.2371418202319772E-03 a      1077     0    54     1    17
 -1.1637994630783052E-01 a      1078     0    54     1    18
  1.2616214527634920E-01 a      1079     0    54     1    19
 -1.8806132872408548E-02 a      1080     0    54     1    20
 -7.9473842440075371E-01 b      1081     1     1
 -1.7933736186524452E-01 b      1082     1     2
 -7.8744295992868218E-01 b      1083     1     3
 -1.4108000705409587E-01 b      1084     1     4
 -4.0978237831498676E-01 b      1085     1     5
  1.2890144889115649E+00 b      1086     1     6
 -6.4487366097941790E-01 b      1087     1     7
 -9.6691161300022621E-01 b      1088     1     8
  6.3281309563471078E-01 b      1089     1     9
 -1.5234989902885265E+00 b      1090     1    10
 -1.2460221455524831E+00 b      1091     1    11
 -7.6578514748248339E-01 b      1092     1    12
  5.9579385940112722E-02 b      1093     1    13
  9.6300001552398662E-01 b      1094     1    14
 -4.6651637359807435E-01 b      1095     1    15
 -1.2751522640104014E+00 b      1096     1    16
 -1.3782192597074436E+00 b      1097     1    17
  1.0515641238092485E-01 b      1098     1    18
  1.3602696913468306E+00 b      1099     1    19
 -6.3887230834517894E-01 b      1100     1    20
 -4.2648886382998033E-02 a      1101     1     1     2     1
 -3.8736508696804989E-01 a      1102     1     1     2     2
 -5.2536728850000025E-01 a      1103     1     1     2     3
  4.2395658318827706E-01 a      1104     1     1     2     4
  7.2423109350098314E-01 a      1105     1     1     2     5
 -1.4280847687919326E-01 a      1106     1     1     2     6
  5.1734621999222841E-01 a      1107     1     1     2     7
 -4.2598075356904991E-01 a      1108     1     1     2     8
 -8.3135905271187069E-02 a      1109     1     1     2     9
 -1.4587649025915062E-01 a      1110     1     1     2    10
 -5.6866015342218534E-01 a      1111     1     1     2    11
  2.0646780601434656E-01 a      1112     1     1     2    12
 -1.3088190087774271E-01 a      1113     1     1     2    13
  2.9289805522337431E-01 a      1114     1     1     2    14
  2.5720024148946463E-01 a      1115     1     1     2    15
 -1.5750422445994514E-01 a      1116     1     1     2    16
 -2.8694014290438286E-01 a      1117     1     1     2    17
  6.2249526339364349E-02 a      1118     1     1     2    18
  2.4163349703560721E-01 a      1119     1     1     2    19
 -3.8187990458983601E-01 a      1120     1     1     2    20
  2.1536138835863022E-01 a      1121     1     2     2     1
  5.3200637354018432E-01 a      1122     1     2     2     2
  5.5166257434165078E-01 a      1123     1     2     2     3
 -3.2108948350064553E-01 a      1124     1     2     2     4
  3.3668253336764314E-01 a      1125     1     2     2     5
  9.5216227062209571E-02 a      1126     1     2     2     6
  4.0405608874444432E-01 a      1127     1     2     2     7
 -3.9632349195071714E-01 a      1128     1     2     2     8
  8.2808006140348422E-01 a      1129     1     2     2     9
  5.4821161839189492E-01 a      1130     1     2     2    10
  3.1512568463741109E-01 a      1131     1     2     2    11
 -1.0643159531986712E-01 a      1132     1     2     2    12
 -1.6878390632471274E-01 a      1133     1     2     2    13
  4.2963443451748162E-01 a      1134     1     2     2    14
 -3.6408703185603625E-01 a      1135     1     2     2    15
 -4.6868337071875166E-01 a      1136     1     2     2    16
  4.9310556762130524E-02 a      1137     1     2     2    17
 -8.1073349805462880E-02 a      1138     1     2     2    18
  4.4720150474215609E-01 a      1139     1     2     2    19
 -6.6936278088036283E-01 a      1140     1     2     2    20
  1.7777988120142243E-01 a      1141     1     3     2     1
 -4.8281873512522033E-01 a      1142     1     3     2     2
  2.7541201752234312E-01 a      1143     1     3     2     3
  2.4778053588039917E-01 a      1144     1     3     2     4
 -5.9086342524056645E-01 a      1145     1     3     2     5
  4.4522845761030116E-01 a      1146     1     3     2     6
  5.3932982017821840E-01 a      1147     1     3     2     7
  3.0187469190105076E-01 a      1148     1     3     2     8
  3.3847076464925252E-01 a      1149     1     3     2     9
  1.3111030216248357E-01 a      1150     1     3     2    10
 -1.3420003292492405E-01 a      1151     1     3     2    11
  2.9021651424715944E-01 a      1152     1     3     2    12
  4.7434093789359544E-01 a      1153     1     3     2    13
  3.9029811445830748E-01 a      1154     1     3     2    14
 -2.4084854867171046E-02 a      1155     1     3     2    15
 -3.0923315417953046E-01 a      1156     1     3     2    16
 -3.0454839503954101E-01 a      1157     1     3     2    17
 -7.9954258644894360E-02 a      1158     1     3     2    18
  3.5327874339815907E-01 a      1159     1     3     2    19
  3.3912351561472276E-01 a      1160     1     3     2    20
  4.5783224190512822E-01 a      1161     1     4     2     1
  1.4850337385557172E-01 a      1162     1     4     2     2
 -3.2373165648951480E-01 a      1163     1     4     2     3
 -3.0031641249635166E-01 a      1164     1     4     2     4
  5.7967219648676377E-02 a      1165     1     4     2     5
  5.1826697544453204E-01 a      1166     1     4     2     6
  8.8574007157597497E-03 a      1167     1     4     2     7
 -4.3980603082450387E-01 a      1168     1     4     2     8
  7.8088159478598623E-02 a      1169     1     4     2     9
 -3.8166453773535552E-01 a      1170     1     4     2    10
 -4.2873392488707324E-01 a      1171     1     4     2    11
 -6.1441059537933418E-01 a      1172     1     4     2    12
  1.0915815493864116E-01 a      1173     1     4     2    13
  3.0075248709420399E-01 a      1174     1     4     2    14
 -3.7889504933495594E-01 a      1175     1     4     2    15
  4.3341923862602139E-01 a      1176     1     4     2    16
 -6.5470189738930290E-02 a      1177     1     4     2    17
 -4.0972696905637229E-01 a      1178     1     4     2    18
  7.5065908651840185E-01 a      1179     1     4     2    19
 -8.4618645431790129E-01 a      1180     1     4     2    20
 -2.3070868534480626E-01 a      1181     1     5     2     1
  5.5033404230207561E-01 a      1182     1     5     2     2
 -1.7928641901037956E-01 a      1183     1     5     2     3
 -3.1667019085207032E-01 a      1184     1     5     2     4
  1.9680437079799296E-01 a      1185     1     5     2     5
  3.3957449761217617E-01 a      1186     1     5     2     6
  4.6207705856478565E-01 a      1187     1     5     2     7
 -2.3608904379576512E-01 a      1188     1     5     2     8
  4.1065935980423518E-01 a      1189     1     5     2     9
 -2.4471188563294591E-01 a      1190     1     5     2    10
 -1.8597205950057538E-01 a      1191     1     5     2    11
  4.2469051343735947E-01 a      1192     1     5     2    12
 -4.7067715636907087E-01 a      1193     1     5     2    13
 -5.0787780463062415E-01 a      1194     1     5     2    14
 -5.6728247790257613E-01 a      1195     1     5     2    15
 -2.5601330512074894E-01 a      1196     1     5     2    16
  3.9705801910221433E-01 a      1197     1     5     2    17
 -5.1560814678648481E-01 a      1198     1     5     2    18
 -3.2718965637663702E-02 a      1199     1     5     2    19
 -5.5433553327048002E-01 a      1200     1     5     2    20
 -1.6042663577077777E-02 a      1201     1     6     2     1
 -4.2025340723982418E-01 a      1202     1     6     2     2
 -3.3020678062200069E-02 a      1203     1     6     2     3
  3.2389195625314349E-01 a      1204     1     6     2     4
 -2.5395589129431478E-01 a      1205     1     6     2     5
 -3.9025892529221207E-01 a      1206     1     6     2     6
 -1.3603412166903550E-01 a      1207     1     6     2     7
  2.8739257937261942E-01 a      1208     1     6     2     8
 -6.4966392136839424E-01 a      1209     1     6     2     9
 -5.3975244038694326E-01 a      1210     1     6     2    10
  3.1428604509202684E-01 a      1211     1     6     2    11
 -4.7479806536178937E-01 a      1212     1     6     2    12
  1.8682576620794031E-01 a      1213     1     6     2    13
 -5.1227881646972495E-01 a      1214     1     6     2    14
 -2.0723395421873805E-01 a      1215     1     6     2    15
  5.5371809924001836E-01 a      1216     1     6     2    16
  2.0934409637369961E-01 a      1217     1     6     2    17
  1.6732512220153350E-01 a      1218     1     6     2    18
  8.3225324803059206E-02 a      1219     1     6     2    19
  4.9872567602565887E-01 a      1220     1     6     2    20
  5.1006851414764653E-01 a      1221     1     7     2     1
  5.3151378198954169E-01 a      1222     1     7     2     2
 -1.5421511595984790E-02 a      1223     1     7     2     3
  6.3400815924745918E-02 a      1224     1     7     2     4
 -6.3084457728879251E-01 a      1225     1     7     2     5
  4.7482288286821611E-01 a      1226     1     7     2     6
 -5.4300500253226669E-01 a      1227     1     7     2     7
 -2.2963563379771038E-01 a      1228     1     7     2     8
  3.8020917445654845E-01 a      1229     1     7     2     9
  4.6530841256105077E-01 a      1230     1     7     2    10
 -2.2218479187305024E-01 a      1231     1     7     2    11
 -2.6788981179030275E-01 a      1232     1     7     2    12
 -6.2974779723052232E-01 a      1233     1     7     2    13
  1.2413412626329756E-02 a      1234     1     7     2    14
  2.0945339938373714E-01 a      1235     1     7     2    15
 -5.2054155803539237E-01 a      1236     1     7     2    16
  3.1492687353762289E-01 a      1237     1     7     2    17
 -1.7711704318949220E-01 a      1238     1     7     2    18
  3.3222849432823270E-01 a      1239     1     7     2    19
  5.8769605058831449E-02 a      1240     1     7     2    20
 -2.3831205818909959E-01 a      1241     1     8     2     1
  4.3681152244076460E-01 a      1242     1     8     2     2
  2.9713560430557939E-01 a      1243     1     8     2     3
  4.9169424447271337E-01 a      1244     1     8     2     4
 -2.4026087818964925E-01 a      1245     1     8     2     5
 -9.6007925431157631E-02 a      1246     1     8     2     6
 -5.1213275781393064E-01 a      1247     1     8     2     7
 -4.8879687914895076E-01 a      1248     1     8     2     8
  8.1740713861027992E-01 a      1249     1     8     2     9
  4.8295745696961428E-01 a      1250     1     8     2    10
 -7.6283725745588604E-01 a      1251     1     8     2    11
 -2.4506406114961385E-01 a      1252     1     8     2    12
 -5.6159753098633758E-01 a      1253     1     8     2    13
 -1.7198719408268151E-01 a      1254     1     8     2    14
  5.1835570726292290E-01 a      1255     1     8     2    15
 -5.0669130489117820E-01 a      1256     1     8     2    16
  2.8757060789823807E-01 a      1257     1     8     2    17
  4.4366719857290315E-01 a      1258     1     8     2    18
 -3.8002221025472094E-01 a      1259     1     8     2    19
  4.6470557825406278E-01 a      1260     1     8     2    20
 -3.2378668701473873E-01 a      1261     1     9     2     1
  2.4442477060977688E-01 a      1262     1     9     2     2
  2.3637971602801808E-01 a      1263     1     9     2     3
 -3.3155576068837894E-01 a      1264     1     9     2     4
 -5.3026403601661909E-01 a      1265     1     9     2     5
  3.6349043051773405E-01 a      1266     1     9     2     6
 -4.6760888199209460E-01 a      1267     1     9     2     7
  4.3263419045903984E-01 a      1268     1     9     2     8
  2.7532393809883238E-01 a      1269     1     9     2     9
  8.2995158962791943E-02 a      1270     1     9     2    10
 -2.7297735251537214E-01 a      1271     1     9     2    11
 -1.8807220499636862E-01 a      1272     1     9     2    12
 -1.4726670137396040E-02 a      1273     1     9     2    13
 -1.1613206036207609E-01 a      1274     1     9     2    14
 -7.6377178196735770E-02 a      1275     1     9     2    15
  5.2980121188618234E-01 a      1276     1     9     2    16
 -4.7633951322615603E-01 a      1277     1     9     2    17
 -1.9966341953456318E-01 a      1278     1     9     2    18
  4.8627141779831254E-02 a      1279     1     9     2    19
 -7.8067248500195174E-01 a      1280     1     9     2    20
  5.0394025186197777E-01 a      1281     1    10     2     1
 -2.7472778922815594E-01 a      1282     1    10     2     2
  2.4901104915993877E-01 a      1283     1    10     2     3
  2.4962030156123771E-01 a      1284     1    10     2     4
  5.8177622747244173E-01 a      1285     1    10     2     5
 -6.5444274264999658E-01 a      1286     1    10     2     6
 -5.0761599913897337E-01 a      1287     1    10     2     7
  4.0619910970988737E-01 a      1288     1    10     2     8
  1.0274870557878987E-01 a      1289     1    10     2     9
  2.5480995507028370E-01 a      1290     1    10     2    10
  7.1291717174907632E-01 a      1291     1    10     2    11
 -3.8420449892372605E-01 a      1292     1    10     2    12
  3.4901117911034252E-01 a      1293     1    10     2    13
 -2.8721239472239529E-01 a      1294     1    10     2    14
  4.4713756973526242E-01 a      1295     1    10     2    15
  3.2042619579973780E-01 a      1296     1    10     2    16
  6.0252648467841086E-01 a      1297     1    10     2    17
  5.3925760976100523E-01 a      1298     1    10     2    18
 -2.7220155660832374E-01 a      1299     1    10     2    19
  1.4816029685359039E-01 a      1300     1    10     2    20
  8.6570179014130069E-02 a      1301     1    11     2     1
 -7.3062192346864022E-02 a      1302     1    11     2     2
 -1.9308897599864985E-01 a      1303     1    11     2     3
 -7.4259432692355062E-02 a      1304     1    11     2     4
  3.5386804841614461E-01 a      1305     1    11     2     5
  1.6005483407625792E-01 a      1306     1    11     2     6
  3.2901097131481349E-01 a      1307     1    11     2     7
 -1.6543755970618629E-01 a      1308     1    11     2     8
  6.8585447196122071E-02 a      1309     1    11     2     9
 -5.0056985521177422E-01 a      1310     1    11     2    10
 -4.1144822923448392E-02 a      1311     1    11     2    11
 -1.2495438697242549E-01 a      1312     1    11     2    12
  2.3054980848303319E-01 a      1313     1    11     2    13
 -5.3616600599866349E-01 a      1314     1    11     2    14
  5.9096356676977457E-01 a      1315     1    11     2    15
  4.1844822179606211E-01 a      1316     1    11     2    16
 -4.4318779544551143E-02 a      1317     1    11     2    17
 -7.4690490669347165E-01 a      1318     1    11     2    18
 -1.3686927148882014E-01 a      1319     1    11     2    19
  1.5670931068854058E-01 a      1320     1    11     2    20
 -4.1584270609155999E-01 a      1321     1    12     2     1
 -2.8177996949354306E-01 a      1322     1    12     2     2
 -4.3275757345526861E-01 a      1323     1    12     2     3
  6.1926987787213994E-01 a      1324     1    12     2     4
  2.8317026973076409E-01 a      1325     1    12     2     5
 -3.7321075677804127E-01 a      1326     1    12     2     6
  6.5283840977197846E-02 a      1327     1    12     2     7
 -4.9885481247437952E-01 a      1328     1    12     2     8
 -3.7508244963659371E-01 a      1329     1    12     2     9
 -3.5126318233560139E-01 a      1330     1    12     2    10
 -1.4971721642719801E-01 a      1331     1    12     2    11
 -1.3946905259614131E-01 a      1332     1    12     2    12
 -6.8444843921630361E-01 a      1333     1    12     2    13
 -1.1374386552615749E-01 a      1334     1    12     2    14
  4.6397503297920423E-01 a      1335     1    12     2    15
 -2.7205732443333258E-01 a      1336     1    12     2    16
 -1.2450155769002380E-01 a      1337     1    12     2    17
  5.9107406531271012E-01 a      1338     1    12     2    18
  6.5236251034625314E-01 a      1339     1    12     2    19
 -3.0704768447418623E-01 a      1340     1    12     2    20
 -1.1967008440325259E-01 a      1341     1    13     2     1
  2.7545908045889717E-01 a      1342     1    13     2     2
 -1.5008110034412106E-01 a      1343     1    13     2     3
  8.2080547495693643E-02 a      1344     1    13     2     4
  1.0950913655881345E-01 a      1345     1    13     2     5
 -5.6974430233653939E-01 a      1346     1    13     2     6
  4.9885715416818660E-01 a      1347     1    13     2     7
 -7.7485912149631742E-02 a      1348     1    13     2     8
 -1.0210947335980731E-02 a      1349     1    13     2     9
 -2.1579570795438156E-02 a      1350     1    13     2    10
  2.8770590351408815E-01 a      1351     1    13     2    11
  3.9264289730785223E-01 a      1352     1    13     2    12
 -3.7287363183982491E-01 a      1353     1    13     2    13
 -1.5780440241206328E-01 a      1354     1    13     2    14
  3.8814690152977166E-01 a      1355     1    13     2    15
  1.0122443672630185E-01 a      1356     1    13     2    16
  6.5646046142670234E-01 a      1357     1    13     2    17
  2.4889841962603843E-01 a      1358     1    13     2    18
  5.7802644296378591E-01 a      1359     1    13     2    19
 -7.2962956401602108E-01 a      1360     1    13     2    20
 -3.0321420652663678E-01 a      1361     1    14     2     1
 -1.1309699627006119E-01 a      1362     1    14     2     2
 -5.0793500183617524E-01 a      1363     1    14     2     3
  2.4648747099358131E-01 a      1364     1    14     2     4
  3.4716569045126594E-01 a      1365     1    14     2     5
  2.2852679253792543E-02 a      1366     1    14     2     6
  3.9102419521165482E-01 a      1367     1    14     2     7
  4.2483461857849403E-02 a      1368     1    14     2     8
 -6.6632242330265073E-02 a      1369     1    14     2     9
 -2.6540684743477549E-01 a      1370     1    14     2    10
  3.0569713687774502E-01 a      1371     1    14     2    11
  1.9404985193370916E-01 a      1372     1    14     2    12
 -2.0374819586959800E-01 a      1373     1    14     2    13
  9.0193328746648135E-02 a      1374     1    14     2    14
 -8.0429040468593366E-02 a      1375     1    14     2    15
 -3.7831913591659794E-01 a      1376     1    14     2    16
  7.3489833661537718E-01 a      1377     1    14     2    17
 -6.6653902623588313E-01 a      1378     1    14     2    18
  2.2352755299906010E-01 a      1379     1    14     2    19
  3.3543665213492518E-01 a      1380     1    14     2    20
  4.7038773167010284E-01 a      1381     1    15     2     1
 -2.0507917740855200E-01 a      1382     1    15     2     2
 -3.6599078207707786E-01 a      1383     1    15     2     3
  3.8494928017650126E-01 a      1384     1    15     2     4
 -8.0539790440922299E-02 a      1385     1    15     2     5
  4.0365916223983334E-01 a      1386     1    15     2     6
 -6.3608163881740371E-02 a      1387     1    15     2     7
 -4.7162690024996584E-01 a      1388     1    15     2     8
  2.9553094292966670E-01 a      1389     1    15     2     9
  1.8674753489178789E-01 a      1390     1    15     2    10
 -3.6202889556760293E-01 a      1391     1    15     2    11
  6.7280483295268967E-01 a      1392     1    15     2    12
 -5.7807919324473975E-03 a      1393     1    15     2    13
  4.9610047264926743E-01 a      1394     1    15     2    14
  2.8553176560510318E-01 a      1395     1    15     2    15
  2.2883742956519390E-01 a      1396     1    15     2    16
 -4.0278508771383909E-01 a      1397     1    15     2    17
  1.5147689452199581E-02 a      1398     1    15     2    18
  8.3008456581002407E-02 a      1399     1    15     2    19
  3.8210485363088331E-01 a      1400     1    15     2    20
  2.6102621647729307E-01 a      1401     1    16     2     1
  5.6768275613269226E-01 a      1402     1    16     2     2
 -2.1179035810619019E-02 a      1403     1    16     2     3
  1.5652601914921679E-01 a      1404     1    16     2     4
 -2.7269978366043057E-01 a      1405     1    16     2     5
  2.3840068055262373E-01 a      1406     1    16     2     6
  7.8860327058738137E-03 a      1407     1    16     2     7
 -9.3229242883740598E-02 a      1408     1    16     2     8
  1.6714443747651112E-01 a      1409     1    16     2     9
  8.7291157841246941E-02 a      1410     1    16     2    10
 -4.5628439275306037E-01 a      1411     1    16     2    11
 -4.0128371655249390E-01 a      1412     1    16     2    12
  2.6150381946940149E-01 a      1413     1    16     2    13
  5.5529598551304005E-01 a      1414     1    16     2    14
  2.4340717249771651E-01 a      1415     1    16     2    15
  5.2012503926176645E-01 a      1416     1    16     2    16
 -2.1482050235571939E-01 a      1417     1    16     2    17
 -2.2200718064301975E-01 a      1418     1    16     2    18
  2.1481114624305545E-01 a      1419     1    16     2    19
  2.6395150564162025E-02 a      1420     1    16     2    20
 -5.5061311867556362E-01 a      1421     1    17     2     1
 -1.4086443895806863E-01 a      1422     1    17     2     2
 -4.8769166759451932E-01 a      1423     1    17     2     3
  5.7572021600116075E-01 a      1424     1    17     2     4
 -3.9675210114852738E-01 a      1425     1    17     2     5
  2.9879442521276200E-01 a      1426     1    17     2     6
 -3.0029014401077991E-01 a      1427     1    17     2     7
  3.0694753516888557E-01 a      1428     1    17     2     8
  6.1069816728050820E-02 a      1429     1    17     2     9
  5.3069514444860544E-01 a      1430     1    17     2    10
  1.7156158559366283E-01 a      1431     1    17     2    11
 -2.5543547771703295E-01 a      1432     1    17     2    12
 -7.8652971835199814E-01 a      1433     1    17     2    13
  3.5438174842284020E-01 a      1434     1    17     2    14
  6.0064737367487864E-01 a      1435     1    17     2    15
 -1.3380240754566172E-01 a      1436     1    17     2    16
  5.1384677217505885E-02 a      1437     1    17     2    17
 -5.6468202709778412E-02 a      1438     1    17     2    18
  3.9826401899838104E-01 a      1439     1    17     2    19
 -4.2791440543658310E-01 a      1440     1    17     2    20
  5.6234497043080034E-01 a      1441     1    18     2     1
  1.2163955508758269E-01 a      1442     1    18     2     2
  5.1688618381293283E-01 a      1443     1    18     2     3
  4.3789846254409126E-01 a      1444     1    18     2     4
  3.0499294519264308E-01 a      1445     1    18     2     5
  4.9847589034706380E-01 a      1446     1    18     2     6
 -6.1123941009149241E-01 a      1447     1    18     2     7
 -4.9883635958805667E-01 a      1448     1    18     2     8
 -4.1365920547994978E-01 a      1449     1    18     2     9
 -1.6611943281512934E-01 a      1450     1    18     2    10
  1.5274498060799074E-01 a      1451     1    18     2    11
  7.1670879958137923E-01 a      1452     1    18     2    12
  2.1422842091817348E-01 a      1453     1    18     2    13
 -1.0943058063633905E-01 a      1454     1    18     2    14
 -2.3574427517678467E-01 a      1455     1    18     2    15
  6.9715138757179204E-03 a      1456     1    18     2    16
 -2.3814479706192723E-01 a      1457     1    18     2    17
 -7.9049433026895044E-02 a      1458     1    18     2    18
  3.3071158651334037E-01 a      1459     1    18     2    19
 -5.1574826975771226E-01 a      1460     1    18     2    20
  5.3879689914309768E-02 a      1461     1    19     2     1
 -1.0799141549280608E-01 a      1462     1    19     2     2
  4.3889543681506799E-01 a      1463     1    19     2     3
 -3.3463965814038221E-01 a      1464     1    19     2     4
 -3.9071928539210338E-01 a      1465     1    19     2     5
 -1.1999627810213091E-01 a      1466     1    19     2     6
  2.7599086112755133E-01 a      1467     1    19     2     7
 -3.0505802955667272E-01 a      1468     1    19     2     8
 -3.6143292841976710E-01 a      1469     1    19     2     9
  4.3230827759281582E-01 a      1470     1    19     2    10
 -4.9814095684293502E-01 a      1471     1    19     2    11
 -2.8908933809082904E-01 a      1472     1    19     2    12
  8.7712370232679887E-02 a      1473     1    19     2    13
 -5.3660751104315230E-01 a      1474     1    19     2    14
 -2.4606586269199555E-02 a      1475     1    19     2    15
 -2.2522486685324714E-01 a      1476     1    19     2    16
  5.0134370557332186E-01 a      1477     1    19     2    17
  5.5358298241348647E-01 a      1478     1    19     2    18
  1.7928372097584985E-01 a      1479     1    19     2    19
 -3.4064525813527124E-01 a      1480     1    19     2    20
 -2.0149131684000504E-01 a      1481     1    20     2     1
  3.1182869043949962E-01 a      1482     1    20     2     2
 -5.0922800099280151E-02 a      1483     1    20     2     3
 -1.1643879144235943E-01 a      1484     1    20     2     4
 -4.5533637847983194E-01 a      1485     1    20     2     5
 -1.6116476998115381E-01 a      1486     1    20     2     6
 -2.2631778797415528E-01 a      1487     1    20     2     7
  4.1423587235676135E-01 a      1488     1    20     2     8
 -3.8678436165493603E-03 a      1489     1    20     2     9
 -2.2281862181570206E-01 a      1490     1    20     2    10
 -1.6026567052766741E-01 a      1491     1    20     2    11
  3.8045695724293210E-01 a      1492     1    20     2    12
  3.6895046102135953E-01 a      1493     1    20     2    13
  3.7294625381454594E-01 a      1494     1    20     2    14
  1.3710216205754444E-01 a      1495     1    20     2    15
 -3.1270331701118909E-01 a      1496     1    20     2    16
  1.5443214807203565E-01 a      1497     1    20     2    17
 -3.8199811307455850E-01 a      1498     1    20     2    18
 -1.5093412361820369E-01 a      1499     1    20     2    19
  3.3305455394197370E-01 a      1500     1    20     2    20
 -8.3200932740567654E-02 b      1501     2     1
  1.3059692158634553E+00 b      1502     2     2
 -7.0645025186633670E-01 b      1503     2     3
  8.0285348399934597E-01 b      1504     2     4
 -3.1468938425977644E-01 b      1505     2     5
 -1.4565830221736815E+00 b      1506     2     6
  6.5463049315455901E-01 b      1507     2     7
 -2.1705145295110559E-01 b      1508     2     8
  4.9660735580837312E-01 b      1509     2     9
  1.1163324388793763E+00 b      1510     2    10
 -1.2021960078654905E+00 b      1511     2    11
 -1.3561927042108852E+00 b      1512     2    12
 -1.4464143837595038E+00 b      1513     2    13
 -3.2248237935643342E-01 b      1514     2    14
 -1.0339363111847961E+00 b      1515     2    15
  1.1457363208452713E+00 b      1516     2    16
 -7.7668737106478902E-01 b      1517     2    17
 -3.5003232300204933E-02 b      1518     2    18
 -1.1833906920418020E+00 b      1519     2    19
  5.0961328588691657E-01 b      1520     2    20
  4.2573931551449851E-01 a      1521     2     1     3     1
 -5.3371622176387057E-01 a      1522     2     2     3     1
  6.0402106238681252E-01 a      1523     2     3     3     1
 -3.9422323112772134E-01 a      1524     2     4     3     1
  3.2098734806607032E-01 a      1525     2     5     3     1
  1.2422708107617994E-01 a      1526     2     6     3     1
 -1.0923620592131662E-01 a      1527     2     7     3     1
  5.9093000373564741E-01 a      1528     2     8     3     1
  1.1462752760205555E+00 a      1529     2     9     3     1
 -1.3242014768120666E-01 a      1530     2    10     3     1
 -6.8626085310786755E-01 a      1531     2    11     3     1
  7.6924730410962289E-02 a      1532     2    12     3     1
 -2.4107433811664084E-01 a      1533     2    13     3     1
 -3.6947895654537516E-01 a      1534     2    14     3     1
  1.2795837129836174E+00 a      1535     2    15     3     1
 -1.1980256537839723E-01 a      1536     2    16     3     1
  5.1438841999915697E-01 a      1537     2    17     3     1
 -7.4720346466920261E-03 a      1538     2    18     3     1
  1.3777459133366394E+00 a      1539     2    19     3     1
  8.4845542395362128E-02 a      1540     2    20     3     1
  5.8129140930750955E-01 b      1541     3     1
