################################################################################
# Neural network connection values (weights and biases).
################################################################################
# Col  Name       Description
################################################################################
# 1    connection Neural network connection value.
# 2    t          Connection type (a = weight, b = bias).
# 3    index      Index enumerating weights.
# 4    l_s        Starting point layer (end point layer for biases).
# 5    n_s        Starting point neuron in starting layer (end point neuron for biases).
# 6    l_e        End point layer.
# 7    n_e        End point neuron in end layer.
################################################################################
#                      1 2         3     4     5     6     7
#             connection t     index   l_s   n_s   l_e   n_e
############################################################
 -2.2702521844309365E-01 a         1     0     1     1     1
 -7.3905939286280378E-02 a         2     0     1     1     2
  9.5053013586867019E-02 a         3     0     1     1     3
  3.0616517255554004E-01 a         4     0     1     1     4
  3.2938106858509281E-01 a         5     0     1     1     5
 -2.5940590966997623E-01 a         6     0     1     1     6
 -3.0801763699492682E-02 a         7     0     1     1     7
  1.4566517409264929E-01 a         8     0     1     1     8
  1.5455105962990298E-01 a         9     0     1     1     9
 -2.7458441375425816E-02 a        10     0     1     1    10
 -4.6929992160023894E-02 a        11     0     1     1    11
  2.1242885800207886E-01 a        12     0     1     1    12
  5.3532409437770612E-01 a        13     0     1     1    13
  3.6649306437326135E-01 a        14     0     1     1    14
  2.9546785159004052E-01 a        15     0     1     1    15
 -1.9872066858509027E-01 a        16     0     1     1    16
 -2.3731786701333993E-01 a        17     0     1     1    17
 -5.0829297431279646E-02 a        18     0     1     1    18
  4.7287792221611322E-02 a        19     0     1     1    19
 -1.0265479917049794E-01 a        20     0     1     1    20
 -6.9849703401998434E-02 a        21     0     2     1     1
 -2.1107306661360851E-02 a        22     0     2     1     2
 -1.6358501851265189E-01 a        23     0     2     1     3
  2.3725615269914421E-01 a        24     0     2     1     4
  1.8235866828555708E-01 a        25     0     2     1     5
  1.5447032807359903E-01 a        26     0     2     1     6
  2.2601022005719557E-01 a        27     0     2     1     7
  1.2299179231219347E-01 a        28     0     2     1     8
  2.6727646910640390E-02 a        29     0     2     1     9
 -1.5675401656161370E-01 a        30     0     2     1    10
 -7.0097024610783036E-03 a        31     0     2     1    11
 -1.3250371070587805E-03 a        32     0     2     1    12
 -1.0817046361074310E-01 a        33     0     2     1    13
  7.3138969885728169E-02 a        34     0     2     1    14
  1.9327554685323153E-01 a        35     0     2     1    15
  1.1856084106609133E-01 a        36     0     2     1    16
  1.0856986936569860E-01 a        37     0     2     1    17
 -8.1684415685666700E-02 a        38     0     2     1    18
  1.2062708893716033E-01 a        39     0     2     1    19
 -1.8744998573805224E-01 a        40     0     2     1    20
 -1.7323876258578894E-01 a        41     0     3     1     1
  3.2714213264393549E-01 a        42     0     3     1     2
  6.4184029996030137E-02 a        43     0     3     1     3
  9.9810149299981971E-02 a        44     0     3     1     4
 -7.3096321259835118E-02 a        45     0     3     1     5
  6.7424015489685740E-02 a        46     0     3     1     6
  3.5816101457604343E-01 a        47     0     3     1     7
  1.7875623034018112E-01 a        48     0     3     1     8
  6.1970795028417103E-01 a        49     0     3     1     9
 -7.2792945904389145E-02 a        50     0     3     1    10
  5.3750434163451148E-02 a        51     0     3     1    11
 -1.6231290276117921E-01 a        52     0     3     1    12
  7.6747140925000318E-02 a        53     0     3     1    13
 -2.5967989556848731E-01 a        54     0     3     1    14
  3.5093779450319912E-02 a        55     0     3     1    15
  4.6950439581828818E-01 a        56     0     3     1    16
 -1.1480194807468384E-01 a        57     0     3     1    17
  1.7626106420121906E-01 a        58     0     3     1    18
  1.5855008544960339E-01 a        59     0     3     1    19
  5.3172477015624864E-01 a        60     0     3     1    20
  1.4806357777430337E-01 a        61     0     4     1     1
 -7.1966783689793243E-03 a        62     0     4     1     2
 -1.6220087470710090E-01 a        63     0     4     1     3
 -2.2945402032506343E-01 a        64     0     4     1     4
  1.7285542307854274E-01 a        65     0     4     1     5
 -2.7438121108564223E-02 a        66     0     4     1     6
  9.3207733823281014E-02 a        67     0     4     1     7
  6.2953137130061978E-03 a        68     0     4     1     8
  6.2480571803872044E-02 a        69     0     4     1     9
  1.0411461502370735E-01 a        70     0     4     1    10
 -7.3846767847531358E-02 a        71     0     4     1    11
 -1.4900677175498026E-01 a        72     0     4     1    12
  6.2134456336544119E-01 a        73     0     4     1    13
  3.2705063459520262E-01 a        74     0     4     1    14
 -1.7079832303167947E-01 a        75     0     4     1    15
  6.0521343252922924E-02 a        76     0     4     1    16
  3.6812350376798364E-01 a        77     0     4     1    17
  1.0928735256265139E-01 a        78     0     4     1    18
 -7.6492599416971035E-02 a        79     0     4     1    19
  2.2669696371092257E-02 a        80     0     4     1    20
  4.8111059655497931E-02 a        81     0     5     1     1
  1.3006326942360794E-02 a        82     0     5     1     2
 -1.7493277535294263E-01 a        83     0     5     1     3
 -2.6364416882366515E-01 a        84     0     5     1     4
 -1.6343280710027347E-01 a        85     0     5     1     5
 -2.7975394908411988E-01 a        86     0     5     1     6
  2.0045723346974403E-01 a        87     0     5     1     7
  1.3162528196731972E-02 a        88     0     5     1     8
 -1.3922340682141029E-01 a        89     0     5     1     9
  1.3250487755347801E-01 a        90     0     5     1    10
 -1.7037128822603692E-01 a        91     0     5     1    11
  1.9926072263500000E-01 a        92     0     5     1    12
  6.7957113873004599E-02 a        93     0     5     1    13
  1.8266151657562851E-01 a        94     0     5     1    14
 -1.9077736419133284E-01 a        95     0     5     1    15
 -1.6094463873588774E-01 a        96     0     5     1    16
 -9.4112772263141090E-02 a        97     0     5     1    17
  2.6989788530975525E-02 a        98     0     5     1    18
 -1.7845563671804618E-01 a        99     0     5     1    19
  5.0516598179342433E-02 a       100     0     5     1    20
  3.3259731510825963E-01 a       101     0     6     1     1
 -6.7077059157210606E-01 a       102     0     6     1     2
  9.6340332235828538E-03 a       103     0     6     1     3
 -9.1156289365750626E-02 a       104     0     6     1     4
 -1.2799270040574751E-01 a       105     0     6     1     5
 -9.1816900281145326E-03 a       106     0     6     1     6
  1.1482655189922060E-02 a       107     0     6     1     7
 -2.7974805133345398E-01 a       108     0     6     1     8
 -3.4350433573690936E-01 a       109     0     6     1     9
 -1.5873982426874172E-01 a       110     0     6     1    10
 -5.2950982739910479E-01 a       111     0     6     1    11
  1.0108654708980609E-01 a       112     0     6     1    12
 -1.8608539548265690E-01 a       113     0     6     1    13
  2.7375836717497753E-01 a       114     0     6     1    14
 -1.0162541838512978E-01 a       115     0     6     1    15
 -6.3987504837996945E-01 a       116     0     6     1    16
  1.3877890476167556E-01 a       117     0     6     1    17
  2.0366864609268953E-01 a       118     0     6     1    18
  2.1308698278493032E-02 a       119     0     6     1    19
  6.0437725351221203E-02 a       120     0     6     1    20
  3.2371984834732227E-02 a       121     0     7     1     1
  1.3625162649081646E-01 a       122     0     7     1     2
  5.6598606293146371E-02 a       123     0     7     1     3
  2.3963162258329174E-01 a       124     0     7     1     4
  3.1492404754048069E-02 a       125     0     7     1     5
 -2.7510544668779852E-01 a       126     0     7     1     6
  2.6155354855318550E-04 a       127     0     7     1     7
 -1.2077284139483231E-01 a       128     0     7     1     8
 -1.9136731605637292E-01 a       129     0     7     1     9
  6.9434882435693929E-02 a       130     0     7     1    10
 -7.5849009920911634E-02 a       131     0     7     1    11
 -1.1957820917836549E-01 a       132     0     7     1    12
 -3.2069949954325300E-01 a       133     0     7     1    13
 -4.5487364391843199E-01 a       134     0     7     1    14
  1.5203924949050346E-01 a       135     0     7     1    15
  1.8680127225942492E-01 a       136     0     7     1    16
 -2.7279471621454138E-01 a       137     0     7     1    17
 -1.8237367664111756E-01 a       138     0     7     1    18
 -9.0078517231186206E-02 a       139     0     7     1    19
  4.8368758770616645E-02 a       140     0     7     1    20
 -2.3068522846862236E-01 a       141     0     8     1     1
 -1.2181166558026484E-01 a       142     0     8     1     2
  3.3513064391872294E-01 a       143     0     8     1     3
 -1.0328717908055444E-01 a       144     0     8     1     4
 -5.0737216984180281E-02 a       145     0     8     1     5
  1.2750833318096419E-01 a       146     0     8     1     6
 -2.2053871102349276E-01 a       147     0     8     1     7
  2.8290901936958496E-01 a       148     0     8     1     8
  1.3896359384965357E-01 a       149     0     8     1     9
 -1.6389829415148069E-01 a       150     0     8     1    10
 -6.2686798503106253E-02 a       151     0     8     1    11
 -1.5140188537623539E-01 a       152     0     8     1    12
  1.3400606478671931E-01 a       153     0     8     1    13
 -1.7023596599765514E-01 a       154     0     8     1    14
  1.5497628742815167E-01 a       155     0     8     1    15
  1.6513697320937992E-01 a       156     0     8     1    16
 -2.5119867257903916E-01 a       157     0     8     1    17
  2.3439911127233537E-02 a       158     0     8     1    18
  2.2775162616769862E-01 a       159     0     8     1    19
 -4.5666250314674701E-02 a       160     0     8     1    20
  9.8254871516539411E-04 a       161     0     9     1     1
  3.4930944756761578E-01 a       162     0     9     1     2
 -1.1633007539815018E-02 a       163     0     9     1     3
 -1.5519944280159825E-01 a       164     0     9     1     4
 -1.4398212038291647E-01 a       165     0     9     1     5
 -1.1225400760506704E-01 a       166     0     9     1     6
 -6.1741977472009497E-02 a       167     0     9     1     7
  2.6046126009783988E-01 a       168     0     9     1     8
  2.3422145481944398E-01 a       169     0     9     1     9
 -8.2966888847556208E-02 a       170     0     9     1    10
  1.0190368618724455E-02 a       171     0     9     1    11
 -1.1496283378343543E-01 a       172     0     9     1    12
  2.0245567303228723E-01 a       173     0     9     1    13
  1.1465455740004261E-01 a       174     0     9     1    14
 -6.6704655748579172E-02 a       175     0     9     1    15
  3.3168034471335317E-01 a       176     0     9     1    16
  8.5078339940220543E-02 a       177     0     9     1    17
 -1.2536490692737262E-01 a       178     0     9     1    18
 -4.6847393922402780E-02 a       179     0     9     1    19
  3.2346378949359450E-01 a       180     0     9     1    20
 -1.0762405872340594E-01 a       181     0    10     1     1
 -6.0321508136108787E-02 a       182     0    10     1     2
  6.9248005907778763E-03 a       183     0    10     1     3
  9.0418618742510323E-02 a       184     0    10     1     4
 -1.3888732191816536E-01 a       185     0    10     1     5
  4.5852742405217650E-01 a       186     0    10     1     6
  1.2411852865400340E-01 a       187     0    10     1     7
  2.9923968942405188E-01 a       188     0    10     1     8
  1.9041559954516846E-01 a       189     0    10     1     9
 -2.1497212021044745E-01 a       190     0    10     1    10
  1.1651716429941168E-01 a       191     0    10     1    11
  2.0317581350586873E-02 a       192     0    10     1    12
  6.8957249248590277E-03 a       193     0    10     1    13
  3.3158502068883006E-01 a       194     0    10     1    14
  1.6149318808010849E-01 a       195     0    10     1    15
  2.9522490689703210E-02 a       196     0    10     1    16
  2.1804297310360160E-01 a       197     0    10     1    17
 -9.7514882419754104E-02 a       198     0    10     1    18
  2.1027965570280180E-01 a       199     0    10     1    19
 -1.4215208753298150E-01 a       200     0    10     1    20
 -2.4072913415216443E-01 a       201     0    11     1     1
 -1.6561756984073331E-01 a       202     0    11     1     2
 -2.3562829414484210E-01 a       203     0    11     1     3
 -1.6959708668216297E-01 a       204     0    11     1     4
 -3.0823722252219443E-01 a       205     0    11     1     5
 -1.2773994099093086E-01 a       206     0    11     1     6
  1.7920492066762927E-01 a       207     0    11     1     7
  5.6921399678839302E-02 a       208     0    11     1     8
  1.4220039717188068E-01 a       209     0    11     1     9
  1.6995218946760543E-01 a       210     0    11     1    10
  2.6047886925659351E-02 a       211     0    11     1    11
  9.9723903914803014E-02 a       212     0    11     1    12
  5.6126801627742307E-02 a       213     0    11     1    13
  1.3784567599883425E-02 a       214     0    11     1    14
 -2.4256496280554926E-01 a       215     0    11     1    15
  9.0511698595361526E-02 a       216     0    11     1    16
 -3.7338559051334236E-01 a       217     0    11     1    17
 -2.9890864956924390E-01 a       218     0    11     1    18
 -6.8915693058839864E-02 a       219     0    11     1    19
 -2.9517961964859396E-01 a       220     0    11     1    20
  7.5235106563145582E-02 a       221     0    12     1     1
 -4.6495885474999271E-01 a       222     0    12     1     2
  8.5918582049794023E-02 a       223     0    12     1     3
  7.4791496770018187E-02 a       224     0    12     1     4
 -6.7796051882665354E-02 a       225     0    12     1     5
 -1.0787139035236957E-02 a       226     0    12     1     6
  1.6182396044024047E-01 a       227     0    12     1     7
  4.6542206857538189E-02 a       228     0    12     1     8
  4.7527959684159744E-02 a       229     0    12     1     9
 -6.3086080422311341E-02 a       230     0    12     1    10
 -1.5451017452379842E-01 a       231     0    12     1    11
  1.6387463013017939E-01 a       232     0    12     1    12
 -5.1849173169905845E-02 a       233     0    12     1    13
 -1.5611974808848061E-01 a       234     0    12     1    14
 -2.2399945566395113E-01 a       235     0    12     1    15
  8.9977296342967208E-02 a       236     0    12     1    16
 -9.8673378740207003E-04 a       237     0    12     1    17
  2.1570394031751541E-01 a       238     0    12     1    18
  2.3856388902713153E-02 a       239     0    12     1    19
 -1.6280833748697751E-01 a       240     0    12     1    20
  1.0103113517048810E-01 a       241     0    13     1     1
 -6.7013921005119187E-02 a       242     0    13     1     2
 -9.7425981580302093E-02 a       243     0    13     1     3
 -2.0387855733017764E-02 a       244     0    13     1     4
  1.5499336995802385E-01 a       245     0    13     1     5
 -4.3598070828208196E-01 a       246     0    13     1     6
  1.7393014382100093E-02 a       247     0    13     1     7
 -2.4290579918920024E-01 a       248     0    13     1     8
 -3.6191385751529116E-02 a       249     0    13     1     9
  4.9391350289730362E-01 a       250     0    13     1    10
 -1.2935997328025858E-01 a       251     0    13     1    11
 -5.2299938958075685E-02 a       252     0    13     1    12
  1.5459552198562945E-01 a       253     0    13     1    13
  3.6720598752769736E-02 a       254     0    13     1    14
  1.3683128459265448E-01 a       255     0    13     1    15
 -2.0372519778077240E-02 a       256     0    13     1    16
  1.0559313364282881E-02 a       257     0    13     1    17
  4.3793800678249985E-02 a       258     0    13     1    18
 -6.6794526702122048E-02 a       259     0    13     1    19
  1.1372012283826726E-03 a       260     0    13     1    20
  4.2573700562141437E-02 a       261     0    14     1     1
  6.5967380361467695E-02 a       262     0    14     1     2
 -4.8810049541322412E-02 a       263     0    14     1     3
 -1.7874317526608954E-01 a       264     0    14     1     4
  2.2794996214427626E-01 a       265     0    14     1     5
  1.0062327788148778E-01 a       266     0    14     1     6
  7.6838406680567878E-02 a       267     0    14     1     7
  2.6104840677619756E-01 a       268     0    14     1     8
 -6.5330106751376793E-02 a       269     0    14     1     9
 -1.0348336823301600E-01 a       270     0    14     1    10
  1.4173445432234167E-02 a       271     0    14     1    11
  5.4691915151852205E-02 a       272     0    14     1    12
  2.7232708613095152E-01 a       273     0    14     1    13
  6.8015885016549954E-02 a       274     0    14     1    14
  1.9667157896981785E-02 a       275     0    14     1    15
 -4.8197102859852507E-03 a       276     0    14     1    16
 -1.4092846616546119E-02 a       277     0    14     1    17
 -2.3994241739268951E-01 a       278     0    14     1    18
 -1.0302788575873381E-01 a       279     0    14     1    19
  1.9531381164014786E-01 a       280     0    14     1    20
  6.2862051272991659E-02 a       281     0    15     1     1
  2.2042937755013584E-01 a       282     0    15     1     2
  1.6164974689021022E-01 a       283     0    15     1     3
 -1.2667135804231935E-01 a       284     0    15     1     4
 -3.4916471902477361E-02 a       285     0    15     1     5
 -3.2240949486221991E-02 a       286     0    15     1     6
  6.1672609569247215E-02 a       287     0    15     1     7
 -1.3220003670070932E-01 a       288     0    15     1     8
 -2.0053508570142714E-01 a       289     0    15     1     9
 -2.1770096455802013E-01 a       290     0    15     1    10
 -1.6600215352370451E-01 a       291     0    15     1    11
  4.4766712376846174E-03 a       292     0    15     1    12
  1.2823193990392323E-01 a       293     0    15     1    13
  4.7464752310544200E-02 a       294     0    15     1    14
 -6.2419506015296604E-02 a       295     0    15     1    15
  6.5883684750958571E-02 a       296     0    15     1    16
  2.1137519698991888E-01 a       297     0    15     1    17
 -2.9559250505920849E-02 a       298     0    15     1    18
  9.5337871395305654E-02 a       299     0    15     1    19
  4.2677072265740806E-01 a       300     0    15     1    20
 -1.4590873844552729E-01 a       301     0    16     1     1
  5.9249755555129145E-02 a       302     0    16     1     2
 -5.0615487884961313E-02 a       303     0    16     1     3
 -6.9927169891244492E-02 a       304     0    16     1     4
 -1.6788924741025824E-01 a       305     0    16     1     5
  4.2115536611927218E-01 a       306     0    16     1     6
 -1.7758165590592703E-01 a       307     0    16     1     7
  1.3927919866779886E-01 a       308     0    16     1     8
  1.1766318347054214E-01 a       309     0    16     1     9
 -2.2292724483402290E-01 a       310     0    16     1    10
  2.2645065455625832E-01 a       311     0    16     1    11
 -1.2181770861542873E-01 a       312     0    16     1    12
 -1.9821292925962899E-01 a       313     0    16     1    13
  8.5561841024825078E-04 a       314     0    16     1    14
  6.9354764997084208E-03 a       315     0    16     1    15
  1.2478024286546824E-01 a       316     0    16     1    16
 -3.0571875774321720E-02 a       317     0    16     1    17
 -6.4470333638953201E-02 a       318     0    16     1    18
 -1.0906699422567319E-01 a       319     0    16     1    19
 -2.4323233708469952E-01 a       320     0    16     1    20
  2.5745899606831331E-02 a       321     0    17     1     1
 -1.0981587376705540E-01 a       322     0    17     1     2
 -5.1918332910140294E-02 a       323     0    17     1     3
 -1.0121199017537390E-01 a       324     0    17     1     4
 -4.3932963587423775E-02 a       325     0    17     1     5
 -1.7987184001277468E-01 a       326     0    17     1     6
 -1.0073753357240396E-01 a       327     0    17     1     7
 -1.3945621352372733E-01 a       328     0    17     1     8
  6.9651097316444657E-02 a       329     0    17     1     9
  1.0102113678156174E-01 a       330     0    17     1    10
 -1.5525116118273731E-02 a       331     0    17     1    11
 -2.8860650382084296E-02 a       332     0    17     1    12
 -9.6090325556198175E-02 a       333     0    17     1    13
 -1.0132037529456350E-01 a       334     0    17     1    14
 -1.8455585621814191E-01 a       335     0    17     1    15
  8.0963995467092431E-02 a       336     0    17     1    16
 -2.6189959923342965E-01 a       337     0    17     1    17
  2.6871036905507256E-01 a       338     0    17     1    18
  1.6127031160982033E-02 a       339     0    17     1    19
 -1.4690422218524241E-01 a       340     0    17     1    20
  8.5874662242056587E-02 a       341     0    18     1     1
 -1.6890697765638688E-01 a       342     0    18     1     2
  9.3591568106348694E-02 a       343     0    18     1     3
  7.8548768831831137E-02 a       344     0    18     1     4
  1.5414936920451422E-03 a       345     0    18     1     5
 -1.5604054003414078E-01 a       346     0    18     1     6
  1.5806864350529107E-01 a       347     0    18     1     7
  7.6740961000872229E-02 a       348     0    18     1     8
 -2.3986309823988080E-02 a       349     0    18     1     9
 -1.3026556326355321E-01 a       350     0    18     1    10
 -1.9582506676450956E-01 a       351     0    18     1    11
  8.7725000046659590E-02 a       352     0    18     1    12
  1.1932653643842668E-01 a       353     0    18     1    13
 -1.3456750389183847E-01 a       354     0    18     1    14
 -2.7816051078235876E-01 a       355     0    18     1    15
  7.8213721111203297E-02 a       356     0    18     1    16
 -1.2248596192392124E-01 a       357     0    18     1    17
 -3.9046517987155263E-02 a       358     0    18     1    18
  7.9973995842738468E-02 a       359     0    18     1    19
  6.2718623955199865E-02 a       360     0    18     1    20
 -1.0036969094624823E-01 a       361     0    19     1     1
 -9.8209911587259224E-02 a       362     0    19     1     2
  4.8133339763498026E-02 a       363     0    19     1     3
 -5.3803027872500887E-02 a       364     0    19     1     4
 -5.1316357843454188E-02 a       365     0    19     1     5
 -1.3113346625158126E-01 a       366     0    19     1     6
  8.7630959669751374E-02 a       367     0    19     1     7
 -3.3719383054196458E-02 a       368     0    19     1     8
  9.3139809688367575E-02 a       369     0    19     1     9
  3.6321147838737100E-01 a       370     0    19     1    10
 -1.6935900306527942E-02 a       371     0    19     1    11
  1.3349061475877116E-01 a       372     0    19     1    12
  5.2770566471015128E-02 a       373     0    19     1    13
  9.7106028369173147E-02 a       374     0    19     1    14
  1.3082699581209223E-01 a       375     0    19     1    15
 -1.7272457008288439E-01 a       376     0    19     1    16
  1.2876829210219304E-01 a       377     0    19     1    17
 -1.1286444751819241E-01 a       378     0    19     1    18
  1.3682583754283315E-01 a       379     0    19     1    19
 -5.7420423755686595E-02 a       380     0    19     1    20
  6.7376730550153224E-02 a       381     0    20     1     1
  5.7973568434429010E-02 a       382     0    20     1     2
 -1.0375275905086841E-01 a       383     0    20     1     3
  1.3061725742794453E-01 a       384     0    20     1     4
 -9.4014748260022610E-02 a       385     0    20     1     5
  3.9864663778011525E-02 a       386     0    20     1     6
  1.1814659469364025E-01 a       387     0    20     1     7
  1.0769946725793557E-01 a       388     0    20     1     8
 -8.6050241440813094E-02 a       389     0    20     1     9
  3.1070725845373307E-03 a       390     0    20     1    10
 -9.6024044820637727E-03 a       391     0    20     1    11
  1.3952176256596064E-02 a       392     0    20     1    12
  7.0300836984243276E-02 a       393     0    20     1    13
  1.7164633764265477E-01 a       394     0    20     1    14
  2.6593070556335592E-02 a       395     0    20     1    15
  2.1538376594891325E-02 a       396     0    20     1    16
  1.7117216532330917E-02 a       397     0    20     1    17
 -4.9658872366209646E-02 a       398     0    20     1    18
 -3.9521281944070015E-02 a       399     0    20     1    19
  8.3476343724772792E-02 a       400     0    20     1    20
  5.5934400628175202E-02 a       401     0    21     1     1
  1.9163395123499660E-01 a       402     0    21     1     2
 -3.6566823962538124E-02 a       403     0    21     1     3
 -1.0193528510194631E-01 a       404     0    21     1     4
  1.6371082269770212E-02 a       405     0    21     1     5
  7.5418947282053783E-02 a       406     0    21     1     6
  1.8863764192161642E-02 a       407     0    21     1     7
  1.5352886752927722E-01 a       408     0    21     1     8
  1.8401498167180789E-03 a       409     0    21     1     9
 -2.0310494556479988E-01 a       410     0    21     1    10
 -6.4526082548693131E-02 a       411     0    21     1    11
 -1.0983629506618943E-01 a       412     0    21     1    12
 -1.4628577992978065E-02 a       413     0    21     1    13
  7.9435956426420123E-02 a       414     0    21     1    14
  6.7563241606558563E-02 a       415     0    21     1    15
 -4.4692756947787772E-02 a       416     0    21     1    16
  5.5736183225321097E-02 a       417     0    21     1    17
  1.1344671368350448E-01 a       418     0    21     1    18
 -2.1331263231626754E-01 a       419     0    21     1    19
 -9.9947261671842993E-02 a       420     0    21     1    20
  1.4240782902285282E-01 a       421     0    22     1     1
  3.2219122953842161E-02 a       422     0    22     1     2
 -6.3622715376485894E-02 a       423     0    22     1     3
 -2.1279749848224186E-02 a       424     0    22     1     4
 -6.4043918608035474E-02 a       425     0    22     1     5
  1.1377993397197933E-01 a       426     0    22     1     6
 -4.9587024374684936E-02 a       427     0    22     1     7
 -4.8137444364749864E-02 a       428     0    22     1     8
  5.0811633450147185E-02 a       429     0    22     1     9
 -1.0669267819172139E-01 a       430     0    22     1    10
  6.2118413627758447E-02 a       431     0    22     1    11
 -6.7173053792183746E-02 a       432     0    22     1    12
 -1.6514664515848071E-01 a       433     0    22     1    13
 -1.0127478131107526E-02 a       434     0    22     1    14
  2.2995436599165125E-02 a       435     0    22     1    15
  1.5709821233409199E-01 a       436     0    22     1    16
  1.0267739645770728E-01 a       437     0    22     1    17
  3.5124600866331054E-02 a       438     0    22     1    18
 -5.6709873458703992E-02 a       439     0    22     1    19
 -1.2567742858348828E-02 a       440     0    22     1    20
 -7.6061264538141169E-03 a       441     0    23     1     1
  1.7434163612078439E-02 a       442     0    23     1     2
  1.7751505451444333E-01 a       443     0    23     1     3
 -1.1806552240499235E-01 a       444     0    23     1     4
  4.3791191722121543E-02 a       445     0    23     1     5
 -2.6273838425195713E-02 a       446     0    23     1     6
  4.8922177136238643E-02 a       447     0    23     1     7
  4.1060492938220207E-02 a       448     0    23     1     8
  9.1367699094716329E-02 a       449     0    23     1     9
 -2.2860578715406268E-02 a       450     0    23     1    10
 -8.5682271777076519E-02 a       451     0    23     1    11
 -2.2877169702374051E-03 a       452     0    23     1    12
  1.0772762594399598E-03 a       453     0    23     1    13
 -1.7139778967531000E-01 a       454     0    23     1    14
  5.7473625863917320E-02 a       455     0    23     1    15
  2.6421418517928355E-02 a       456     0    23     1    16
  1.3885927795809808E-01 a       457     0    23     1    17
  1.1933309504991199E-01 a       458     0    23     1    18
  2.4024427039754163E-02 a       459     0    23     1    19
 -1.1657060470333153E-01 a       460     0    23     1    20
 -7.9157849353614668E-02 a       461     0    24     1     1
 -1.2741547217156693E-01 a       462     0    24     1     2
  2.6817387869493464E-01 a       463     0    24     1     3
  1.3443401594298751E-01 a       464     0    24     1     4
 -2.5577551275826151E-02 a       465     0    24     1     5
 -9.5630959890586745E-02 a       466     0    24     1     6
  4.1618727185979358E-02 a       467     0    24     1     7
 -2.0820199034277756E-01 a       468     0    24     1     8
 -1.9606989448726386E-01 a       469     0    24     1     9
 -5.5334153429412523E-02 a       470     0    24     1    10
 -1.1149670514969034E-01 a       471     0    24     1    11
  5.5070186352007347E-02 a       472     0    24     1    12
  1.1199885811216771E-01 a       473     0    24     1    13
 -2.0672812905221219E-01 a       474     0    24     1    14
 -2.1778792881760495E-01 a       475     0    24     1    15
  1.5620456690641651E-01 a       476     0    24     1    16
 -5.9074411227164864E-02 a       477     0    24     1    17
 -1.1482586160488385E-01 a       478     0    24     1    18
  2.4434651186574294E-01 a       479     0    24     1    19
  2.3947705552457976E-01 a       480     0    24     1    20
 -1.1824948029133903E-01 a       481     0    25     1     1
  5.7330011559504269E-02 a       482     0    25     1     2
 -3.1540677206646418E-02 a       483     0    25     1     3
  1.0037503453530230E-01 a       484     0    25     1     4
 -7.9260225055225356E-02 a       485     0    25     1     5
 -8.4426224837562736E-02 a       486     0    25     1     6
 -2.2400362558047674E-02 a       487     0    25     1     7
  1.9853770722447511E-02 a       488     0    25     1     8
 -5.3244604853516307E-02 a       489     0    25     1     9
  8.5043589275625567E-02 a       490     0    25     1    10
  4.1704364052152075E-02 a       491     0    25     1    11
  4.2782373626132769E-03 a       492     0    25     1    12
  1.3701616686836049E-01 a       493     0    25     1    13
 -1.1458898560459117E-02 a       494     0    25     1    14
 -4.9582156442123063E-02 a       495     0    25     1    15
 -1.7092961246678853E-01 a       496     0    25     1    16
 -1.8285783413236370E-01 a       497     0    25     1    17
  6.1889001307315269E-02 a       498     0    25     1    18
  8.1500661526656536E-03 a       499     0    25     1    19
 -7.0750547431974870E-02 a       500     0    25     1    20
 -1.3675917387423643E-02 a       501     0    26     1     1
 -1.6830492361568750E-02 a       502     0    26     1     2
 -5.4333714375887431E-02 a       503     0    26     1     3
 -2.3603827765205608E-02 a       504     0    26     1     4
  3.5320816724120123E-02 a       505     0    26     1     5
  1.4578651893291758E-01 a       506     0    26     1     6
 -1.2779431578735506E-01 a       507     0    26     1     7
 -2.6625647181376395E-02 a       508     0    26     1     8
 -1.9539688192932838E-03 a       509     0    26     1     9
  1.4804966960160235E-02 a       510     0    26     1    10
  1.5124902969834089E-01 a       511     0    26     1    11
 -4.7997378047099385E-03 a       512     0    26     1    12
 -1.7521822711113672E-01 a       513     0    26     1    13
  9.5053297542394305E-02 a       514     0    26     1    14
  2.6987446577881172E-02 a       515     0    26     1    15
 -7.0324094021607789E-02 a       516     0    26     1    16
  6.1035927158724836E-02 a       517     0    26     1    17
 -1.4556275944982000E-01 a       518     0    26     1    18
 -3.8893820734441434E-02 a       519     0    26     1    19
  6.5471520525116192E-02 a       520     0    26     1    20
  1.1146967287805372E-01 a       521     0    27     1     1
  1.2140821438781176E-01 a       522     0    27     1     2
 -7.5556514294474145E-02 a       523     0    27     1     3
 -2.0130814629858698E-01 a       524     0    27     1     4
  1.4025988302077277E-01 a       525     0    27     1     5
  8.1882575147032857E-02 a       526     0    27     1     6
  6.4387870468379196E-02 a       527     0    27     1     7
  1.8705047408173162E-01 a       528     0    27     1     8
  8.8093248579233938E-02 a       529     0    27     1     9
 -1.5085866808866302E-01 a       530     0    27     1    10
 -5.7986245298017491E-02 a       531     0    27     1    11
 -3.9456285396000428E-02 a       532     0    27     1    12
 -3.3138661536831954E-02 a       533     0    27     1    13
  7.3949453060070752E-02 a       534     0    27     1    14
  9.9195948569074335E-02 a       535     0    27     1    15
 -5.4640612771243532E-02 a       536     0    27     1    16
  1.2608693980236660E-01 a       537     0    27     1    17
 -5.6836877788713838E-02 a       538     0    27     1    18
 -2.1432890543126004E-01 a       539     0    27     1    19
 -8.8890274420089593E-02 a       540     0    27     1    20
  2.3757032029643336E-03 a       541     0    28     1     1
 -9.1242921990052836E-02 a       542     0    28     1     2
 -2.0868295055420514E-02 a       543     0    28     1     3
  7.9423019338919987E-02 a       544     0    28     1     4
 -1.7085597005566233E-01 a       545     0    28     1     5
 -5.8207037534157839E-02 a       546     0    28     1     6
  6.9659359499680273E-02 a       547     0    28     1     7
 -5.5601508422506635E-02 a       548     0    28     1     8
  7.3168885401618630E-02 a       549     0    28     1     9
  5.2997549896278993E-02 a       550     0    28     1    10
 -6.4428627441331224E-02 a       551     0    28     1    11
  1.9125132104149380E-02 a       552     0    28     1    12
  1.2422205266919084E-02 a       553     0    28     1    13
  7.8911826977906580E-02 a       554     0    28     1    14
  1.4015779625027276E-02 a       555     0    28     1    15
  8.6217451585685057E-02 a       556     0    28     1    16
 -7.9515629882928839E-03 a       557     0    28     1    17
 -5.0720668409948232E-02 a       558     0    28     1    18
  9.5969957789690127E-02 a       559     0    28     1    19
 -1.8108428115926958E-02 a       560     0    28     1    20
 -2.2307435624708008E-02 a       561     0    29     1     1
 -1.2846050923461964E-02 a       562     0    29     1     2
  4.1859572587997680E-04 a       563     0    29     1     3
  3.9893322605566418E-02 a       564     0    29     1     4
 -4.6058850925695026E-02 a       565     0    29     1     5
 -8.5087211197693566E-02 a       566     0    29     1     6
  5.7812001461389595E-02 a       567     0    29     1     7
  3.2399869175913761E-02 a       568     0    29     1     8
  1.8217049230925843E-02 a       569     0    29     1     9
  3.2148685504572634E-04 a       570     0    29     1    10
 -7.0856808108282501E-02 a       571     0    29     1    11
  1.3864768793712577E-03 a       572     0    29     1    12
  1.1917791232772935E-01 a       573     0    29     1    13
 -2.2582319016621270E-02 a       574     0    29     1    14
 -3.6425300175780856E-02 a       575     0    29     1    15
  3.4319519408143137E-02 a       576     0    29     1    16
 -8.9348511071325340E-02 a       577     0    29     1    17
  7.9580028307346742E-02 a       578     0    29     1    18
  1.3151228329258625E-02 a       579     0    29     1    19
 -8.3034446740231443E-02 a       580     0    29     1    20
 -1.4450383421805232E-01 a       581     0    30     1     1
 -3.2790807420835386E-02 a       582     0    30     1     2
  1.5718945243647880E-01 a       583     0    30     1     3
  2.8489843728557167E-02 a       584     0    30     1     4
 -1.2524680595236969E-02 a       585     0    30     1     5
  7.5045036958322112E-02 a       586     0    30     1     6
 -1.2916894999892434E-01 a       587     0    30     1     7
 -9.9712302471661560E-02 a       588     0    30     1     8
 -1.8173353542853536E-02 a       589     0    30     1     9
  6.1426844129827365E-02 a       590     0    30     1    10
  5.3685157423643673E-02 a       591     0    30     1    11
  1.6239225621700028E-02 a       592     0    30     1    12
  8.5577391795677894E-03 a       593     0    30     1    13
 -7.3142713446257682E-02 a       594     0    30     1    14
 -9.1426154272898338E-02 a       595     0    30     1    15
  2.3790640996364298E-02 a       596     0    30     1    16
  8.5697804609637634E-02 a       597     0    30     1    17
 -1.4413709788373573E-02 a       598     0    30     1    18
  4.1493510996603256E-02 a       599     0    30     1    19
 -3.6349975012330829E-03 a       600     0    30     1    20
 -1.3678088593490281E-01 a       601     0    31     1     1
 -8.5021076315571056E-02 a       602     0    31     1     2
 -1.8535822007775501E-01 a       603     0    31     1     3
 -1.3974974378197060E-02 a       604     0    31     1     4
 -3.0365229885130479E-01 a       605     0    31     1     5
  3.5905569061890752E-01 a       606     0    31     1     6
 -8.6280322570879503E-02 a       607     0    31     1     7
 -6.4654984819125891E-02 a       608     0    31     1     8
 -1.8683655959909934E-01 a       609     0    31     1     9
 -2.6083078410813042E-02 a       610     0    31     1    10
 -1.4063857486142956E-03 a       611     0    31     1    11
  1.9744006451031187E-01 a       612     0    31     1    12
 -1.1660738272073498E-01 a       613     0    31     1    13
  1.2188091753349224E-01 a       614     0    31     1    14
 -4.1434337359898826E-01 a       615     0    31     1    15
 -1.0413018949741243E-01 a       616     0    31     1    16
 -8.3555197211103896E-02 a       617     0    31     1    17
 -3.2431954519669953E-01 a       618     0    31     1    18
  2.3102282904037508E-01 a       619     0    31     1    19
 -1.3291052804004595E-02 a       620     0    31     1    20
  4.3574896665341215E-02 a       621     0    32     1     1
 -2.9168015227464140E-02 a       622     0    32     1     2
 -2.5331331119945577E-01 a       623     0    32     1     3
 -1.7784993144184219E-01 a       624     0    32     1     4
  1.5128949404725064E-01 a       625     0    32     1     5
  7.3917311155448168E-02 a       626     0    32     1     6
 -7.8796114386685767E-02 a       627     0    32     1     7
  4.9928844925424487E-02 a       628     0    32     1     8
 -4.4210351630071053E-02 a       629     0    32     1     9
 -8.9239087930769220E-02 a       630     0    32     1    10
  3.2487103939147631E-02 a       631     0    32     1    11
 -9.1807939631945931E-03 a       632     0    32     1    12
 -1.8676615625987716E-01 a       633     0    32     1    13
  3.2876982469428256E-01 a       634     0    32     1    14
 -8.1316800088104824E-02 a       635     0    32     1    15
 -1.0334548590114692E-01 a       636     0    32     1    16
 -2.4807735643976292E-01 a       637     0    32     1    17
  1.8229051075676800E-01 a       638     0    32     1    18
 -2.0990054341158429E-01 a       639     0    32     1    19
 -9.0629301285948885E-02 a       640     0    32     1    20
 -1.9881800058515231E-01 a       641     0    33     1     1
 -3.2719872060315530E-01 a       642     0    33     1     2
  5.8239928126917972E-01 a       643     0    33     1     3
 -2.3469951647857748E-01 a       644     0    33     1     4
  2.7587790360841513E-01 a       645     0    33     1     5
 -1.7942206232410463E-01 a       646     0    33     1     6
 -3.2210964902580286E-01 a       647     0    33     1     7
 -1.2532613891839681E-01 a       648     0    33     1     8
  1.1300356371933797E-01 a       649     0    33     1     9
 -2.1635106036654897E-01 a       650     0    33     1    10
 -3.4260635942593286E-02 a       651     0    33     1    11
 -4.0372659066249189E-01 a       652     0    33     1    12
 -3.2850795117793707E-01 a       653     0    33     1    13
 -7.8628022946520257E-02 a       654     0    33     1    14
  3.5924865856630883E-01 a       655     0    33     1    15
 -1.6629797491768034E-01 a       656     0    33     1    16
 -4.4475717267100964E-02 a       657     0    33     1    17
  3.9901241600152887E-01 a       658     0    33     1    18
  8.3912489444152461E-03 a       659     0    33     1    19
  2.4340900761021381E-01 a       660     0    33     1    20
 -7.4531437354123393E-03 a       661     0    34     1     1
  6.5113116158110926E-02 a       662     0    34     1     2
 -1.8011862171783091E-01 a       663     0    34     1     3
  4.0411622961315796E-01 a       664     0    34     1     4
  1.8890216148134042E-01 a       665     0    34     1     5
 -9.5294263423339909E-02 a       666     0    34     1     6
  1.9768768454890004E-01 a       667     0    34     1     7
 -1.3504241343206499E-01 a       668     0    34     1     8
 -2.4994853133970474E-01 a       669     0    34     1     9
 -2.0260638639681406E-02 a       670     0    34     1    10
 -2.3692438923108755E-01 a       671     0    34     1    11
  2.8660059763385010E-01 a       672     0    34     1    12
  2.7656600259814756E-01 a       673     0    34     1    13
  1.1660203577290228E-01 a       674     0    34     1    14
 -2.3252987963698293E-01 a       675     0    34     1    15
  2.5849788532488355E-01 a       676     0    34     1    16
 -3.4290376458146511E-02 a       677     0    34     1    17
 -3.9803145388577088E-01 a       678     0    34     1    18
  9.9386590559134833E-02 a       679     0    34     1    19
  2.4404593405856273E-01 a       680     0    34     1    20
  2.4818615599670174E-01 a       681     0    35     1     1
  7.0474273215515595E-02 a       682     0    35     1     2
 -6.7064957740936890E-02 a       683     0    35     1     3
 -1.4681002009834621E-02 a       684     0    35     1     4
  1.9742890857945952E-01 a       685     0    35     1     5
 -3.3939181684139286E-02 a       686     0    35     1     6
 -7.1857019480829551E-02 a       687     0    35     1     7
 -7.2857213305209861E-02 a       688     0    35     1     8
 -5.5995477676107026E-02 a       689     0    35     1     9
 -1.0643929824318948E-01 a       690     0    35     1    10
  5.4969019066933349E-02 a       691     0    35     1    11
 -7.5946261029484291E-02 a       692     0    35     1    12
 -1.3760938514443755E-01 a       693     0    35     1    13
  5.9560616274442535E-02 a       694     0    35     1    14
  1.8725145778228192E-01 a       695     0    35     1    15
 -1.1032322798546516E-01 a       696     0    35     1    16
  2.5487371789889041E-01 a       697     0    35     1    17
  1.1798590465279603E-01 a       698     0    35     1    18
 -1.3096329819645822E-01 a       699     0    35     1    19
  8.3551390450634686E-02 a       700     0    35     1    20
  2.2608006254461108E-01 a       701     0    36     1     1
  6.0112295212998734E-01 a       702     0    36     1     2
 -1.2224070432492198E-01 a       703     0    36     1     3
  2.0785937833657914E-02 a       704     0    36     1     4
  2.4302321756741760E-01 a       705     0    36     1     5
  1.2443183262689506E-01 a       706     0    36     1     6
  3.0458910122694954E-01 a       707     0    36     1     7
  1.3503315731197987E-01 a       708     0    36     1     8
 -1.4478220354191138E-01 a       709     0    36     1     9
  2.2937590484123876E-01 a       710     0    36     1    10
 -1.9639918733025390E-02 a       711     0    36     1    11
  1.7585688510696398E-01 a       712     0    36     1    12
  4.3538688570035754E-02 a       713     0    36     1    13
 -4.4911657477422158E-02 a       714     0    36     1    14
  2.3092050506024503E-01 a       715     0    36     1    15
  1.5759641200645350E-01 a       716     0    36     1    16
  1.5931684775428367E-01 a       717     0    36     1    17
 -2.3252256969448847E-02 a       718     0    36     1    18
 -1.0113737748180067E-01 a       719     0    36     1    19
 -2.1546224789640672E-01 a       720     0    36     1    20
  2.7367390322158291E-01 a       721     0    37     1     1
 -3.0816491989781345E-02 a       722     0    37     1     2
 -1.2666698141821381E-01 a       723     0    37     1     3
  2.8248703168090145E-01 a       724     0    37     1     4
  9.9246617102434917E-02 a       725     0    37     1     5
 -1.4897126426980589E-01 a       726     0    37     1     6
  1.4996462809911572E-02 a       727     0    37     1     7
 -2.6750216213085456E-02 a       728     0    37     1     8
  1.9675070540906550E-01 a       729     0    37     1     9
  1.0250442461053041E-01 a       730     0    37     1    10
  1.8583152881579190E-01 a       731     0    37     1    11
  3.0014352845251894E-02 a       732     0    37     1    12
 -1.3282814743513649E-01 a       733     0    37     1    13
 -4.3821811369385388E-01 a       734     0    37     1    14
 -3.1327655418274272E-02 a       735     0    37     1    15
 -7.5338645661499712E-02 a       736     0    37     1    16
 -1.9281342189797785E-03 a       737     0    37     1    17
 -2.5592273211078703E-01 a       738     0    37     1    18
 -6.9745709952090548E-02 a       739     0    37     1    19
 -3.2508601102018871E-02 a       740     0    37     1    20
 -3.0802813849879007E-01 a       741     0    38     1     1
 -8.8399728006177111E-02 a       742     0    38     1     2
  5.4989611341949469E-03 a       743     0    38     1     3
  1.4232414744869314E-02 a       744     0    38     1     4
 -4.0238715568005351E-01 a       745     0    38     1     5
  2.3672410814381320E-01 a       746     0    38     1     6
  2.9625494063972885E-02 a       747     0    38     1     7
  8.4180940192301240E-02 a       748     0    38     1     8
  7.3845120689334492E-02 a       749     0    38     1     9
  8.0851344731393007E-02 a       750     0    38     1    10
  1.1767546150916043E-01 a       751     0    38     1    11
  4.8327075556137307E-02 a       752     0    38     1    12
 -6.5014506165678623E-02 a       753     0    38     1    13
 -2.9818932365136092E-01 a       754     0    38     1    14
  1.7582977841636743E-01 a       755     0    38     1    15
 -7.0711280305322796E-02 a       756     0    38     1    16
  1.1283323202750838E-01 a       757     0    38     1    17
 -2.8838432089314070E-01 a       758     0    38     1    18
  1.6545485553223035E-01 a       759     0    38     1    19
  1.3938197314567725E-02 a       760     0    38     1    20
  2.3380345902300431E-01 a       761     0    39     1     1
  9.0556445212094300E-02 a       762     0    39     1     2
 -2.5523633766921877E-01 a       763     0    39     1     3
 -2.6985567742973393E-01 a       764     0    39     1     4
 -9.8335805494611989E-02 a       765     0    39     1     5
  1.2315587149593790E-01 a       766     0    39     1     6
  1.3353061252452872E-01 a       767     0    39     1     7
  3.4083435734221129E-01 a       768     0    39     1     8
 -3.0366331167888699E-01 a       769     0    39     1     9
  2.2498786682546967E-01 a       770     0    39     1    10
  6.0487424911644505E-01 a       771     0    39     1    11
 -1.7215396425077745E-02 a       772     0    39     1    12
  4.6572743260791988E-01 a       773     0    39     1    13
  2.1599757362059099E-01 a       774     0    39     1    14
  1.4479979627156148E-01 a       775     0    39     1    15
  8.6654822760696151E-02 a       776     0    39     1    16
  3.9248548127234134E-02 a       777     0    39     1    17
 -3.6713690634806208E-02 a       778     0    39     1    18
  1.1768931500845338E-01 a       779     0    39     1    19
 -2.4884186909839609E-01 a       780     0    39     1    20
  2.7491969145031731E-01 a       781     0    40     1     1
 -1.4736267283050633E-01 a       782     0    40     1     2
 -1.1673496506481673E-01 a       783     0    40     1     3
  3.7483301674776004E-01 a       784     0    40     1     4
 -1.8698724096963143E-01 a       785     0    40     1     5
 -2.4899052692307608E-01 a       786     0    40     1     6
  9.3194831851757573E-02 a       787     0    40     1     7
  3.3655245891877256E-01 a       788     0    40     1     8
 -1.0926454961749668E-01 a       789     0    40     1     9
 -2.5445238871269032E-01 a       790     0    40     1    10
  9.7277105603471484E-02 a       791     0    40     1    11
 -1.0047803749158933E-01 a       792     0    40     1    12
 -2.7955841937609055E-01 a       793     0    40     1    13
  1.3730401544383694E-02 a       794     0    40     1    14
  2.0542396414842795E-01 a       795     0    40     1    15
 -3.9658031318601783E-01 a       796     0    40     1    16
 -5.0000022259895319E-02 a       797     0    40     1    17
  5.1611016226468173E-02 a       798     0    40     1    18
  3.0593430767944907E-01 a       799     0    40     1    19
 -1.6927747420222775E-01 a       800     0    40     1    20
 -9.5073881312938965E-02 a       801     0    41     1     1
 -5.5126771729398692E-02 a       802     0    41     1     2
  1.9325581295890640E-01 a       803     0    41     1     3
  1.8764313583178305E-01 a       804     0    41     1     4
 -1.2413776188721123E-01 a       805     0    41     1     5
  1.0637403874269504E-02 a       806     0    41     1     6
  1.1238089081058811E-01 a       807     0    41     1     7
  4.6875628036372331E-02 a       808     0    41     1     8
 -1.6294533880379290E-02 a       809     0    41     1     9
 -4.8002771054547595E-02 a       810     0    41     1    10
 -8.9445513617021494E-02 a       811     0    41     1    11
  3.6890956071097970E-02 a       812     0    41     1    12
  1.1275453588270382E-02 a       813     0    41     1    13
 -2.0107719196649959E-01 a       814     0    41     1    14
  5.6811544158464143E-02 a       815     0    41     1    15
  1.2484488633004037E-01 a       816     0    41     1    16
  1.4893190155383357E-01 a       817     0    41     1    17
 -1.3337772428443134E-01 a       818     0    41     1    18
  1.9309171349389689E-01 a       819     0    41     1    19
 -9.6073159132632445E-03 a       820     0    41     1    20
 -2.6185355129609768E-02 a       821     0    42     1     1
 -9.6355087128001310E-02 a       822     0    42     1     2
 -6.6368950158398596E-02 a       823     0    42     1     3
  1.2988721645177576E-01 a       824     0    42     1     4
  1.0085412652822590E-02 a       825     0    42     1     5
 -1.0449335003369686E-01 a       826     0    42     1     6
 -9.6551685526615957E-03 a       827     0    42     1     7
 -1.8737893531501307E-02 a       828     0    42     1     8
  2.0950597853700406E-01 a       829     0    42     1     9
 -5.4437116933446848E-02 a       830     0    42     1    10
 -3.3388488772721969E-01 a       831     0    42     1    11
 -1.0645316516845180E-01 a       832     0    42     1    12
 -1.2444913200260833E-01 a       833     0    42     1    13
  1.1968550436795122E-01 a       834     0    42     1    14
 -1.1463726309444960E-01 a       835     0    42     1    15
 -4.2251716609554109E-03 a       836     0    42     1    16
 -1.5683175069258465E-01 a       837     0    42     1    17
  9.5845417435393335E-02 a       838     0    42     1    18
 -1.2897892744666642E-01 a       839     0    42     1    19
  3.4395689764576270E-02 a       840     0    42     1    20
  4.4034384774326168E-03 a       841     0    43     1     1
  6.9850060788168328E-02 a       842     0    43     1     2
  8.7362125507714578E-02 a       843     0    43     1     3
 -1.7726487591463744E-01 a       844     0    43     1     4
 -6.1562067091550536E-02 a       845     0    43     1     5
 -5.4630623534463754E-02 a       846     0    43     1     6
  5.3222907603691208E-02 a       847     0    43     1     7
 -9.8480339707703562E-02 a       848     0    43     1     8
 -4.1135867506081843E-02 a       849     0    43     1     9
 -1.2487776576651427E-01 a       850     0    43     1    10
 -7.8235090142055638E-02 a       851     0    43     1    11
  8.2725313398966660E-02 a       852     0    43     1    12
  7.0051991352615348E-02 a       853     0    43     1    13
 -7.4151186006046144E-02 a       854     0    43     1    14
 -2.3222233970344633E-01 a       855     0    43     1    15
 -1.1400172106586157E-03 a       856     0    43     1    16
  8.8852272488006631E-02 a       857     0    43     1    17
 -1.5036744609277133E-01 a       858     0    43     1    18
 -1.5324172491610022E-02 a       859     0    43     1    19
 -4.8768356337106251E-02 a       860     0    43     1    20
 -2.4273209666079449E-02 a       861     0    44     1     1
 -8.1733755345335529E-02 a       862     0    44     1     2
 -2.6136079548299482E-02 a       863     0    44     1     3
  1.3669753332938159E-01 a       864     0    44     1     4
 -1.0851416163422918E-01 a       865     0    44     1     5
  2.1139270801683380E-01 a       866     0    44     1     6
 -3.2824021435990497E-01 a       867     0    44     1     7
 -1.0040844708621755E-02 a       868     0    44     1     8
  5.2496184943445420E-02 a       869     0    44     1     9
  1.4075605708948097E-01 a       870     0    44     1    10
  2.8028628209507683E-01 a       871     0    44     1    11
 -1.1178822028453965E-01 a       872     0    44     1    12
 -1.7403892816590558E-01 a       873     0    44     1    13
 -1.6496454590881993E-01 a       874     0    44     1    14
 -1.3734063012347414E-01 a       875     0    44     1    15
 -1.0077331026610202E-01 a       876     0    44     1    16
  3.4341378842945303E-02 a       877     0    44     1    17
 -1.7823234608336173E-02 a       878     0    44     1    18
 -2.6113825176730301E-02 a       879     0    44     1    19
  1.7315412249262136E-03 a       880     0    44     1    20
 -6.2289781168738456E-02 a       881     0    45     1     1
 -4.1057336677060553E-02 a       882     0    45     1     2
  1.6891070629910121E-01 a       883     0    45     1     3
  8.9164315872443556E-02 a       884     0    45     1     4
 -8.4063203537008566E-02 a       885     0    45     1     5
  1.5628482701879429E-01 a       886     0    45     1     6
 -3.0315431517346492E-02 a       887     0    45     1     7
  1.0047930772640518E-01 a       888     0    45     1     8
  1.3959182373283749E-01 a       889     0    45     1     9
  6.8832430800633074E-02 a       890     0    45     1    10
  1.2852149164288704E-01 a       891     0    45     1    11
  1.6382728173875143E-03 a       892     0    45     1    12
 -5.4764565740458196E-02 a       893     0    45     1    13
  2.8381815788251340E-02 a       894     0    45     1    14
  2.5164160684693909E-01 a       895     0    45     1    15
  1.1094371774319840E-01 a       896     0    45     1    16
  3.0444104393196986E-01 a       897     0    45     1    17
  6.5472232888400247E-02 a       898     0    45     1    18
 -1.7999811496053026E-02 a       899     0    45     1    19
 -1.6572559018575721E-02 a       900     0    45     1    20
  2.1232023041480858E-01 a       901     0    46     1     1
 -6.8787332033176510E-02 a       902     0    46     1     2
 -1.8577411830252982E-01 a       903     0    46     1     3
 -2.3736365723373568E-01 a       904     0    46     1     4
  1.2041875155528124E-01 a       905     0    46     1     5
  5.7803481266680522E-02 a       906     0    46     1     6
  9.8852223134420006E-03 a       907     0    46     1     7
 -8.9959220371291504E-03 a       908     0    46     1     8
  5.1272679966379291E-02 a       909     0    46     1     9
 -1.8573677698569407E-02 a       910     0    46     1    10
  7.0683744866276099E-02 a       911     0    46     1    11
 -7.3341430672684851E-02 a       912     0    46     1    12
 -1.3013387691584222E-01 a       913     0    46     1    13
  1.1138995013904461E-01 a       914     0    46     1    14
  6.7277712662884917E-02 a       915     0    46     1    15
 -1.1215156960774948E-01 a       916     0    46     1    16
 -1.0953434644604725E-01 a       917     0    46     1    17
  1.0389997622808085E-01 a       918     0    46     1    18
 -9.6102849090004008E-02 a       919     0    46     1    19
  1.2855071641462457E-01 a       920     0    46     1    20
 -2.1111290253954726E-01 a       921     0    47     1     1
  7.2628983309859521E-02 a       922     0    47     1     2
  4.9529051555229096E-02 a       923     0    47     1     3
 -6.6019428806981903E-02 a       924     0    47     1     4
  1.7110395129076128E-01 a       925     0    47     1     5
 -8.1475855630863944E-02 a       926     0    47     1     6
 -1.7321059459790264E-01 a       927     0    47     1     7
  1.1182634054813786E-01 a       928     0    47     1     8
  1.4092914569655524E-01 a       929     0    47     1     9
  2.1822217422720117E-01 a       930     0    47     1    10
  4.9034464322885586E-02 a       931     0    47     1    11
  8.5480027940889963E-02 a       932     0    47     1    12
  2.1111273357710419E-01 a       933     0    47     1    13
 -4.6770572761923715E-02 a       934     0    47     1    14
 -1.1222945808590494E-01 a       935     0    47     1    15
 -3.5250716127105141E-03 a       936     0    47     1    16
  1.2570040838532484E-01 a       937     0    47     1    17
  2.4411156129783476E-01 a       938     0    47     1    18
 -9.6188912743005034E-02 a       939     0    47     1    19
 -2.4879784491277643E-01 a       940     0    47     1    20
 -3.0414717838572186E-01 a       941     0    48     1     1
 -8.2883916423971651E-02 a       942     0    48     1     2
 -7.1095367960734178E-03 a       943     0    48     1     3
 -1.7475926783677329E-01 a       944     0    48     1     4
 -2.8017424767884755E-02 a       945     0    48     1     5
 -4.5895841669614745E-02 a       946     0    48     1     6
  5.9619509791195922E-02 a       947     0    48     1     7
  1.3681483613630943E-01 a       948     0    48     1     8
  9.3585812897034590E-02 a       949     0    48     1     9
 -3.9538923552248230E-02 a       950     0    48     1    10
 -2.9364951943629281E-01 a       951     0    48     1    11
  2.4031687415280757E-02 a       952     0    48     1    12
 -1.3353102255050863E-02 a       953     0    48     1    13
  1.9821772922423600E-01 a       954     0    48     1    14
 -1.2323605347673859E-01 a       955     0    48     1    15
  1.1132828044220039E-01 a       956     0    48     1    16
 -2.5690004429918650E-01 a       957     0    48     1    17
 -7.7905528461974446E-02 a       958     0    48     1    18
  6.7536098195079691E-02 a       959     0    48     1    19
  7.5561671506786665E-02 a       960     0    48     1    20
 -3.5636847790236059E-01 a       961     0    49     1     1
 -3.2775350706230007E-02 a       962     0    49     1     2
  1.0762039507787588E-01 a       963     0    49     1     3
  6.4075308754965643E-02 a       964     0    49     1     4
  1.2938033301296228E-01 a       965     0    49     1     5
 -1.0607186201925707E-01 a       966     0    49     1     6
 -2.2069978504218177E-01 a       967     0    49     1     7
 -3.2423226186667389E-02 a       968     0    49     1     8
 -2.3095199326873029E-02 a       969     0    49     1     9
 -3.1931307359490783E-02 a       970     0    49     1    10
  5.5364652513046238E-02 a       971     0    49     1    11
  3.6185363435369412E-02 a       972     0    49     1    12
  1.1695458627105605E-01 a       973     0    49     1    13
  2.4554788109183665E-01 a       974     0    49     1    14
  1.3052177647027038E-01 a       975     0    49     1    15
  3.8225027501937466E-02 a       976     0    49     1    16
 -1.7853437215365942E-01 a       977     0    49     1    17
  2.9844690376259808E-01 a       978     0    49     1    18
  1.4070485631895963E-01 a       979     0    49     1    19
  6.8216097795242847E-02 a       980     0    49     1    20
  1.7774168748559094E-01 a       981     0    50     1     1
  3.0554233833073558E-02 a       982     0    50     1     2
  6.4117293999806577E-02 a       983     0    50     1     3
  5.3584719951850296E-02 a       984     0    50     1     4
  2.4100068108411496E-01 a       985     0    50     1     5
 -1.7994666227500608E-01 a       986     0    50     1     6
 -9.4690980793908752E-02 a       987     0    50     1     7
 -2.0048094958664514E-01 a       988     0    50     1     8
 -6.8192871116122197E-02 a       989     0    50     1     9
 -2.7340569852807129E-02 a       990     0    50     1    10
  1.2827671511310590E-02 a       991     0    50     1    11
 -2.2256027336220129E-02 a       992     0    50     1    12
  4.5733522460199225E-02 a       993     0    50     1    13
  1.2848381027518271E-01 a       994     0    50     1    14
 -1.2437916983896254E-01 a       995     0    50     1    15
 -3.1486119191897963E-02 a       996     0    50     1    16
 -7.6103919969028974E-02 a       997     0    50     1    17
 -3.5205195081137591E-03 a       998     0    50     1    18
  2.0302447139500083E-02 a       999     0    50     1    19
  8.7605714799918605E-02 a      1000     0    50     1    20
  8.1210527048605832E-03 a      1001     0    51     1     1
  5.4750104259225518E-01 a      1002     0    51     1     2
 -3.0378220202270345E-01 a      1003     0    51     1     3
 -4.4494727545834660E-02 a      1004     0    51     1     4
  4.8657028151112468E-02 a      1005     0    51     1     5
  7.9263024275612437E-02 a      1006     0    51     1     6
 -1.0888776485969383E-01 a      1007     0    51     1     7
 -2.9732636525552586E-01 a      1008     0    51     1     8
  1.6460341434070871E-01 a      1009     0    51     1     9
  8.7597435501838600E-02 a      1010     0    51     1    10
  6.4067359621632902E-02 a      1011     0    51     1    11
  1.8780106625076198E-01 a      1012     0    51     1    12
 -2.6499686831629748E-01 a      1013     0    51     1    13
 -2.2627658619255775E-01 a      1014     0    51     1    14
 -2.2748337936342802E-03 a      1015     0    51     1    15
 -5.1304461548060731E-01 a      1016     0    51     1    16
 -1.4759994018245287E-01 a      1017     0    51     1    17
  1.9742477468172423E-01 a      1018     0    51     1    18
 -5.6992243006649546E-01 a      1019     0    51     1    19
 -1.5732010855283418E-02 a      1020     0    51     1    20
  3.8515841940825503E-02 a      1021     0    52     1     1
  1.4081767698909023E-01 a      1022     0    52     1     2
  1.1299223053302740E-01 a      1023     0    52     1     3
  1.2250787852960061E-01 a      1024     0    52     1     4
  2.3856467011987909E-01 a      1025     0    52     1     5
  1.3009481097427722E-01 a      1026     0    52     1     6
  3.2317461057382779E-01 a      1027     0    52     1     7
 -2.0927048156727449E-01 a      1028     0    52     1     8
 -1.0999640082058301E-01 a      1029     0    52     1     9
 -2.4685354037869098E-01 a      1030     0    52     1    10
 -3.6401397700408888E-01 a      1031     0    52     1    11
 -1.3783261026198787E-01 a      1032     0    52     1    12
  6.3820727444488740E-03 a      1033     0    52     1    13
  1.4094938694333595E-01 a      1034     0    52     1    14
  2.2985491332414137E-01 a      1035     0    52     1    15
  2.1976023460875294E-01 a      1036     0    52     1    16
 -7.8080505594608399E-02 a      1037     0    52     1    17
  4.0487519225330770E-01 a      1038     0    52     1    18
 -1.7822125772955130E-01 a      1039     0    52     1    19
  1.8424242337261793E-01 a      1040     0    52     1    20
  6.1359944525460217E-02 a      1041     0    53     1     1
  7.5777626406132476E-02 a      1042     0    53     1     2
 -2.3900367315616306E-02 a      1043     0    53     1     3
 -1.2510027772505422E-01 a      1044     0    53     1     4
  2.2651445530368289E-01 a      1045     0    53     1     5
 -7.8634277195744173E-02 a      1046     0    53     1     6
 -1.6742806318970321E-01 a      1047     0    53     1     7
 -6.0586270016713788E-02 a      1048     0    53     1     8
  5.2831812950206183E-02 a      1049     0    53     1     9
 -2.3021562389307457E-02 a      1050     0    53     1    10
  7.3065473139087456E-02 a      1051     0    53     1    11
 -4.9462199832326026E-02 a      1052     0    53     1    12
  7.1862544752598498E-02 a      1053     0    53     1    13
  1.7547597535339149E-01 a      1054     0    53     1    14
 -6.4672667110313192E-02 a      1055     0    53     1    15
 -1.0987425815628837E-01 a      1056     0    53     1    16
 -4.9786198700501660E-02 a      1057     0    53     1    17
 -2.5977128666220674E-02 a      1058     0    53     1    18
 -1.1860031576279781E-01 a      1059     0    53     1    19
  2.9457416647077947E-02 a      1060     0    53     1    20
 -3.2885358605514253E-02 a      1061     0    54     1     1
 -2.2091762534080592E-01 a      1062     0    54     1     2
 -2.8956682052268656E-02 a      1063     0    54     1     3
 -5.8774680736144717E-02 a      1064     0    54     1     4
  9.2814700125483721E-02 a      1065     0    54     1     5
 -4.3362068481103813E-05 a      1066     0    54     1     6
 -1.5790420369940300E-01 a      1067     0    54     1     7
  2.3076209308335333E-02 a      1068     0    54     1     8
 -1.1253973780169767E-01 a      1069     0    54     1     9
  1.7289538562052850E-01 a      1070     0    54     1    10
  1.4531440316656394E-01 a      1071     0    54     1    11
 -8.3298578589833916E-02 a      1072     0    54     1    12
 -7.7357781429155496E-03 a      1073     0    54     1    13
  1.5825513427599927E-01 a      1074     0    54     1    14
  4.6391533861850763E-02 a      1075     0    54     1    15
  1.0152866573950748E-03 a      1076     0    54     1    16
 -3.4710637000926026E-02 a      1077     0    54     1    17
  2.9740356650014618E-02 a      1078     0    54     1    18
  1.7067029951530654E-01 a      1079     0    54     1    19
 -3.5744910756825470E-03 a      1080     0    54     1    20
 -2.6744541958149848E-01 b      1081     1     1
  7.3781074811555192E-01 b      1082     1     2
  4.0491676134445781E-01 b      1083     1     3
  1.3766426558760174E+00 b      1084     1     4
 -1.1766198719352108E+00 b      1085     1     5
 -7.2780070705689304E-01 b      1086     1     6
  1.3316193812726333E-02 b      1087     1     7
  6.5338666067097950E-01 b      1088     1     8
 -6.6814916647802125E-01 b      1089     1     9
  2.4005111788161285E-01 b      1090     1    10
  2.3300563270409475E-01 b      1091     1    11
  1.3779959874728656E+00 b      1092     1    12
  8.0953554805834260E-01 b      1093     1    13
  3.1112121188285630E-01 b      1094     1    14
  1.0861663042401173E+00 b      1095     1    15
  6.8643909629879785E-01 b      1096     1    16
  4.5407631094319972E-01 b      1097     1    17
 -4.0196041244343012E-01 b      1098     1    18
  1.7641251585365775E-01 b      1099     1    19
  1.4916781542878059E+00 b      1100     1    20
 -1.0189815715895577E-01 a      1101     1     1     2     1
  4.7294251803895998E-01 a      1102     1     1     2     2
  4.7694634997977625E-01 a      1103     1     1     2     3
  3.6896224713986708E-02 a      1104     1     1     2     4
  4.9362653662725864E-01 a      1105     1     1     2     5
 -1.3208399925181866E-01 a      1106     1     1     2     6
 -3.2954296370304259E-01 a      1107     1     1     2     7
 -5.8439100252851672E-01 a      1108     1     1     2     8
 -3.0451356219082321E-01 a      1109     1     1     2     9
  2.1842939529559757E-01 a      1110     1     1     2    10
 -2.7497162604428643E-01 a      1111     1     1     2    11
 -2.4456830225722658E-02 a      1112     1     1     2    12
 -2.2780492695431664E-01 a      1113     1     1     2    13
  2.5207103585000623E-01 a      1114     1     1     2    14
  3.8621076185938619E-01 a      1115     1     1     2    15
 -5.4190922878895268E-03 a      1116     1     1     2    16
  1.0886712510206037E-02 a      1117     1     1     2    17
 -8.6611017709219876E-02 a      1118     1     1     2    18
 -2.5823528996031936E-01 a      1119     1     1     2    19
 -5.5434670171009270E-01 a      1120     1     1     2    20
 -6.8277874496811930E-01 a      1121     1     2     2     1
 -6.1937291972369501E-01 a      1122     1     2     2     2
 -2.6299178281391812E-03 a      1123     1     2     2     3
 -5.3392394952540623E-01 a      1124     1     2     2     4
  3.3769695185328415E-02 a      1125     1     2     2     5
 -4.9918750061931699E-01 a      1126     1     2     2     6
  6.5689596989430443E-01 a      1127     1     2     2     7
 -1.0486254295889855E-01 a      1128     1     2     2     8
 -1.4920489141293167E-01 a      1129     1     2     2     9
 -4.8948735280477845E-01 a      1130     1     2     2    10
  2.4060063537877863E-01 a      1131     1     2     2    11
 -8.0565166975334127E-02 a      1132     1     2     2    12
 -5.2088750469256517E-01 a      1133     1     2     2    13
 -5.6736344675918393E-01 a      1134     1     2     2    14
  7.3399690604385659E-01 a      1135     1     2     2    15
 -5.7598163821496060E-02 a      1136     1     2     2    16
  5.5564986576645570E-01 a      1137     1     2     2    17
  8.0347053423439718E-01 a      1138     1     2     2    18
  1.5075852199702680E-01 a      1139     1     2     2    19
  3.2295292942887638E-01 a      1140     1     2     2    20
  3.3042855029812929E-01 a      1141     1     3     2     1
  4.6916117781203592E-01 a      1142     1     3     2     2
  1.7940370291107013E-01 a      1143     1     3     2     3
  2.0640206991424634E-01 a      1144     1     3     2     4
 -2.6091493516295311E-01 a      1145     1     3     2     5
  3.5654256850915229E-02 a      1146     1     3     2     6
  3.0773444641945208E-01 a      1147     1     3     2     7
 -1.3059783728842397E-01 a      1148     1     3     2     8
  6.1888237720756877E-02 a      1149     1     3     2     9
 -6.6501018312238536E-02 a      1150     1     3     2    10
 -2.7417980405165487E-01 a      1151     1     3     2    11
  2.2462238132525780E-01 a      1152     1     3     2    12
  3.8794918606820022E-01 a      1153     1     3     2    13
 -2.5247543354614811E-02 a      1154     1     3     2    14
 -4.3157174925079012E-01 a      1155     1     3     2    15
  4.9296675245994537E-01 a      1156     1     3     2    16
  2.9308182684503392E-01 a      1157     1     3     2    17
  2.9068877933778792E-01 a      1158     1     3     2    18
 -5.2248391724384946E-02 a      1159     1     3     2    19
 -2.7716339557495938E-02 a      1160     1     3     2    20
  3.9848294534798007E-01 a      1161     1     4     2     1
 -8.7492430684872224E-02 a      1162     1     4     2     2
  1.8875049087960658E-01 a      1163     1     4     2     3
 -1.2423926659066915E-01 a      1164     1     4     2     4
 -6.3819164765390013E-01 a      1165     1     4     2     5
 -1.5417324169893548E-01 a      1166     1     4     2     6
  5.0689322394119973E-01 a      1167     1     4     2     7
 -1.6703274408965713E-01 a      1168     1     4     2     8
 -2.2484206578178845E-01 a      1169     1     4     2     9
 -2.7352524237419965E-02 a      1170     1     4     2    10
  6.7409904834196299E-01 a      1171     1     4     2    11
 -4.6769093228515723E-01 a      1172     1     4     2    12
  3.3747610626515595E-01 a      1173     1     4     2    13
 -5.4352171315109010E-01 a      1174     1     4     2    14
 -3.8412175633538959E-01 a      1175     1     4     2    15
  3.0103135563439781E-01 a      1176     1     4     2    16
  1.9289329051106061E-01 a      1177     1     4     2    17
  4.8058672868589913E-01 a      1178     1     4     2    18
 -5.7171207770417709E-01 a      1179     1     4     2    19
 -3.6437811431328437E-01 a      1180     1     4     2    20
  5.2848284493941977E-01 a      1181     1     5     2     1
 -4.6445883069154131E-01 a      1182     1     5     2     2
 -1.9171433440499080E-02 a      1183     1     5     2     3
  4.6505977351711830E-01 a      1184     1     5     2     4
  4.4550903841995407E-02 a      1185     1     5     2     5
  3.9233142506740726E-01 a      1186     1     5     2     6
  9.3168544191381861E-02 a      1187     1     5     2     7
  1.2024002356019900E-01 a      1188     1     5     2     8
  2.2754810221546401E-01 a      1189     1     5     2     9
 -1.1534417223491655E-01 a      1190     1     5     2    10
  4.0404572809085937E-01 a      1191     1     5     2    11
  3.2953843083424006E-01 a      1192     1     5     2    12
  3.3009006199421059E-01 a      1193     1     5     2    13
 -7.2259954859062114E-01 a      1194     1     5     2    14
  1.0400932253790943E-02 a      1195     1     5     2    15
 -5.5267258027092070E-01 a      1196     1     5     2    16
  3.9664656087126896E-02 a      1197     1     5     2    17
  3.8326793354233141E-01 a      1198     1     5     2    18
 -1.0992203327964781E-02 a      1199     1     5     2    19
 -3.3831456024396178E-01 a      1200     1     5     2    20
 -5.6689544183734319E-01 a      1201     1     6     2     1
  3.9665138224935426E-01 a      1202     1     6     2     2
 -7.6464915190748176E-02 a      1203     1     6     2     3
  2.8102719791964775E-01 a      1204     1     6     2     4
  2.6845087485120817E-01 a      1205     1     6     2     5
 -1.7961334039549207E-01 a      1206     1     6     2     6
 -4.3104444765577521E-01 a      1207     1     6     2     7
 -3.4688126230603655E-01 a      1208     1     6     2     8
  2.4942832605660087E-01 a      1209     1     6     2     9
  4.8824532228727180E-01 a      1210     1     6     2    10
 -5.1834395858344751E-01 a      1211     1     6     2    11
 -2.6235844854440848E-01 a      1212     1     6     2    12
 -4.8578292867674167E-01 a      1213     1     6     2    13
  1.4427555360890323E-01 a      1214     1     6     2    14
  6.0210673486017642E-02 a      1215     1     6     2    15
 -6.1320876460600141E-03 a      1216     1     6     2    16
  4.7557963370709944E-01 a      1217     1     6     2    17
  6.8643603863002867E-01 a      1218     1     6     2    18
 -2.4022139216628807E-01 a      1219     1     6     2    19
  6.8137536756021466E-02 a      1220     1     6     2    20
 -5.8606029586367436E-01 a      1221     1     7     2     1
 -3.3156697900357435E-01 a      1222     1     7     2     2
  2.5261977011230490E-02 a      1223     1     7     2     3
  4.8788268912755201E-01 a      1224     1     7     2     4
  8.5588556388405360E-02 a      1225     1     7     2     5
  8.1523008880589706E-02 a      1226     1     7     2     6
 -2.8830317271297246E-01 a      1227     1     7     2     7
 -4.9946182263305793E-02 a      1228     1     7     2     8
 -5.2562132780710280E-01 a      1229     1     7     2     9
  2.7087429387496764E-01 a      1230     1     7     2    10
  8.4765216106154284E-02 a      1231     1     7     2    11
 -6.4204266845380623E-02 a      1232     1     7     2    12
  5.0379157370554206E-01 a      1233     1     7     2    13
 -3.2213754942333772E-01 a      1234     1     7     2    14
 -6.5620191121176863E-01 a      1235     1     7     2    15
 -5.9673585709739141E-01 a      1236     1     7     2    16
  1.1907408513038656E-01 a      1237     1     7     2    17
  2.8928313569315867E-01 a      1238     1     7     2    18
 -3.3028141852113518E-01 a      1239     1     7     2    19
 -5.2853440232287152E-01 a      1240     1     7     2    20
 -3.0428647080764759E-01 a      1241     1     8     2     1
 -3.6989942494189298E-01 a      1242     1     8     2     2
 -5.6117256184691888E-01 a      1243     1     8     2     3
  4.1019340277975269E-01 a      1244     1     8     2     4
  3.3329353344316404E-01 a      1245     1     8     2     5
 -4.0704902565664036E-01 a      1246     1     8     2     6
  2.1532104182246900E-01 a      1247     1     8     2     7
 -6.0919336325019058E-01 a      1248     1     8     2     8
  3.9570048833608817E-01 a      1249     1     8     2     9
  1.8610058977822622E-01 a      1250     1     8     2    10
  4.7413980294299407E-01 a      1251     1     8     2    11
 -4.7769868128941356E-01 a      1252     1     8     2    12
 -9.6481640354212986E-02 a      1253     1     8     2    13
  2.0825989646494578E-01 a      1254     1     8     2    14
 -2.6820260200421187E-01 a      1255     1     8     2    15
 -8.9414926540211770E-02 a      1256     1     8     2    16
 -1.6582449938840119E-01 a      1257     1     8     2    17
  7.4517712764228486E-02 a      1258     1     8     2    18
 -2.4733298993458297E-01 a      1259     1     8     2    19
 -4.9163631768463369E-02 a      1260     1     8     2    20
  3.9575599293807551E-01 a      1261     1     9     2     1
  5.9351344758967040E-01 a      1262     1     9     2     2
  5.5604520657069989E-01 a      1263     1     9     2     3
  4.8824803394127914E-01 a      1264     1     9     2     4
  1.1744290181739515E-01 a      1265     1     9     2     5
 -4.0018116180270308E-01 a      1266     1     9     2     6
 -5.1028939352288805E-01 a      1267     1     9     2     7
 -4.7871193141638063E-01 a      1268     1     9     2     8
  1.4416454750620147E-01 a      1269     1     9     2     9
 -5.1881908255180043E-01 a      1270     1     9     2    10
  4.8952808708020629E-01 a      1271     1     9     2    11
  2.0275832480719747E-01 a      1272     1     9     2    12
 -2.7518683560922980E-01 a      1273     1     9     2    13
 -2.9216850155992830E-01 a      1274     1     9     2    14
  5.4430750805660633E-01 a      1275     1     9     2    15
  7.6344823214055757E-01 a      1276     1     9     2    16
  4.8824650645671669E-01 a      1277     1     9     2    17
 -1.8323740518766735E-01 a      1278     1     9     2    18
 -3.8368602370524552E-01 a      1279     1     9     2    19
 -5.0983082148733794E-01 a      1280     1     9     2    20
 -4.9073544095186028E-01 a      1281     1    10     2     1
 -3.4515997888111727E-01 a      1282     1    10     2     2
  7.1713188145602319E-02 a      1283     1    10     2     3
  4.6879774875092139E-01 a      1284     1    10     2     4
  3.1095122377867540E-01 a      1285     1    10     2     5
  5.9609780938853152E-01 a      1286     1    10     2     6
  2.6633338677215274E-01 a      1287     1    10     2     7
  6.1017510571063793E-01 a      1288     1    10     2     8
 -1.5464440713923641E-03 a      1289     1    10     2     9
  1.7722037691329892E-02 a      1290     1    10     2    10
  4.0135221241995073E-01 a      1291     1    10     2    11
  6.5853808925618862E-01 a      1292     1    10     2    12
  3.9882343097111234E-01 a      1293     1    10     2    13
 -5.9890232125621901E-01 a      1294     1    10     2    14
 -4.7759556694856853E-01 a      1295     1    10     2    15
 -5.3073095489479571E-01 a      1296     1    10     2    16
 -3.2150993016824010E-02 a      1297     1    10     2    17
  1.2091646844697954E-01 a      1298     1    10     2    18
 -4.9711064196380050E-01 a      1299     1    10     2    19
 -3.9711278328440103E-01 a      1300     1    10     2    20
  1.2316176639545215E-01 a      1301     1    11     2     1
 -3.1287823608284360E-01 a      1302     1    11     2     2
 -1.3617374808809116E-01 a      1303     1    11     2     3
 -3.4723812221624201E-01 a      1304     1    11     2     4
  4.3482866638643675E-01 a      1305     1    11     2     5
  3.6200701008181631E-02 a      1306     1    11     2     6
 -4.1557208866921580E-01 a      1307     1    11     2     7
 -6.2331611924820929E-01 a      1308     1    11     2     8
 -4.9982906761171381E-01 a      1309     1    11     2     9
 -3.1065788164513947E-01 a      1310     1    11     2    10
  5.1102471656484305E-01 a      1311     1    11     2    11
  4.7390831582903431E-01 a      1312     1    11     2    12
  2.4861731722835720E-02 a      1313     1    11     2    13
  1.1782059128807472E-01 a      1314     1    11     2    14
 -5.3777701722604188E-01 a      1315     1    11     2    15
 -4.6699615903019281E-01 a      1316     1    11     2    16
  3.1451795948957728E-01 a      1317     1    11     2    17
 -1.9068389467957428E-02 a      1318     1    11     2    18
 -3.9225496536038978E-01 a      1319     1    11     2    19
 -4.9076462871781962E-01 a      1320     1    11     2    20
 -1.6636552846264913E-01 a      1321     1    12     2     1
 -1.3574065602282492E-01 a      1322     1    12     2     2
  5.1252449455937443E-01 a      1323     1    12     2     3
  3.0248877109911060E-01 a      1324     1    12     2     4
 -4.5771956697098837E-01 a      1325     1    12     2     5
  2.5769562011131292E-01 a      1326     1    12     2     6
 -3.1831102793664456E-01 a      1327     1    12     2     7
  6.1836946641608725E-01 a      1328     1    12     2     8
  2.6176805094984912E-01 a      1329     1    12     2     9
  3.7624266334597456E-01 a      1330     1    12     2    10
  2.4829713642976345E-01 a      1331     1    12     2    11
 -4.9959196966850444E-01 a      1332     1    12     2    12
 -4.8063037090274252E-01 a      1333     1    12     2    13
  1.7609708435408011E-01 a      1334     1    12     2    14
  1.7094460182974977E-01 a      1335     1    12     2    15
  1.8782445133472983E-01 a      1336     1    12     2    16
 -4.7151259597705864E-01 a      1337     1    12     2    17
  1.1035609086512420E-01 a      1338     1    12     2    18
 -1.6121011066252147E-01 a      1339     1    12     2    19
  2.3559521518835394E-01 a      1340     1    12     2    20
 -5.9525143444015227E-01 a      1341     1    13     2     1
  4.2435737672818365E-02 a      1342     1    13     2     2
 -3.7149890269212887E-01 a      1343     1    13     2     3
 -8.0218204103037094E-02 a      1344     1    13     2     4
  5.3163167601631700E-01 a      1345     1    13     2     5
  2.8299166038972245E-01 a      1346     1    13     2     6
 -5.3457550526463049E-01 a      1347     1    13     2     7
 -1.2866077097964132E-01 a      1348     1    13     2     8
 -3.0295893118243927E-01 a      1349     1    13     2     9
  3.6556721331703473E-01 a      1350     1    13     2    10
 -4.1671227673960204E-01 a      1351     1    13     2    11
 -2.3565177666961878E-01 a      1352     1    13     2    12
 -4.9664423344436032E-01 a      1353     1    13     2    13
  4.2186596438562163E-01 a      1354     1    13     2    14
 -2.2694448913964485E-01 a      1355     1    13     2    15
 -6.0798341441678605E-01 a      1356     1    13     2    16
  2.0260085697235886E-01 a      1357     1    13     2    17
 -3.3568947961747489E-02 a      1358     1    13     2    18
 -5.0651747242464662E-01 a      1359     1    13     2    19
  9.5944130994273763E-02 a      1360     1    13     2    20
  3.3861524717951667E-02 a      1361     1    14     2     1
 -5.5693090286286717E-02 a      1362     1    14     2     2
  2.6803945995172063E-01 a      1363     1    14     2     3
 -5.4960703081947226E-01 a      1364     1    14     2     4
  2.2235154988081948E-01 a      1365     1    14     2     5
  1.0961191967468126E-01 a      1366     1    14     2     6
  2.2901709549769192E-01 a      1367     1    14     2     7
  2.2266688244550664E-01 a      1368     1    14     2     8
 -5.0970214562335292E-01 a      1369     1    14     2     9
 -4.9326269749015328E-01 a      1370     1    14     2    10
 -3.4234756237293618E-01 a      1371     1    14     2    11
  5.5819854933615010E-01 a      1372     1    14     2    12
  2.0413708435636069E-01 a      1373     1    14     2    13
  7.9961051003805450E-01 a      1374     1    14     2    14
  5.8370108278991278E-02 a      1375     1    14     2    15
 -6.3335739514960687E-02 a      1376     1    14     2    16
  4.7817158604195509E-01 a      1377     1    14     2    17
 -5.6506216449885682E-02 a      1378     1    14     2    18
  4.6361588345553578E-01 a      1379     1    14     2    19
 -5.5882327143946542E-01 a      1380     1    14     2    20
 -2.3072582968829891E-01 a      1381     1    15     2     1
  4.3313658622801876E-01 a      1382     1    15     2     2
  5.9107539625693062E-01 a      1383     1    15     2     3
  4.2587938563817629E-01 a      1384     1    15     2     4
  4.9549955670982421E-01 a      1385     1    15     2     5
 -3.3326969989839889E-01 a      1386     1    15     2     6
  3.0220907788364987E-01 a      1387     1    15     2     7
 -6.3357092820355332E-01 a      1388     1    15     2     8
 -2.7513196514768373E-01 a      1389     1    15     2     9
 -1.0030817867136650E-01 a      1390     1    15     2    10
 -2.0552721299520643E-01 a      1391     1    15     2    11
  6.3692585572665583E-01 a      1392     1    15     2    12
 -2.5121793237730600E-01 a      1393     1    15     2    13
 -6.6477178109031332E-01 a      1394     1    15     2    14
  5.3130514030158149E-01 a      1395     1    15     2    15
  4.7475985290350775E-01 a      1396     1    15     2    16
 -4.8234275473186727E-01 a      1397     1    15     2    17
  4.3667954211712956E-01 a      1398     1    15     2    18
  3.3262854159961502E-01 a      1399     1    15     2    19
  2.4949978571338796E-01 a      1400     1    15     2    20
 -1.4794976899810677E-01 a      1401     1    16     2     1
  5.0726400658214189E-02 a      1402     1    16     2     2
 -6.2602743479985046E-01 a      1403     1    16     2     3
 -3.5233429298366375E-01 a      1404     1    16     2     4
 -3.1462118309650638E-01 a      1405     1    16     2     5
  7.7720190966444258E-01 a      1406     1    16     2     6
 -1.9464760144009380E-01 a      1407     1    16     2     7
  4.3059786530770583E-02 a      1408     1    16     2     8
 -5.1155770072784879E-01 a      1409     1    16     2     9
 -3.3699318352831176E-01 a      1410     1    16     2    10
  7.0905666329422645E-01 a      1411     1    16     2    11
 -5.1834033430649018E-01 a      1412     1    16     2    12
 -4.6302654641101160E-01 a      1413     1    16     2    13
 -2.7634065729325169E-02 a      1414     1    16     2    14
 -5.4520142774113478E-01 a      1415     1    16     2    15
 -1.1100358269007787E-01 a      1416     1    16     2    16
  1.5308459441305403E-01 a      1417     1    16     2    17
  7.8287156202377250E-02 a      1418     1    16     2    18
 -3.9126736103134341E-01 a      1419     1    16     2    19
  6.4329526571678808E-01 a      1420     1    16     2    20
 -3.9688523886808447E-01 a      1421     1    17     2     1
  2.4820161954007616E-01 a      1422     1    17     2     2
 -4.7214135081066526E-02 a      1423     1    17     2     3
 -2.2303881576895906E-01 a      1424     1    17     2     4
  4.6367763521005445E-01 a      1425     1    17     2     5
 -4.7569918425731224E-02 a      1426     1    17     2     6
 -2.2650478912707336E-01 a      1427     1    17     2     7
 -7.9962712485235135E-02 a      1428     1    17     2     8
  4.2368106381388021E-01 a      1429     1    17     2     9
  3.9325760622846445E-01 a      1430     1    17     2    10
 -5.8318251691185357E-03 a      1431     1    17     2    11
  2.9176351471260803E-01 a      1432     1    17     2    12
  1.0354803133745250E-01 a      1433     1    17     2    13
  4.7711272441608993E-01 a      1434     1    17     2    14
  2.5082390530109816E-01 a      1435     1    17     2    15
 -1.5118374640835838E-01 a      1436     1    17     2    16
 -2.5979374421345192E-01 a      1437     1    17     2    17
  4.3547188300718226E-01 a      1438     1    17     2    18
  4.4179508602347123E-02 a      1439     1    17     2    19
 -4.9853036485394647E-01 a      1440     1    17     2    20
  4.1563927478257678E-01 a      1441     1    18     2     1
  3.2716305973772669E-01 a      1442     1    18     2     2
 -2.7839474756466409E-01 a      1443     1    18     2     3
 -4.9124887624378255E-01 a      1444     1    18     2     4
 -1.7857035826046902E-01 a      1445     1    18     2     5
 -3.9602789223478019E-01 a      1446     1    18     2     6
 -5.9358354468570206E-02 a      1447     1    18     2     7
 -4.2122305187218473E-01 a      1448     1    18     2     8
  2.9447199697996179E-01 a      1449     1    18     2     9
  3.0522407512470545E-01 a      1450     1    18     2    10
 -4.3771621699433638E-01 a      1451     1    18     2    11
 -3.1715058412945246E-01 a      1452     1    18     2    12
 -1.7581476996071019E-01 a      1453     1    18     2    13
  4.8207863590518890E-01 a      1454     1    18     2    14
 -9.8639867208564526E-03 a      1455     1    18     2    15
  4.6238144382175983E-01 a      1456     1    18     2    16
  5.6407727954702454E-02 a      1457     1    18     2    17
 -8.1502439111130109E-01 a      1458     1    18     2    18
  4.4909106596190385E-01 a      1459     1    18     2    19
  2.9883263073586930E-01 a      1460     1    18     2    20
  1.9851133774493733E-02 a      1461     1    19     2     1
 -1.2143890376721350E-01 a      1462     1    19     2     2
 -6.2798924310620019E-01 a      1463     1    19     2     3
 -2.7448989604001633E-02 a      1464     1    19     2     4
  6.8400949577084846E-01 a      1465     1    19     2     5
  2.9477520668861695E-02 a      1466     1    19     2     6
 -2.3470280947371955E-01 a      1467     1    19     2     7
  3.1225064920501453E-02 a      1468     1    19     2     8
  1.9801409499592457E-01 a      1469     1    19     2     9
  3.6021274266906678E-01 a      1470     1    19     2    10
 -1.8029930088341131E-01 a      1471     1    19     2    11
 -3.1705792760228818E-01 a      1472     1    19     2    12
 -6.4198749052463677E-01 a      1473     1    19     2    13
  3.3666901697749907E-01 a      1474     1    19     2    14
  4.2551268758750607E-02 a      1475     1    19     2    15
 -8.1193008193806843E-02 a      1476     1    19     2    16
  4.9801978132409347E-01 a      1477     1    19     2    17
 -1.6036855201686581E-01 a      1478     1    19     2    18
 -9.7510331412940424E-02 a      1479     1    19     2    19
 -2.5264297555663940E-02 a      1480     1    19     2    20
  3.4984871235026022E-01 a      1481     1    20     2     1
 -1.5507615892564036E-01 a      1482     1    20     2     2
  2.6852420626201345E-01 a      1483     1    20     2     3
 -5.9481970281798502E-01 a      1484     1    20     2     4
 -1.6104348713651431E-01 a      1485     1    20     2     5
 -4.7017009427467077E-01 a      1486     1    20     2     6
  6.0639407735978430E-02 a      1487     1    20     2     7
 -4.6978237232723985E-02 a      1488     1    20     2     8
  7.8760378183948584E-02 a      1489     1    20     2     9
  6.4661179793290369E-01 a      1490     1    20     2    10
  3.9059178701488789E-01 a      1491     1    20     2    11
  1.6244313912124450E-01 a      1492     1    20     2    12
 -5.0093205181192313E-02 a      1493     1    20     2    13
 -4.2089776989726838E-02 a      1494     1    20     2    14
  2.7529219884010137E-01 a      1495     1    20     2    15
 -6.3146724637307805E-01 a      1496     1    20     2    16
 -6.3374971422755100E-01 a      1497     1    20     2    17
 -2.2713841236287891E-01 a      1498     1    20     2    18
 -6.4123867884135755E-01 a      1499     1    20     2    19
 -2.4865022007437226E-01 a      1500     1    20     2    20
  1.1758112545609312E+00 b      1501     2     1
 -1.3681918817636072E+00 b      1502     2     2
  3.9162748577081963E-01 b      1503     2     3
  1.3808427869286579E+00 b      1504     2     4
 -2.9278781615138766E-01 b      1505     2     5
  1.6126938729903402E+00 b      1506     2     6
 -8.1142021288201586E-03 b      1507     2     7
  1.3335482064834894E+00 b      1508     2     8
  1.2503224030146087E+00 b      1509     2     9
  1.2402456046347003E+00 b      1510     2    10
  4.2124216539753612E-01 b      1511     2    11
  9.9530321431340762E-01 b      1512     2    12
  9.9275987105380148E-01 b      1513     2    13
  1.3572630503714027E+00 b      1514     2    14
  7.2520986961184353E-01 b      1515     2    15
  9.1243325540070086E-01 b      1516     2    16
 -7.6630768506511260E-01 b      1517     2    17
 -1.0370714158775154E+00 b      1518     2    18
  1.0688550146525355E+00 b      1519     2    19
  3.6981035374432189E-02 b      1520     2    20
  2.1894412705731153E-01 a      1521     2     1     3     1
  8.0427459588660266E-01 a      1522     2     2     3     1
 -1.0715457566159514E+00 a      1523     2     3     3     1
  7.9723750889289027E-03 a      1524     2     4     3     1
  6.9332840909262117E-01 a      1525     2     5     3     1
 -7.9029203431625361E-01 a      1526     2     6     3     1
 -9.2690312561203070E-01 a      1527     2     7     3     1
  2.3402449629414310E-01 a      1528     2     8     3     1
 -5.3571367631742572E-01 a      1529     2     9     3     1
  4.1806320952697285E-01 a      1530     2    10     3     1
 -4.6497648415950621E-01 a      1531     2    11     3     1
  9.3889445892514869E-02 a      1532     2    12     3     1
  1.2809241230431274E+00 a      1533     2    13     3     1
 -3.1257870708083374E-01 a      1534     2    14     3     1
  8.5706253539458133E-01 a      1535     2    15     3     1
  3.4128374058207300E-01 a      1536     2    16     3     1
  1.2391255457081491E+00 a      1537     2    17     3     1
  1.3166268996121003E-02 a      1538     2    18     3     1
 -3.7384253662409950E-01 a      1539     2    19     3     1
  6.2374897631708281E-01 a      1540     2    20     3     1
 -7.4333961914158431E-01 b      1541     3     1
