################################################################################
# Neural network connection values (weights and biases).
################################################################################
# Col  Name       Description
################################################################################
# 1    connection Neural network connection value.
# 2    t          Connection type (a = weight, b = bias).
# 3    index      Index enumerating weights.
# 4    l_s        Starting point layer (end point layer for biases).
# 5    n_s        Starting point neuron in starting layer (end point neuron for biases).
# 6    l_e        End point layer.
# 7    n_e        End point neuron in end layer.
################################################################################
#                      1 2         3     4     5     6     7
#             connection t     index   l_s   n_s   l_e   n_e
############################################################
 -3.2713730957953707E-01 a         1     0     1     1     1
 -4.6722848724656424E-01 a         2     0     1     1     2
 -3.9024393948867891E-01 a         3     0     1     1     3
 -1.6756343059342152E-01 a         4     0     1     1     4
 -2.9961210656296944E-01 a         5     0     1     1     5
 -4.3985643220548537E-01 a         6     0     1     1     6
  1.5393313853861984E-01 a         7     0     1     1     7
 -2.0533088270592603E-01 a         8     0     1     1     8
 -1.2230540934012175E-01 a         9     0     1     1     9
  1.1660959384286897E-01 a        10     0     1     1    10
  1.4175143095097556E-01 a        11     0     1     1    11
  1.5439765390111082E-01 a        12     0     1     1    12
 -2.3752238298254930E-01 a        13     0     1     1    13
  1.9543415856208882E-01 a        14     0     1     1    14
 -4.1122247338883888E-01 a        15     0     1     1    15
 -3.4600752090684395E-01 a        16     0     1     1    16
 -5.7129276689938635E-01 a        17     0     1     1    17
 -4.2421030167981200E-01 a        18     0     1     1    18
 -3.6139350535038556E-01 a        19     0     1     1    19
 -8.2101169151632042E-02 a        20     0     1     1    20
 -1.4319789293747787E-01 a        21     0     2     1     1
  8.3526048306460834E-02 a        22     0     2     1     2
 -6.7741574620743525E-02 a        23     0     2     1     3
 -1.0718072775162935E-01 a        24     0     2     1     4
 -1.6647162025753859E-01 a        25     0     2     1     5
  8.1957001248572386E-02 a        26     0     2     1     6
 -4.3054751152583524E-02 a        27     0     2     1     7
  5.2668192048212934E-03 a        28     0     2     1     8
  4.9217503613101905E-02 a        29     0     2     1     9
 -9.1812221822757556E-02 a        30     0     2     1    10
  1.8746496951078334E-01 a        31     0     2     1    11
  1.7399373773491214E-01 a        32     0     2     1    12
  1.6954492502503668E-01 a        33     0     2     1    13
  3.1506413709824060E-01 a        34     0     2     1    14
  1.3308962792470802E-01 a        35     0     2     1    15
 -2.0808722452688325E-01 a        36     0     2     1    16
 -1.2256849025392950E-01 a        37     0     2     1    17
 -1.3103094560365863E-01 a        38     0     2     1    18
 -1.2867283465384349E-01 a        39     0     2     1    19
  2.3152847681832242E-01 a        40     0     2     1    20
 -4.4111445135809774E-01 a        41     0     3     1     1
 -2.9660139340610175E-01 a        42     0     3     1     2
  2.8261565428514147E-02 a        43     0     3     1     3
 -1.8570031198758791E-01 a        44     0     3     1     4
  9.8884623950732081E-02 a        45     0     3     1     5
  5.9342988663906443E-02 a        46     0     3     1     6
  5.0697153880497135E-02 a        47     0     3     1     7
  4.6425808276049513E-01 a        48     0     3     1     8
 -2.7650300005902800E-01 a        49     0     3     1     9
  7.8199498184225558E-02 a        50     0     3     1    10
  7.1017218934513890E-02 a        51     0     3     1    11
  2.9945188012068835E-01 a        52     0     3     1    12
  4.9798540277238790E-02 a        53     0     3     1    13
 -1.6072769419297575E-01 a        54     0     3     1    14
 -2.3667690131335642E-01 a        55     0     3     1    15
  3.5590059543393983E-02 a        56     0     3     1    16
 -2.6236032660496726E-02 a        57     0     3     1    17
  3.8336572465356644E-01 a        58     0     3     1    18
 -2.5922121015968459E-02 a        59     0     3     1    19
  2.9446099304578544E-01 a        60     0     3     1    20
  5.0380322647274545E-01 a        61     0     4     1     1
 -5.1567277000277512E-01 a        62     0     4     1     2
 -8.4346178203150224E-01 a        63     0     4     1     3
  4.8615049810814281E-01 a        64     0     4     1     4
  6.5676576314799950E-01 a        65     0     4     1     5
  6.5227455387306210E-01 a        66     0     4     1     6
  4.1747731314413528E-01 a        67     0     4     1     7
 -2.1289273523856028E-01 a        68     0     4     1     8
 -8.0037411226081087E-02 a        69     0     4     1     9
 -2.1474136286837817E-01 a        70     0     4     1    10
  5.1101782550779395E-01 a        71     0     4     1    11
 -1.3594129728294210E-01 a        72     0     4     1    12
  6.0047054982419223E-01 a        73     0     4     1    13
  4.8369709431401158E-03 a        74     0     4     1    14
  3.6507307272982448E-01 a        75     0     4     1    15
 -2.4135663385606906E-01 a        76     0     4     1    16
  1.9811382065947705E-01 a        77     0     4     1    17
  7.9960797805835337E-01 a        78     0     4     1    18
  4.4332256519355982E-02 a        79     0     4     1    19
  2.4389752222145414E-01 a        80     0     4     1    20
  4.6976551341144292E-02 a        81     0     5     1     1
  1.6116524903801946E-01 a        82     0     5     1     2
 -6.9181723591723435E-02 a        83     0     5     1     3
 -1.0780010606632479E-01 a        84     0     5     1     4
 -2.0593574256818816E-02 a        85     0     5     1     5
  4.4274796132442992E-02 a        86     0     5     1     6
 -1.3757371830248835E-01 a        87     0     5     1     7
  7.6689875935678137E-02 a        88     0     5     1     8
  5.8724661063157477E-02 a        89     0     5     1     9
  2.4227350617270740E-02 a        90     0     5     1    10
 -1.5861012223565750E-02 a        91     0     5     1    11
  1.7850127657005493E-01 a        92     0     5     1    12
 -5.2262602304285768E-02 a        93     0     5     1    13
 -5.3827809856845384E-02 a        94     0     5     1    14
 -7.0846001680018131E-02 a        95     0     5     1    15
 -2.3092524903626087E-02 a        96     0     5     1    16
  1.8679995873157418E-01 a        97     0     5     1    17
  4.7045818520260405E-04 a        98     0     5     1    18
  9.3204175193869684E-02 a        99     0     5     1    19
  3.4218320586559137E-01 a       100     0     5     1    20
 -5.6294570625354701E-01 a       101     0     6     1     1
 -3.6669786696396184E-01 a       102     0     6     1     2
 -5.1835757463317911E-01 a       103     0     6     1     3
 -3.3035813253964635E-01 a       104     0     6     1     4
 -1.0709894432521579E-01 a       105     0     6     1     5
  5.3975034965687486E-02 a       106     0     6     1     6
  2.1144470799368603E-01 a       107     0     6     1     7
  1.6452691630227628E-01 a       108     0     6     1     8
 -1.8144951897115086E-01 a       109     0     6     1     9
  2.5804405176959944E-01 a       110     0     6     1    10
 -4.1520197016045524E-01 a       111     0     6     1    11
 -1.7406360417156047E-01 a       112     0     6     1    12
  3.1401704106344569E-01 a       113     0     6     1    13
 -5.1003279147063108E-01 a       114     0     6     1    14
 -2.3846442402894549E-01 a       115     0     6     1    15
 -9.2023412922884018E-02 a       116     0     6     1    16
 -2.0405211944812252E-01 a       117     0     6     1    17
  3.8756339498495646E-01 a       118     0     6     1    18
 -2.6511761171673981E-01 a       119     0     6     1    19
  9.8663316402561457E-02 a       120     0     6     1    20
  9.5453429760332508E-03 a       121     0     7     1     1
 -1.8988744115242334E-01 a       122     0     7     1     2
 -2.9537392953969688E-01 a       123     0     7     1     3
 -3.5321286777131516E-01 a       124     0     7     1     4
 -5.1210503395472118E-01 a       125     0     7     1     5
  6.2789406913735593E-02 a       126     0     7     1     6
 -3.0246230422802389E-02 a       127     0     7     1     7
  1.2413331839669058E-01 a       128     0     7     1     8
  1.9246460329134379E-01 a       129     0     7     1     9
  1.5807742325426749E-01 a       130     0     7     1    10
 -7.6702824979076004E-02 a       131     0     7     1    11
  2.5069086132768897E-01 a       132     0     7     1    12
  1.2649041494392887E-01 a       133     0     7     1    13
 -3.3391001662058817E-01 a       134     0     7     1    14
 -1.2600212522013629E-01 a       135     0     7     1    15
  4.7767721578950023E-01 a       136     0     7     1    16
 -4.7038946980566998E-01 a       137     0     7     1    17
 -1.5149153958114875E-01 a       138     0     7     1    18
 -2.2546023376779301E-01 a       139     0     7     1    19
 -7.0165411085858054E-02 a       140     0     7     1    20
  3.0862254025889585E-01 a       141     0     8     1     1
  3.9967624449049381E-02 a       142     0     8     1     2
  3.4681859270436038E-01 a       143     0     8     1     3
  1.6412614022138705E-01 a       144     0     8     1     4
 -1.3908796781019053E-01 a       145     0     8     1     5
 -1.7766189833607823E-01 a       146     0     8     1     6
 -2.0123840473113293E-04 a       147     0     8     1     7
  1.4282636708532220E-01 a       148     0     8     1     8
 -1.6482135543200313E-02 a       149     0     8     1     9
  2.9402534444348555E-01 a       150     0     8     1    10
 -9.5261326240521638E-02 a       151     0     8     1    11
 -3.3639996556269275E-01 a       152     0     8     1    12
 -1.3783369249754540E-01 a       153     0     8     1    13
  1.0467632933632788E-01 a       154     0     8     1    14
  1.7575752274211773E-01 a       155     0     8     1    15
 -6.5091703592474973E-02 a       156     0     8     1    16
  8.6009787235826474E-02 a       157     0     8     1    17
  9.3996637970034269E-02 a       158     0     8     1    18
 -6.4746837517849098E-02 a       159     0     8     1    19
 -2.8913128039654123E-01 a       160     0     8     1    20
 -5.2656868114006339E-01 a       161     0     9     1     1
  7.5430596265503233E-02 a       162     0     9     1     2
  1.5609080169621514E-01 a       163     0     9     1     3
 -2.6800594611787082E-01 a       164     0     9     1     4
  9.9178637743195575E-02 a       165     0     9     1     5
 -1.1892300512686567E-02 a       166     0     9     1     6
  3.8732787119313239E-01 a       167     0     9     1     7
  3.0420905322559905E-01 a       168     0     9     1     8
 -9.7682553657480159E-02 a       169     0     9     1     9
  1.5112146049377015E-02 a       170     0     9     1    10
  1.7873036771981451E-01 a       171     0     9     1    11
  8.5377418122666637E-02 a       172     0     9     1    12
  1.8058156601742544E-02 a       173     0     9     1    13
  3.2026973211432802E-01 a       174     0     9     1    14
 -2.7398083831369460E-02 a       175     0     9     1    15
  3.3583587453323166E-01 a       176     0     9     1    16
  3.8492882256159011E-01 a       177     0     9     1    17
  3.4233031303271017E-01 a       178     0     9     1    18
 -7.4301638917329160E-02 a       179     0     9     1    19
 -3.9224334047723292E-01 a       180     0     9     1    20
  5.7496440532558368E-02 a       181     0    10     1     1
 -1.1649558360309183E-01 a       182     0    10     1     2
 -3.3975289259229913E-01 a       183     0    10     1     3
  3.2309516822591627E-01 a       184     0    10     1     4
  3.8523735518000507E-01 a       185     0    10     1     5
  3.1805599900579483E-02 a       186     0    10     1     6
  6.9655764753168328E-02 a       187     0    10     1     7
 -2.9449686163890443E-01 a       188     0    10     1     8
 -2.0179881582157139E-01 a       189     0    10     1     9
 -1.2812046242617112E-01 a       190     0    10     1    10
  2.1618546508921360E-01 a       191     0    10     1    11
 -3.8266034307768100E-02 a       192     0    10     1    12
  5.1184647127671443E-02 a       193     0    10     1    13
  3.9675460159774273E-01 a       194     0    10     1    14
 -2.9908209542575462E-02 a       195     0    10     1    15
 -1.2969134011861194E-01 a       196     0    10     1    16
  3.7480826566987431E-02 a       197     0    10     1    17
  3.8715927050157772E-01 a       198     0    10     1    18
  9.7035856968424553E-02 a       199     0    10     1    19
  9.0840707606723248E-02 a       200     0    10     1    20
  1.0376310011781756E-01 a       201     0    11     1     1
  3.2670790780520792E-02 a       202     0    11     1     2
  2.3802315063408197E-01 a       203     0    11     1     3
 -1.5868217301586682E-01 a       204     0    11     1     4
  1.1610973043751094E-01 a       205     0    11     1     5
  3.9541420950660172E-01 a       206     0    11     1     6
 -1.9811867450131838E-02 a       207     0    11     1     7
  1.3000109866646203E-01 a       208     0    11     1     8
 -2.3960782581033807E-01 a       209     0    11     1     9
  3.1390325549323833E-02 a       210     0    11     1    10
 -3.9143677955015888E-02 a       211     0    11     1    11
  1.7204181929274145E-01 a       212     0    11     1    12
  1.3055794902242734E-01 a       213     0    11     1    13
 -2.1690715901923782E-01 a       214     0    11     1    14
  2.4252581365156611E-01 a       215     0    11     1    15
  1.2351708866200380E-01 a       216     0    11     1    16
  1.1454125995300853E-01 a       217     0    11     1    17
  2.9351841878561413E-01 a       218     0    11     1    18
 -8.7428491281535986E-02 a       219     0    11     1    19
 -2.9824454604750444E-01 a       220     0    11     1    20
 -1.0495211729149436E-02 a       221     0    12     1     1
  3.0561321912892181E-01 a       222     0    12     1     2
 -2.3655709872869807E-01 a       223     0    12     1     3
 -2.5744846681102640E-01 a       224     0    12     1     4
  2.6088218745642222E-01 a       225     0    12     1     5
  2.8862909555423372E-01 a       226     0    12     1     6
  3.6374069997696334E-01 a       227     0    12     1     7
  1.4579146047008745E-01 a       228     0    12     1     8
  2.1809366465611432E-01 a       229     0    12     1     9
 -2.7514831784644554E-02 a       230     0    12     1    10
  4.2780976655257139E-02 a       231     0    12     1    11
  3.0697803463496195E-02 a       232     0    12     1    12
  2.9883539035459805E-01 a       233     0    12     1    13
  1.0286365872348487E-01 a       234     0    12     1    14
  2.9373504122046951E-01 a       235     0    12     1    15
 -5.1722670888622882E-02 a       236     0    12     1    16
 -1.9163821949253323E-01 a       237     0    12     1    17
  2.5824957024398472E-02 a       238     0    12     1    18
  1.4578619376906288E-01 a       239     0    12     1    19
 -2.1875767744347352E-01 a       240     0    12     1    20
  1.7970542769701453E-01 a       241     0    13     1     1
 -7.9557953127921244E-02 a       242     0    13     1     2
 -1.1816671792627551E-01 a       243     0    13     1     3
 -3.0861119080178534E-01 a       244     0    13     1     4
 -1.4546620210512659E-01 a       245     0    13     1     5
  3.7478206451261716E-02 a       246     0    13     1     6
  3.4034860540752006E-02 a       247     0    13     1     7
  6.7088635681560177E-02 a       248     0    13     1     8
  1.4783787838992415E-01 a       249     0    13     1     9
 -1.0603642966119203E-01 a       250     0    13     1    10
 -8.3712905014096894E-02 a       251     0    13     1    11
 -1.1067114495029653E-01 a       252     0    13     1    12
 -2.3753154521120520E-03 a       253     0    13     1    13
  4.3021093245718380E-02 a       254     0    13     1    14
  1.4185025524553443E-01 a       255     0    13     1    15
  1.3478985591541859E-01 a       256     0    13     1    16
 -7.0314973562466548E-02 a       257     0    13     1    17
 -6.0640948002002294E-02 a       258     0    13     1    18
 -1.7740940000656810E-01 a       259     0    13     1    19
 -8.6084198806045883E-02 a       260     0    13     1    20
  1.0100074463543028E-01 a       261     0    14     1     1
  6.3504917294253185E-02 a       262     0    14     1     2
 -1.1877273422170879E-02 a       263     0    14     1     3
  3.4059058245711336E-02 a       264     0    14     1     4
 -8.0016361244610978E-02 a       265     0    14     1     5
 -1.8371609296095590E-01 a       266     0    14     1     6
 -9.7191706627081098E-02 a       267     0    14     1     7
  3.6664967757072821E-02 a       268     0    14     1     8
  2.1800542942162141E-01 a       269     0    14     1     9
  1.5972326618731356E-01 a       270     0    14     1    10
 -3.6315835639647964E-02 a       271     0    14     1    11
 -2.5983252903567711E-01 a       272     0    14     1    12
 -1.6994567411497663E-01 a       273     0    14     1    13
  4.3439611220436304E-02 a       274     0    14     1    14
  2.0529888999846323E-02 a       275     0    14     1    15
 -2.4031948455590396E-01 a       276     0    14     1    16
  1.4519412471235849E-01 a       277     0    14     1    17
 -1.4466538584988062E-01 a       278     0    14     1    18
  5.1229693113146194E-02 a       279     0    14     1    19
  6.8656297652009937E-02 a       280     0    14     1    20
 -2.5718633810446812E-01 a       281     0    15     1     1
 -5.7305215082191253E-02 a       282     0    15     1     2
 -2.2736301946011051E-02 a       283     0    15     1     3
 -1.7806656890659116E-02 a       284     0    15     1     4
 -1.6613728464304911E-01 a       285     0    15     1     5
  1.0184425722076448E-03 a       286     0    15     1     6
 -1.7427241311398095E-01 a       287     0    15     1     7
 -2.7547018109915264E-02 a       288     0    15     1     8
  3.0287891114496130E-03 a       289     0    15     1     9
  1.4482414464921117E-01 a       290     0    15     1    10
  1.3684451420838198E-01 a       291     0    15     1    11
  8.3843919501166930E-02 a       292     0    15     1    12
  2.4968057705250038E-01 a       293     0    15     1    13
 -1.2633640259299930E-01 a       294     0    15     1    14
 -1.9056810090251958E-01 a       295     0    15     1    15
  1.5166676346710548E-01 a       296     0    15     1    16
  1.1569913566668981E-01 a       297     0    15     1    17
 -1.5299068470677987E-02 a       298     0    15     1    18
 -1.1369296426389092E-02 a       299     0    15     1    19
 -1.9632269384339495E-02 a       300     0    15     1    20
  5.6804567465716044E-03 a       301     0    16     1     1
  1.3275775529961309E-01 a       302     0    16     1     2
 -1.7125687473537948E-01 a       303     0    16     1     3
  2.2843892513774000E-01 a       304     0    16     1     4
  1.9744294833639281E-01 a       305     0    16     1     5
  1.0578892270769975E-01 a       306     0    16     1     6
  6.8860284179689202E-02 a       307     0    16     1     7
 -1.7631803939737789E-01 a       308     0    16     1     8
 -4.6697831036712024E-02 a       309     0    16     1     9
  1.6072461317644493E-01 a       310     0    16     1    10
  2.3240052554076937E-01 a       311     0    16     1    11
  2.4676819643458783E-01 a       312     0    16     1    12
  9.5497550163258463E-02 a       313     0    16     1    13
  1.7632206226744501E-01 a       314     0    16     1    14
 -8.9216187034805189E-02 a       315     0    16     1    15
 -1.8379918029358358E-02 a       316     0    16     1    16
  1.5965191862129191E-02 a       317     0    16     1    17
  1.4814182170116614E-02 a       318     0    16     1    18
 -2.3199329029451880E-02 a       319     0    16     1    19
 -3.8686115515666440E-02 a       320     0    16     1    20
 -5.7743273590844656E-02 a       321     0    17     1     1
 -8.1570779193696027E-02 a       322     0    17     1     2
  2.1441482203607556E-01 a       323     0    17     1     3
 -1.2494773350045077E-01 a       324     0    17     1     4
 -5.4837145968531051E-02 a       325     0    17     1     5
  3.7123174626992926E-03 a       326     0    17     1     6
 -7.6891424401719977E-02 a       327     0    17     1     7
  1.0294866046135205E-01 a       328     0    17     1     8
  1.9056283638373892E-02 a       329     0    17     1     9
  1.0968752732730780E-01 a       330     0    17     1    10
 -2.1197242874917821E-01 a       331     0    17     1    11
 -5.3628517782774873E-02 a       332     0    17     1    12
  1.6436059124026323E-02 a       333     0    17     1    13
 -3.3780760608858063E-01 a       334     0    17     1    14
 -8.2423450124485043E-02 a       335     0    17     1    15
 -1.4040600350831661E-01 a       336     0    17     1    16
  3.0799083432203632E-02 a       337     0    17     1    17
  1.8815947831920538E-01 a       338     0    17     1    18
  2.2928796547039193E-02 a       339     0    17     1    19
  1.8252876561999851E-01 a       340     0    17     1    20
  1.5678562200108895E-02 a       341     0    18     1     1
  1.3529117870393398E-01 a       342     0    18     1     2
 -1.2147332502006135E-01 a       343     0    18     1     3
 -6.2200355879572476E-02 a       344     0    18     1     4
  2.2685905642791032E-01 a       345     0    18     1     5
  4.5208838719312522E-01 a       346     0    18     1     6
 -3.5330957629402117E-02 a       347     0    18     1     7
 -5.6487819810414133E-02 a       348     0    18     1     8
 -9.4615091692913517E-02 a       349     0    18     1     9
  6.3111296447259414E-03 a       350     0    18     1    10
 -7.7092772431589310E-02 a       351     0    18     1    11
 -2.2303709199064906E-01 a       352     0    18     1    12
 -4.6088011682796713E-02 a       353     0    18     1    13
 -1.0200861059893150E-01 a       354     0    18     1    14
  1.1740884570091184E-01 a       355     0    18     1    15
  2.3310539201206165E-01 a       356     0    18     1    16
 -1.9311225839891896E-01 a       357     0    18     1    17
 -3.7043283182257934E-02 a       358     0    18     1    18
 -2.5468602619752823E-01 a       359     0    18     1    19
  2.5410452997853628E-01 a       360     0    18     1    20
  3.1549278803390222E-02 a       361     0    19     1     1
  2.8188452513692442E-02 a       362     0    19     1     2
 -1.7730790802033058E-02 a       363     0    19     1     3
 -1.9230981502689506E-02 a       364     0    19     1     4
 -2.2160526444048347E-02 a       365     0    19     1     5
  3.7949508857560944E-03 a       366     0    19     1     6
 -4.0452213480880683E-02 a       367     0    19     1     7
  9.9592157447292079E-02 a       368     0    19     1     8
 -1.6387804119742475E-01 a       369     0    19     1     9
 -1.9813097509006186E-01 a       370     0    19     1    10
  5.1005687573318921E-02 a       371     0    19     1    11
  1.8454229898889254E-01 a       372     0    19     1    12
  1.2695269412041754E-01 a       373     0    19     1    13
  2.2833034906851868E-01 a       374     0    19     1    14
  1.1368003032053205E-01 a       375     0    19     1    15
  6.7859351011011079E-02 a       376     0    19     1    16
 -1.3238449552703122E-01 a       377     0    19     1    17
 -5.3056300553776380E-02 a       378     0    19     1    18
 -7.1654917929943412E-02 a       379     0    19     1    19
  2.3398508660158759E-01 a       380     0    19     1    20
  4.0188549110540164E-02 a       381     0    20     1     1
 -1.1440899940689567E-01 a       382     0    20     1     2
 -6.1888973259265227E-02 a       383     0    20     1     3
  3.4484404540850375E-02 a       384     0    20     1     4
 -1.2944139106243982E-01 a       385     0    20     1     5
 -7.1545660024671234E-02 a       386     0    20     1     6
  1.6888737109838456E-01 a       387     0    20     1     7
  9.4136896124639383E-03 a       388     0    20     1     8
  6.4654128826047166E-02 a       389     0    20     1     9
  1.3750523211316121E-01 a       390     0    20     1    10
 -1.4382106782031645E-02 a       391     0    20     1    11
 -1.6580533446339332E-01 a       392     0    20     1    12
 -1.5046202727092764E-01 a       393     0    20     1    13
 -1.4129457061277256E-01 a       394     0    20     1    14
  1.8364085606889406E-02 a       395     0    20     1    15
 -1.8681390558285015E-02 a       396     0    20     1    16
  1.7391769321090926E-02 a       397     0    20     1    17
 -5.2766134321915743E-02 a       398     0    20     1    18
  1.0821900630113304E-01 a       399     0    20     1    19
 -2.2351540631307015E-01 a       400     0    20     1    20
  1.0948994374250703E-01 a       401     0    21     1     1
 -1.4799852654898493E-01 a       402     0    21     1     2
  3.9960759553498482E-02 a       403     0    21     1     3
  1.2924516990083768E-01 a       404     0    21     1     4
 -1.3307396456662915E-01 a       405     0    21     1     5
 -3.5429040045859528E-01 a       406     0    21     1     6
  1.9481404733463606E-01 a       407     0    21     1     7
  7.9877544095517325E-03 a       408     0    21     1     8
  1.7637413366039795E-01 a       409     0    21     1     9
  4.6266223001253506E-02 a       410     0    21     1    10
  6.6648708950198240E-02 a       411     0    21     1    11
  1.8215991704022208E-01 a       412     0    21     1    12
  1.2619638598087585E-01 a       413     0    21     1    13
  1.3560552690683492E-01 a       414     0    21     1    14
 -1.5508086018532158E-01 a       415     0    21     1    15
 -2.1872217990419948E-01 a       416     0    21     1    16
  1.6333702562691385E-01 a       417     0    21     1    17
 -5.4904146147172775E-02 a       418     0    21     1    18
  2.2532309049063240E-01 a       419     0    21     1    19
 -1.9273628294694145E-01 a       420     0    21     1    20
 -3.2633486450525662E-02 a       421     0    22     1     1
  4.8096382650212502E-02 a       422     0    22     1     2
 -2.2873009783341926E-02 a       423     0    22     1     3
  9.0549708213814459E-02 a       424     0    22     1     4
  2.8026175639815510E-02 a       425     0    22     1     5
 -1.1128598352788054E-01 a       426     0    22     1     6
  9.2443496114942070E-02 a       427     0    22     1     7
 -8.8825338224499895E-02 a       428     0    22     1     8
  9.6287134545813710E-02 a       429     0    22     1     9
 -7.2265017385108210E-02 a       430     0    22     1    10
  8.0103688092635975E-02 a       431     0    22     1    11
  4.1472776116753866E-02 a       432     0    22     1    12
 -5.4625013715119596E-02 a       433     0    22     1    13
  2.3315141468200140E-01 a       434     0    22     1    14
 -7.8342803628019361E-02 a       435     0    22     1    15
 -1.3711627206740137E-01 a       436     0    22     1    16
  1.3799121495117134E-01 a       437     0    22     1    17
  1.5596877675523428E-03 a       438     0    22     1    18
  9.8450745447115726E-02 a       439     0    22     1    19
 -1.7903055479214329E-02 a       440     0    22     1    20
  7.2748716343510218E-03 a       441     0    23     1     1
  5.6979794760205500E-03 a       442     0    23     1     2
  1.2344178422209173E-01 a       443     0    23     1     3
 -1.2339493672402520E-01 a       444     0    23     1     4
 -1.0691149143678326E-01 a       445     0    23     1     5
 -6.3688292784542895E-03 a       446     0    23     1     6
 -5.8919197776341949E-02 a       447     0    23     1     7
  1.0502614728346665E-01 a       448     0    23     1     8
  1.2098266326284030E-01 a       449     0    23     1     9
  7.3479539094697191E-02 a       450     0    23     1    10
 -1.3854422023025850E-01 a       451     0    23     1    11
 -9.9970367129920232E-02 a       452     0    23     1    12
 -6.6492499447427897E-02 a       453     0    23     1    13
 -5.4934233182622562E-02 a       454     0    23     1    14
  3.7971462550817216E-02 a       455     0    23     1    15
 -2.2795551147321954E-02 a       456     0    23     1    16
  4.7471249545126042E-02 a       457     0    23     1    17
  1.1647196050465737E-01 a       458     0    23     1    18
  1.1865129530328842E-02 a       459     0    23     1    19
 -5.7494461927250995E-02 a       460     0    23     1    20
 -1.9806803976363740E-01 a       461     0    24     1     1
  1.0865410620089296E-01 a       462     0    24     1     2
 -2.6526181869370741E-03 a       463     0    24     1     3
 -7.4136798699084572E-02 a       464     0    24     1     4
  3.7486741777532584E-02 a       465     0    24     1     5
  1.2553810377162536E-01 a       466     0    24     1     6
 -1.1236102671306308E-01 a       467     0    24     1     7
  7.5631328340587223E-02 a       468     0    24     1     8
 -9.2283088216894335E-02 a       469     0    24     1     9
 -3.9666038847183976E-02 a       470     0    24     1    10
  7.9419258530493454E-03 a       471     0    24     1    11
  5.8436293891505300E-02 a       472     0    24     1    12
 -1.5327060181538851E-01 a       473     0    24     1    13
  6.8048302512399933E-02 a       474     0    24     1    14
  8.8492508365436068E-02 a       475     0    24     1    15
 -1.6934222037385153E-02 a       476     0    24     1    16
 -7.0986271336894960E-02 a       477     0    24     1    17
  8.0933512110975631E-02 a       478     0    24     1    18
 -7.9751679490632110E-02 a       479     0    24     1    19
  1.5284144994517820E-01 a       480     0    24     1    20
  2.1811759969678039E-02 a       481     0    25     1     1
 -5.4915131951925791E-03 a       482     0    25     1     2
 -1.2625268411021941E-02 a       483     0    25     1     3
 -1.9585905204818590E-02 a       484     0    25     1     4
 -4.6726038937926775E-02 a       485     0    25     1     5
  3.8269079394197422E-02 a       486     0    25     1     6
  3.0516157223192543E-02 a       487     0    25     1     7
  5.9139432725591565E-02 a       488     0    25     1     8
 -7.4981601780660462E-02 a       489     0    25     1     9
  4.1048738501027936E-02 a       490     0    25     1    10
  1.9808719438409915E-02 a       491     0    25     1    11
  9.4928747647503531E-02 a       492     0    25     1    12
  6.4804753993238678E-02 a       493     0    25     1    13
  2.2779973911438659E-02 a       494     0    25     1    14
  5.0783165579590464E-02 a       495     0    25     1    15
  4.0029222188247655E-03 a       496     0    25     1    16
 -7.0863667212047246E-02 a       497     0    25     1    17
 -2.9651234832096727E-02 a       498     0    25     1    18
 -4.9443394363761203E-02 a       499     0    25     1    19
  6.1776706663425572E-02 a       500     0    25     1    20
  2.9225259535494222E-02 a       501     0    26     1     1
 -3.2065232696369864E-02 a       502     0    26     1     2
 -8.6773670708739314E-02 a       503     0    26     1     3
 -1.2589375428454432E-02 a       504     0    26     1     4
  9.4567571826868313E-02 a       505     0    26     1     5
  1.1316234967332504E-01 a       506     0    26     1     6
  2.3585756555840796E-04 a       507     0    26     1     7
 -5.8496756948241968E-02 a       508     0    26     1     8
 -8.1052419652874311E-02 a       509     0    26     1     9
  1.3178038768350561E-01 a       510     0    26     1    10
  2.4047545332443569E-02 a       511     0    26     1    11
  8.6761950884631824E-03 a       512     0    26     1    12
  5.7035285786992670E-02 a       513     0    26     1    13
 -3.2396317264507385E-01 a       514     0    26     1    14
 -6.4547274195342952E-02 a       515     0    26     1    15
  5.8004852108139736E-02 a       516     0    26     1    16
 -8.3670139664285131E-02 a       517     0    26     1    17
 -4.3558254941931378E-02 a       518     0    26     1    18
 -1.0204372804293119E-01 a       519     0    26     1    19
 -1.2668064941649598E-01 a       520     0    26     1    20
  8.3816686300330984E-02 a       521     0    27     1     1
  4.0629467755261689E-02 a       522     0    27     1     2
 -4.8300391920938254E-02 a       523     0    27     1     3
 -1.0813586667084123E-01 a       524     0    27     1     4
  1.0251652005088700E-01 a       525     0    27     1     5
  1.4182691700717537E-01 a       526     0    27     1     6
 -1.5657282342362935E-02 a       527     0    27     1     7
 -9.6245531076549110E-02 a       528     0    27     1     8
  2.2337387219168801E-02 a       529     0    27     1     9
  3.0245095547259793E-01 a       530     0    27     1    10
  4.1525531862038050E-02 a       531     0    27     1    11
 -5.8209131289669987E-02 a       532     0    27     1    12
  1.9484272852371728E-01 a       533     0    27     1    13
 -3.0403486747411013E-01 a       534     0    27     1    14
 -5.9680718076829738E-02 a       535     0    27     1    15
  2.0321280974858463E-01 a       536     0    27     1    16
 -1.3461736888981460E-02 a       537     0    27     1    17
 -9.5693792812020326E-02 a       538     0    27     1    18
 -1.4465133812719222E-01 a       539     0    27     1    19
  4.3929541960031064E-02 a       540     0    27     1    20
 -2.1652817660737051E-03 a       541     0    28     1     1
  4.3825012147491411E-02 a       542     0    28     1     2
 -3.5645000937807626E-02 a       543     0    28     1     3
  1.4773730960272208E-02 a       544     0    28     1     4
  2.7730015352487366E-02 a       545     0    28     1     5
  8.1106486712225238E-04 a       546     0    28     1     6
 -1.4098009807495131E-02 a       547     0    28     1     7
 -1.7718270296800231E-02 a       548     0    28     1     8
  4.6131882591377522E-02 a       549     0    28     1     9
 -3.2451012114139549E-04 a       550     0    28     1    10
 -5.4656242714798868E-03 a       551     0    28     1    11
  1.1703904465628233E-02 a       552     0    28     1    12
  8.7251733716672882E-03 a       553     0    28     1    13
 -4.2132764475896527E-02 a       554     0    28     1    14
 -3.8857858707916394E-02 a       555     0    28     1    15
 -4.6559133218177923E-02 a       556     0    28     1    16
  4.9852011779723164E-03 a       557     0    28     1    17
  1.1710567994340879E-02 a       558     0    28     1    18
 -1.8501529113388399E-02 a       559     0    28     1    19
  8.9587918954977946E-02 a       560     0    28     1    20
  6.2949331214973044E-03 a       561     0    29     1     1
 -8.9197798501587322E-02 a       562     0    29     1     2
  6.9176059800907214E-02 a       563     0    29     1     3
  4.7535660094940639E-02 a       564     0    29     1     4
 -1.3741162441381291E-01 a       565     0    29     1     5
 -1.8909867387072440E-01 a       566     0    29     1     6
  8.9597889657555774E-02 a       567     0    29     1     7
  6.0899418213911656E-02 a       568     0    29     1     8
  7.5051879999406379E-02 a       569     0    29     1     9
 -5.5780817640147126E-02 a       570     0    29     1    10
 -4.8458040445678474E-02 a       571     0    29     1    11
 -7.1385522430282358E-02 a       572     0    29     1    12
 -1.1044864190649532E-01 a       573     0    29     1    13
  1.9430415449545624E-01 a       574     0    29     1    14
  4.0197160049471596E-02 a       575     0    29     1    15
 -1.0249853402093942E-01 a       576     0    29     1    16
  7.3075923663787096E-02 a       577     0    29     1    17
  5.5116227997365520E-02 a       578     0    29     1    18
  1.5307827813117220E-01 a       579     0    29     1    19
  3.4360384525527359E-02 a       580     0    29     1    20
 -1.1934676385335688E-01 a       581     0    30     1     1
 -1.0264799901532995E-01 a       582     0    30     1     2
 -1.1433067430867229E-02 a       583     0    30     1     3
  7.4043573472384466E-02 a       584     0    30     1     4
 -2.0328987464611276E-02 a       585     0    30     1     5
  2.4706957588302013E-02 a       586     0    30     1     6
 -8.9046009833451331E-02 a       587     0    30     1     7
  3.4306787387869957E-02 a       588     0    30     1     8
 -9.9287067845912924E-04 a       589     0    30     1     9
 -2.3339828187155612E-01 a       590     0    30     1    10
 -4.9487943258602479E-02 a       591     0    30     1    11
 -4.9971434799619970E-02 a       592     0    30     1    12
 -4.2556225987009685E-02 a       593     0    30     1    13
 -4.5972306419273315E-02 a       594     0    30     1    14
  4.7503958936489276E-03 a       595     0    30     1    15
 -1.1856689193423506E-02 a       596     0    30     1    16
  1.1024560897837181E-03 a       597     0    30     1    17
  4.6903607935705041E-02 a       598     0    30     1    18
  3.8694453598440391E-02 a       599     0    30     1    19
  5.2269682725243273E-02 a       600     0    30     1    20
  1.6120344601620051E-01 a       601     0    31     1     1
  2.6653064428960777E-01 a       602     0    31     1     2
  3.8782550827533940E-01 a       603     0    31     1     3
  3.9061024837243441E-01 a       604     0    31     1     4
  5.1606772482054442E-01 a       605     0    31     1     5
  1.5067719310431305E-01 a       606     0    31     1     6
  2.8490602088584348E-02 a       607     0    31     1     7
  2.6651852973179102E-01 a       608     0    31     1     8
 -2.1102817230765578E-01 a       609     0    31     1     9
 -1.3260261735204421E-01 a       610     0    31     1    10
  1.2034098788978341E-01 a       611     0    31     1    11
  2.6205135670493268E-01 a       612     0    31     1    12
  1.4095699984745585E-01 a       613     0    31     1    13
 -1.0190994541871640E-01 a       614     0    31     1    14
  5.2527272459056938E-02 a       615     0    31     1    15
  2.2795110885508146E-01 a       616     0    31     1    16
 -2.0155534478742751E-01 a       617     0    31     1    17
 -4.8169781648506216E-01 a       618     0    31     1    18
 -9.1733002993069551E-02 a       619     0    31     1    19
  1.4794438102283250E-01 a       620     0    31     1    20
  1.8910303526987599E-01 a       621     0    32     1     1
 -3.0797250131077963E-01 a       622     0    32     1     2
 -4.1524915041138144E-01 a       623     0    32     1     3
 -4.2065142710952586E-01 a       624     0    32     1     4
 -4.2396773552079248E-01 a       625     0    32     1     5
  6.6551122485783765E-02 a       626     0    32     1     6
  3.6106381135587456E-01 a       627     0    32     1     7
  3.5592444483756681E-02 a       628     0    32     1     8
 -1.1180178556379965E-01 a       629     0    32     1     9
 -3.3589159059008067E-01 a       630     0    32     1    10
 -2.8900537262750486E-01 a       631     0    32     1    11
  2.9778248417114891E-03 a       632     0    32     1    12
 -2.1477772123354569E-01 a       633     0    32     1    13
 -2.6798730839593893E-01 a       634     0    32     1    14
 -1.4050067265899038E-01 a       635     0    32     1    15
 -3.1658199671547949E-01 a       636     0    32     1    16
 -2.5613680605769254E-02 a       637     0    32     1    17
  4.9636422679304915E-01 a       638     0    32     1    18
 -6.0179817269226354E-01 a       639     0    32     1    19
 -3.2483796569938572E-01 a       640     0    32     1    20
  4.2269635844605097E-01 a       641     0    33     1     1
 -5.5439407743493728E-02 a       642     0    33     1     2
  3.0311061292645763E-01 a       643     0    33     1     3
  1.8446050788363474E-01 a       644     0    33     1     4
  5.2304092530863111E-01 a       645     0    33     1     5
  1.9753202053022550E-01 a       646     0    33     1     6
 -2.7526334946586362E-01 a       647     0    33     1     7
 -1.0959498447686379E-01 a       648     0    33     1     8
  5.5001771866035616E-02 a       649     0    33     1     9
  2.7336353983287459E-01 a       650     0    33     1    10
  1.8012832384354643E-01 a       651     0    33     1    11
 -3.8341592382384986E-02 a       652     0    33     1    12
  3.7507620988192586E-01 a       653     0    33     1    13
  4.3048458006735998E-02 a       654     0    33     1    14
 -3.9345836901811350E-02 a       655     0    33     1    15
 -4.2190347493733162E-02 a       656     0    33     1    16
  9.5000595498578283E-02 a       657     0    33     1    17
 -3.5319009114997441E-01 a       658     0    33     1    18
 -1.5560510022343085E-01 a       659     0    33     1    19
 -1.1304984515655242E-01 a       660     0    33     1    20
 -4.2189289564478004E-02 a       661     0    34     1     1
  2.2640621475705242E-01 a       662     0    34     1     2
  2.9870357430705435E-01 a       663     0    34     1     3
  6.1481308500612994E-02 a       664     0    34     1     4
  3.0270775952099547E-03 a       665     0    34     1     5
 -1.2335674271632883E-01 a       666     0    34     1     6
 -3.3356935891870138E-01 a       667     0    34     1     7
 -6.4928955981017972E-02 a       668     0    34     1     8
 -1.0389380811898767E-01 a       669     0    34     1     9
  1.0018238669218346E-01 a       670     0    34     1    10
 -1.8159705374157065E-01 a       671     0    34     1    11
 -6.3832471677431862E-02 a       672     0    34     1    12
 -1.0763367769923218E-01 a       673     0    34     1    13
  1.2453637130739907E-01 a       674     0    34     1    14
  2.2266875950676071E-01 a       675     0    34     1    15
  1.7255372331641780E-01 a       676     0    34     1    16
  9.1115660063256249E-02 a       677     0    34     1    17
 -2.5817214438536584E-01 a       678     0    34     1    18
  3.8144589482810887E-01 a       679     0    34     1    19
 -6.5056895218740071E-02 a       680     0    34     1    20
 -3.0117302756671277E-01 a       681     0    35     1     1
 -1.3130576177560935E-01 a       682     0    35     1     2
 -1.0494183864952908E-01 a       683     0    35     1     3
 -4.2761242699242535E-01 a       684     0    35     1     4
  5.3866781955790095E-02 a       685     0    35     1     5
 -4.1669932528945086E-01 a       686     0    35     1     6
  1.4206903663817710E-01 a       687     0    35     1     7
 -3.0277130598464191E-02 a       688     0    35     1     8
 -1.0666712485682307E-01 a       689     0    35     1     9
 -3.3323469469077147E-02 a       690     0    35     1    10
 -1.9628539714162996E-01 a       691     0    35     1    11
  1.3917400661641191E-01 a       692     0    35     1    12
 -2.6346079122100002E-01 a       693     0    35     1    13
 -2.2455697806162317E-01 a       694     0    35     1    14
 -1.1241403582389413E-01 a       695     0    35     1    15
  1.0455948584438762E-01 a       696     0    35     1    16
  1.9526201566442365E-02 a       697     0    35     1    17
  1.3576156763692987E-01 a       698     0    35     1    18
 -1.4790587437856895E-01 a       699     0    35     1    19
 -1.1855763827633752E-01 a       700     0    35     1    20
 -2.8860609076319932E-02 a       701     0    36     1     1
  4.7604542846114972E-01 a       702     0    36     1     2
 -3.2679666684195231E-02 a       703     0    36     1     3
  2.4908995797286179E-01 a       704     0    36     1     4
  3.6421132038993476E-01 a       705     0    36     1     5
 -4.3944324152566265E-02 a       706     0    36     1     6
 -3.0935585095822798E-01 a       707     0    36     1     7
  9.8035962369352775E-02 a       708     0    36     1     8
 -1.4773726776176366E-01 a       709     0    36     1     9
 -7.6804909353205081E-02 a       710     0    36     1    10
 -1.2964984777511027E-01 a       711     0    36     1    11
 -1.8670393594524526E-01 a       712     0    36     1    12
  2.7432299226282791E-01 a       713     0    36     1    13
 -3.4690308335629422E-01 a       714     0    36     1    14
  2.1912818219480195E-02 a       715     0    36     1    15
  1.7431684899141869E-01 a       716     0    36     1    16
 -7.4621932522295584E-02 a       717     0    36     1    17
  3.2068250218316008E-01 a       718     0    36     1    18
  2.5044624836985813E-01 a       719     0    36     1    19
  1.4138356651376763E-01 a       720     0    36     1    20
 -5.7960385583803165E-01 a       721     0    37     1     1
 -3.0023639880555331E-01 a       722     0    37     1     2
  2.1162494211103361E-01 a       723     0    37     1     3
  1.1984247429204538E-01 a       724     0    37     1     4
 -8.0700488529777251E-02 a       725     0    37     1     5
 -9.3465632262555179E-02 a       726     0    37     1     6
 -3.4296619080014445E-01 a       727     0    37     1     7
 -3.9364769875937972E-01 a       728     0    37     1     8
 -8.2767201376675814E-02 a       729     0    37     1     9
  2.9222731719784895E-01 a       730     0    37     1    10
  1.9971055194454831E-01 a       731     0    37     1    11
  2.8493648343512262E-01 a       732     0    37     1    12
 -2.3802413543125117E-01 a       733     0    37     1    13
  6.2701005900610229E-02 a       734     0    37     1    14
 -5.6760212955581583E-02 a       735     0    37     1    15
  7.7487848022196479E-02 a       736     0    37     1    16
 -1.7405918850665564E-01 a       737     0    37     1    17
 -6.5720690325768094E-01 a       738     0    37     1    18
 -6.0679180774705126E-02 a       739     0    37     1    19
 -9.2992813228889790E-02 a       740     0    37     1    20
 -1.7460613117027526E-01 a       741     0    38     1     1
  3.6405475491666894E-01 a       742     0    38     1     2
  9.0762636831171473E-02 a       743     0    38     1     3
 -2.0057040502060647E-01 a       744     0    38     1     4
  4.2703886799551123E-02 a       745     0    38     1     5
  4.2909743257588021E-02 a       746     0    38     1     6
  1.9562769213812173E-01 a       747     0    38     1     7
  3.0311351140292425E-01 a       748     0    38     1     8
 -1.1624208897752822E-01 a       749     0    38     1     9
 -1.4518027513025644E-01 a       750     0    38     1    10
  3.2258642964333797E-02 a       751     0    38     1    11
  6.4997829552036868E-02 a       752     0    38     1    12
 -2.0826572670040611E-01 a       753     0    38     1    13
  1.3158024384580114E-01 a       754     0    38     1    14
  2.3725746382774998E-01 a       755     0    38     1    15
  1.2879899854441180E-03 a       756     0    38     1    16
  2.5073060344199360E-01 a       757     0    38     1    17
  1.2232722509205417E-01 a       758     0    38     1    18
  8.5115441534631908E-02 a       759     0    38     1    19
  4.2659917713953566E-01 a       760     0    38     1    20
 -2.8774385925666286E-02 a       761     0    39     1     1
 -1.6643044088972253E-01 a       762     0    39     1     2
 -2.5222699708212493E-01 a       763     0    39     1     3
  7.2359944954907079E-02 a       764     0    39     1     4
  2.8537389119405354E-01 a       765     0    39     1     5
  2.7958635604085902E-01 a       766     0    39     1     6
  3.6128787623207376E-01 a       767     0    39     1     7
  4.5944821179370536E-02 a       768     0    39     1     8
  3.6808665970241988E-03 a       769     0    39     1     9
 -3.2147327247127994E-01 a       770     0    39     1    10
  6.2085436257783744E-01 a       771     0    39     1    11
 -9.5082863801028969E-02 a       772     0    39     1    12
  1.9600482445216022E-01 a       773     0    39     1    13
 -4.8329891790412111E-02 a       774     0    39     1    14
 -2.2889784389446571E-01 a       775     0    39     1    15
 -1.8140661227165567E-01 a       776     0    39     1    16
 -2.9695756017186558E-02 a       777     0    39     1    17
  2.8031307730719318E-01 a       778     0    39     1    18
 -2.3986062970096897E-01 a       779     0    39     1    19
 -6.3595948361965374E-02 a       780     0    39     1    20
  5.7304876900898483E-01 a       781     0    40     1     1
 -3.0863363348539563E-01 a       782     0    40     1     2
  9.5393112160791937E-02 a       783     0    40     1     3
  8.4182016879595700E-02 a       784     0    40     1     4
 -6.8905126841308073E-01 a       785     0    40     1     5
 -1.2070331431051831E-01 a       786     0    40     1     6
 -2.5354779652255893E-01 a       787     0    40     1     7
 -5.3191869889412446E-01 a       788     0    40     1     8
  9.4731327878264979E-02 a       789     0    40     1     9
 -2.0181467968481681E-01 a       790     0    40     1    10
 -5.6673376517420108E-03 a       791     0    40     1    11
 -7.6589877057539626E-02 a       792     0    40     1    12
 -3.6674458134601551E-01 a       793     0    40     1    13
  1.5679017002842030E-01 a       794     0    40     1    14
 -4.9525875315192487E-02 a       795     0    40     1    15
  2.6840603665939466E-01 a       796     0    40     1    16
 -5.7992495137743227E-01 a       797     0    40     1    17
 -1.2388277185936288E-01 a       798     0    40     1    18
 -9.3860728162687757E-02 a       799     0    40     1    19
 -1.1776870029776651E-01 a       800     0    40     1    20
 -1.9054719550084649E-02 a       801     0    41     1     1
  4.2462065952443610E-02 a       802     0    41     1     2
  1.4132699349045694E-01 a       803     0    41     1     3
 -2.9854708959437903E-01 a       804     0    41     1     4
  2.2725360613411541E-01 a       805     0    41     1     5
  2.7178240882569998E-01 a       806     0    41     1     6
  9.9835385154065939E-02 a       807     0    41     1     7
  1.7897090964062154E-02 a       808     0    41     1     8
  1.2964538492763203E-01 a       809     0    41     1     9
 -1.1793460117027407E-01 a       810     0    41     1    10
  5.4639266165317446E-02 a       811     0    41     1    11
 -2.2960572056614478E-01 a       812     0    41     1    12
  1.3672225419992268E-01 a       813     0    41     1    13
  4.4601893267741560E-01 a       814     0    41     1    14
 -9.8746046251997732E-02 a       815     0    41     1    15
 -1.9287548194062476E-02 a       816     0    41     1    16
  7.6125747879271149E-02 a       817     0    41     1    17
 -7.3195658868201327E-02 a       818     0    41     1    18
 -1.0097066915276387E-01 a       819     0    41     1    19
 -2.8020441823414083E-01 a       820     0    41     1    20
 -1.7593673431222121E-02 a       821     0    42     1     1
 -1.6344243893871457E-02 a       822     0    42     1     2
 -2.3473805755296714E-02 a       823     0    42     1     3
  4.4114471425625645E-01 a       824     0    42     1     4
 -2.6983802107359983E-01 a       825     0    42     1     5
 -3.1997552919991012E-01 a       826     0    42     1     6
 -1.5252080355414985E-01 a       827     0    42     1     7
 -3.7686273338731369E-02 a       828     0    42     1     8
 -2.5263856270335956E-02 a       829     0    42     1     9
  1.5174567803406222E-01 a       830     0    42     1    10
 -1.6634211382215328E-01 a       831     0    42     1    11
  3.3859411155253000E-01 a       832     0    42     1    12
 -2.9078982348090782E-01 a       833     0    42     1    13
 -2.3401705488312893E-01 a       834     0    42     1    14
  4.4241470446932780E-02 a       835     0    42     1    15
  2.3074304969202059E-02 a       836     0    42     1    16
  3.4793761099509407E-02 a       837     0    42     1    17
  7.1064634616403527E-02 a       838     0    42     1    18
  3.2795224540683882E-01 a       839     0    42     1    19
 -7.3852335094660049E-02 a       840     0    42     1    20
 -7.7999517103067670E-02 a       841     0    43     1     1
 -2.2687273555958043E-01 a       842     0    43     1     2
  1.0431031156204382E-01 a       843     0    43     1     3
  9.6903915729398313E-02 a       844     0    43     1     4
  1.1016193361480442E-01 a       845     0    43     1     5
 -8.7429086418921633E-03 a       846     0    43     1     6
  9.6403247960542317E-04 a       847     0    43     1     7
  1.9727540960231077E-01 a       848     0    43     1     8
  1.4437890423118832E-01 a       849     0    43     1     9
  1.6882719658098008E-01 a       850     0    43     1    10
  4.8043263958189426E-02 a       851     0    43     1    11
  1.9323514640564560E-01 a       852     0    43     1    12
 -4.1446723701334759E-02 a       853     0    43     1    13
  9.1715158217804387E-03 a       854     0    43     1    14
 -1.8732227340890281E-01 a       855     0    43     1    15
 -3.3397225582947532E-01 a       856     0    43     1    16
  2.8651161265268451E-02 a       857     0    43     1    17
 -3.9186435105903972E-02 a       858     0    43     1    18
 -8.0203390313259806E-02 a       859     0    43     1    19
  3.3590003488949721E-01 a       860     0    43     1    20
  7.7397087423708988E-02 a       861     0    44     1     1
 -1.2148065280473363E-02 a       862     0    44     1     2
  9.8476182935565530E-03 a       863     0    44     1     3
 -6.9181472735906037E-03 a       864     0    44     1     4
  1.6303287741770817E-01 a       865     0    44     1     5
 -9.0141118470377937E-02 a       866     0    44     1     6
  2.0182127643360329E-01 a       867     0    44     1     7
  7.2368628779941421E-02 a       868     0    44     1     8
  1.2051725909540874E-01 a       869     0    44     1     9
  1.1486013507116971E-01 a       870     0    44     1    10
  1.3438452084841160E-01 a       871     0    44     1    11
 -1.6912124222048491E-01 a       872     0    44     1    12
  2.1209715173184060E-01 a       873     0    44     1    13
  4.3819136334828410E-02 a       874     0    44     1    14
 -1.4521025254623688E-02 a       875     0    44     1    15
  3.5677578028079374E-02 a       876     0    44     1    16
  2.7820981045481426E-02 a       877     0    44     1    17
  8.9064276147420435E-02 a       878     0    44     1    18
  3.0240515672713537E-02 a       879     0    44     1    19
  1.9311554927124849E-01 a       880     0    44     1    20
 -4.9690653505224176E-02 a       881     0    45     1     1
  3.9422525911655143E-01 a       882     0    45     1     2
 -1.3196477050610017E-01 a       883     0    45     1     3
  1.3032811786578303E-02 a       884     0    45     1     4
 -5.8688078014036964E-02 a       885     0    45     1     5
 -2.5206572408887828E-01 a       886     0    45     1     6
 -6.0304327015536272E-02 a       887     0    45     1     7
 -7.2391687209414676E-02 a       888     0    45     1     8
 -1.8546679378219322E-01 a       889     0    45     1     9
 -1.4967930255548698E-01 a       890     0    45     1    10
 -9.8162439669340046E-02 a       891     0    45     1    11
 -1.7556161800231401E-01 a       892     0    45     1    12
 -8.4570451866722296E-02 a       893     0    45     1    13
 -3.9814530773392004E-02 a       894     0    45     1    14
  1.0754549465676352E-01 a       895     0    45     1    15
  1.2101733842427302E-01 a       896     0    45     1    16
 -1.0180519872500619E-01 a       897     0    45     1    17
  5.0431010610451639E-02 a       898     0    45     1    18
 -1.4667481327685020E-01 a       899     0    45     1    19
 -1.5646300813239084E-01 a       900     0    45     1    20
  9.8282579223997676E-02 a       901     0    46     1     1
 -6.5912567779171524E-02 a       902     0    46     1     2
  2.2781001909893378E-02 a       903     0    46     1     3
 -1.7746783323568918E-01 a       904     0    46     1     4
 -1.5933490033221123E-01 a       905     0    46     1     5
  2.3274771283249454E-01 a       906     0    46     1     6
  2.3293499357495567E-01 a       907     0    46     1     7
 -8.7464847798933099E-02 a       908     0    46     1     8
  5.3050214179455060E-02 a       909     0    46     1     9
  1.3538616072632922E-01 a       910     0    46     1    10
  1.3094269850663159E-01 a       911     0    46     1    11
  4.3140235378252768E-02 a       912     0    46     1    12
 -1.4930317047816619E-01 a       913     0    46     1    13
  6.9497758729582124E-02 a       914     0    46     1    14
  2.4709843679969987E-01 a       915     0    46     1    15
  5.3994502352450444E-02 a       916     0    46     1    16
  2.3703282568866985E-01 a       917     0    46     1    17
 -1.7889702016223549E-01 a       918     0    46     1    18
 -2.7982582951450657E-01 a       919     0    46     1    19
  3.1637552246519579E-01 a       920     0    46     1    20
 -6.2681639999737448E-01 a       921     0    47     1     1
  3.9570193478818794E-02 a       922     0    47     1     2
  3.3059535247258071E-01 a       923     0    47     1     3
 -2.4295912707793535E-01 a       924     0    47     1     4
 -6.2338299580391582E-02 a       925     0    47     1     5
  5.3905814726668132E-02 a       926     0    47     1     6
 -4.5443532796800537E-02 a       927     0    47     1     7
  7.1856332738476109E-02 a       928     0    47     1     8
  1.5350454231628943E-01 a       929     0    47     1     9
 -7.8992296895139383E-02 a       930     0    47     1    10
 -1.0902579681861600E-01 a       931     0    47     1    11
 -3.4090667655325635E-01 a       932     0    47     1    12
  4.7181753465690524E-01 a       933     0    47     1    13
  1.6328890870075691E-01 a       934     0    47     1    14
 -5.5411455236608176E-01 a       935     0    47     1    15
  4.7639114518611497E-01 a       936     0    47     1    16
 -2.6011351308251540E-01 a       937     0    47     1    17
 -3.1351510106792602E-01 a       938     0    47     1    18
  7.1621157233625199E-01 a       939     0    47     1    19
 -3.7974644330692292E-01 a       940     0    47     1    20
 -5.3009767853396308E-03 a       941     0    48     1     1
 -8.9232199166170131E-02 a       942     0    48     1     2
  2.1437850687673040E-03 a       943     0    48     1     3
  6.4425052764542886E-03 a       944     0    48     1     4
  7.1861917702444530E-02 a       945     0    48     1     5
  1.9180546773499774E-02 a       946     0    48     1     6
 -6.4453000125426110E-02 a       947     0    48     1     7
 -4.5957542671425378E-02 a       948     0    48     1     8
 -7.3658405960802781E-02 a       949     0    48     1     9
  6.7424445705577388E-02 a       950     0    48     1    10
  1.6668672600838073E-02 a       951     0    48     1    11
  1.4570205402446162E-01 a       952     0    48     1    12
 -6.7873099756904989E-02 a       953     0    48     1    13
 -4.0680711089466824E-02 a       954     0    48     1    14
 -6.8586687688864070E-02 a       955     0    48     1    15
 -2.3392310920901774E-02 a       956     0    48     1    16
 -1.2161480336983187E-02 a       957     0    48     1    17
  9.5859014699315265E-02 a       958     0    48     1    18
 -3.9215664587033190E-02 a       959     0    48     1    19
  9.1514492497167435E-02 a       960     0    48     1    20
  3.6349315446116770E-01 a       961     0    49     1     1
  1.6964281993808547E-01 a       962     0    49     1     2
 -3.9698300514813968E-02 a       963     0    49     1     3
 -6.1510204860021553E-02 a       964     0    49     1     4
 -1.5511511767725725E-03 a       965     0    49     1     5
 -1.4677464437654694E-01 a       966     0    49     1     6
 -1.4869243933494619E-01 a       967     0    49     1     7
  5.0203323066986688E-02 a       968     0    49     1     8
 -7.1762636984407283E-02 a       969     0    49     1     9
  1.2988640418410879E-01 a       970     0    49     1    10
 -3.7670336935166748E-01 a       971     0    49     1    11
  2.1430179178294944E-03 a       972     0    49     1    12
 -7.1016880956529707E-02 a       973     0    49     1    13
 -1.2704891437586441E-01 a       974     0    49     1    14
  3.6609144402911120E-01 a       975     0    49     1    15
  1.4261425075701023E-01 a       976     0    49     1    16
  6.9145210181448494E-02 a       977     0    49     1    17
  1.3290184698808680E-01 a       978     0    49     1    18
 -2.1089767786413385E-01 a       979     0    49     1    19
  7.7576306186757080E-02 a       980     0    49     1    20
 -5.2624830789027721E-01 a       981     0    50     1     1
 -1.6060006369982233E-01 a       982     0    50     1     2
  1.5201296359030075E-01 a       983     0    50     1     3
  9.6458364600706198E-02 a       984     0    50     1     4
  1.5423191760167332E-01 a       985     0    50     1     5
 -9.1105462729838993E-02 a       986     0    50     1     6
  1.6268567171421611E-01 a       987     0    50     1     7
  2.1897690108759268E-01 a       988     0    50     1     8
  1.9912451788981744E-01 a       989     0    50     1     9
 -3.9841407245017524E-01 a       990     0    50     1    10
  1.4176446380668459E-01 a       991     0    50     1    11
  1.4705612074910906E-01 a       992     0    50     1    12
  1.2672776595572896E-01 a       993     0    50     1    13
  1.9233495486721298E-02 a       994     0    50     1    14
  2.8683141497675013E-01 a       995     0    50     1    15
  2.7620708342145406E-01 a       996     0    50     1    16
  4.6006410630386962E-02 a       997     0    50     1    17
 -5.6389270069811603E-01 a       998     0    50     1    18
  4.0752173370934897E-01 a       999     0    50     1    19
 -2.5456789503968336E-01 a      1000     0    50     1    20
  1.1740488504883790E+00 b      1001     1     1
 -5.3292521104619117E-01 b      1002     1     2
 -8.8030186685192335E-01 b      1003     1     3
 -5.8090816810890045E-01 b      1004     1     4
  4.9130566786907324E-04 b      1005     1     5
 -8.7079510563106544E-01 b      1006     1     6
  5.6237748614217720E-01 b      1007     1     7
  5.5493073389825021E-01 b      1008     1     8
 -7.5751876002685625E-01 b      1009     1     9
  7.8166221953953663E-01 b      1010     1    10
  2.0616302693680594E-01 b      1011     1    11
  1.2888178974144420E+00 b      1012     1    12
  1.0452335660916978E+00 b      1013     1    13
 -8.5787583626072905E-01 b      1014     1    14
 -4.9527683882922724E-01 b      1015     1    15
 -7.6545693659641001E-01 b      1016     1    16
 -9.3688104188851995E-01 b      1017     1    17
 -2.4310186349301566E-01 b      1018     1    18
  2.3572955799054876E-01 b      1019     1    19
  1.5243245332692392E+00 b      1020     1    20
 -4.6389503326454495E-01 a      1021     1     1     2     1
  2.8102318465805021E-01 a      1022     1     1     2     2
 -4.5359398424331626E-01 a      1023     1     1     2     3
 -1.9646568466710806E-01 a      1024     1     1     2     4
 -7.5210057311211775E-01 a      1025     1     1     2     5
 -5.6074790801181329E-01 a      1026     1     1     2     6
 -5.7780961715982723E-02 a      1027     1     1     2     7
  6.1056206748201636E-01 a      1028     1     1     2     8
 -2.3581388344377252E-01 a      1029     1     1     2     9
  2.3226558398951055E-01 a      1030     1     1     2    10
 -2.1840799356636673E-02 a      1031     1     1     2    11
  1.7562642061181807E-01 a      1032     1     1     2    12
  7.3279274250184923E-01 a      1033     1     1     2    13
  3.0926823277514903E-01 a      1034     1     1     2    14
  2.0856774687344795E-01 a      1035     1     1     2    15
 -4.4217934320074065E-01 a      1036     1     1     2    16
  4.4522093306776434E-01 a      1037     1     1     2    17
  2.6326069176906963E-01 a      1038     1     1     2    18
 -2.9546274540395989E-01 a      1039     1     1     2    19
 -2.0793512866330330E-01 a      1040     1     1     2    20
  3.7315652036523433E-01 a      1041     1     2     2     1
 -3.5550301081698193E-01 a      1042     1     2     2     2
  6.4506115211188708E-02 a      1043     1     2     2     3
 -2.4692635835403584E-01 a      1044     1     2     2     4
  1.6263297510398578E-01 a      1045     1     2     2     5
  1.1043770205187382E-01 a      1046     1     2     2     6
 -3.6612598534578537E-02 a      1047     1     2     2     7
  9.2525342002355737E-02 a      1048     1     2     2     8
 -2.5853061019439816E-01 a      1049     1     2     2     9
  1.7193593609701113E-01 a      1050     1     2     2    10
  4.5487564947394049E-01 a      1051     1     2     2    11
 -4.0400494840358919E-01 a      1052     1     2     2    12
 -2.3280539265628797E-01 a      1053     1     2     2    13
 -9.1285086355357661E-02 a      1054     1     2     2    14
 -3.8432381263594984E-01 a      1055     1     2     2    15
  8.3328360419212044E-02 a      1056     1     2     2    16
  5.6346234463406808E-01 a      1057     1     2     2    17
  6.3476495975453873E-01 a      1058     1     2     2    18
  1.4743212531523198E-01 a      1059     1     2     2    19
 -3.7082241225875368E-01 a      1060     1     2     2    20
  5.1670836779149354E-01 a      1061     1     3     2     1
  2.1232456265548647E-01 a      1062     1     3     2     2
 -4.0230591527782333E-01 a      1063     1     3     2     3
  2.6332785957995725E-01 a      1064     1     3     2     4
  3.2329852890236799E-01 a      1065     1     3     2     5
  2.9003471114882423E-01 a      1066     1     3     2     6
  4.8720119020000335E-01 a      1067     1     3     2     7
  5.2324728234581441E-01 a      1068     1     3     2     8
 -2.6792678339216186E-01 a      1069     1     3     2     9
  5.9236361497803458E-01 a      1070     1     3     2    10
  8.3182706443110710E-01 a      1071     1     3     2    11
 -5.1505205103434115E-01 a      1072     1     3     2    12
 -1.0802093114060225E-01 a      1073     1     3     2    13
  5.9068966865358064E-01 a      1074     1     3     2    14
  6.5987691438460461E-01 a      1075     1     3     2    15
 -8.7125127214539327E-02 a      1076     1     3     2    16
  3.0559474130436792E-01 a      1077     1     3     2    17
 -8.0287825162831505E-02 a      1078     1     3     2    18
 -1.0919225273515348E-01 a      1079     1     3     2    19
 -4.8615766807957123E-01 a      1080     1     3     2    20
  5.7431147267745142E-01 a      1081     1     4     2     1
 -7.1150219667721804E-01 a      1082     1     4     2     2
  6.1612126555233093E-01 a      1083     1     4     2     3
 -4.1443484380246803E-01 a      1084     1     4     2     4
  5.3278955178748433E-01 a      1085     1     4     2     5
  3.0986623997984275E-01 a      1086     1     4     2     6
  4.8663115933712953E-01 a      1087     1     4     2     7
 -4.0737882092509053E-01 a      1088     1     4     2     8
  6.9556023671667777E-01 a      1089     1     4     2     9
  1.7928541789460162E-01 a      1090     1     4     2    10
 -3.0556205576306050E-01 a      1091     1     4     2    11
 -4.8124045348723421E-01 a      1092     1     4     2    12
 -5.2830412640834179E-01 a      1093     1     4     2    13
  1.6834033702863901E-01 a      1094     1     4     2    14
 -4.8859373750541391E-01 a      1095     1     4     2    15
 -4.4748848976783545E-01 a      1096     1     4     2    16
  4.2688759885080935E-01 a      1097     1     4     2    17
 -4.5385855013952769E-01 a      1098     1     4     2    18
  5.4234370853722058E-01 a      1099     1     4     2    19
 -5.5850891781541907E-02 a      1100     1     4     2    20
 -3.7227698326340170E-01 a      1101     1     5     2     1
 -3.5463542932591252E-01 a      1102     1     5     2     2
 -2.9982291845719755E-01 a      1103     1     5     2     3
  5.3316574140706605E-02 a      1104     1     5     2     4
  1.7860456152004983E-01 a      1105     1     5     2     5
  2.4275419269668208E-01 a      1106     1     5     2     6
  2.0498621872590128E-01 a      1107     1     5     2     7
  1.0156395243933804E-01 a      1108     1     5     2     8
  4.0718182295618727E-01 a      1109     1     5     2     9
 -2.0182781955228871E-01 a      1110     1     5     2    10
 -6.0971887824659443E-01 a      1111     1     5     2    11
 -4.4945498899338104E-01 a      1112     1     5     2    12
 -5.7580903852450316E-01 a      1113     1     5     2    13
 -9.0628603541526270E-02 a      1114     1     5     2    14
 -1.0380965118596155E-01 a      1115     1     5     2    15
 -7.8805968014450822E-01 a      1116     1     5     2    16
 -3.1585605793924602E-02 a      1117     1     5     2    17
  5.0469687282373699E-01 a      1118     1     5     2    18
  5.1109142516372630E-01 a      1119     1     5     2    19
 -3.0329871317781609E-01 a      1120     1     5     2    20
 -9.7598916337980082E-02 a      1121     1     6     2     1
  2.3737529233825086E-01 a      1122     1     6     2     2
  1.2747794312786284E-01 a      1123     1     6     2     3
 -3.4451889613860864E-01 a      1124     1     6     2     4
 -3.2880348442601820E-01 a      1125     1     6     2     5
  2.5990757958324096E-01 a      1126     1     6     2     6
  3.8410603788593428E-01 a      1127     1     6     2     7
 -3.9757479768060366E-01 a      1128     1     6     2     8
 -5.9349477196719580E-01 a      1129     1     6     2     9
  2.5584541569928870E-01 a      1130     1     6     2    10
 -5.1253652666530858E-01 a      1131     1     6     2    11
 -6.6132918239556837E-01 a      1132     1     6     2    12
 -8.7777122954800987E-02 a      1133     1     6     2    13
  3.6784342334687470E-01 a      1134     1     6     2    14
  4.0497138493272472E-01 a      1135     1     6     2    15
  7.2647068596770031E-02 a      1136     1     6     2    16
  7.9684862945905807E-02 a      1137     1     6     2    17
 -1.2098864023827356E-01 a      1138     1     6     2    18
  3.8279690969773966E-01 a      1139     1     6     2    19
 -3.8964007798031985E-01 a      1140     1     6     2    20
  5.6271180047176828E-01 a      1141     1     7     2     1
  2.1632168154596315E-01 a      1142     1     7     2     2
 -5.7558640182111730E-02 a      1143     1     7     2     3
  3.9659438473760339E-01 a      1144     1     7     2     4
 -1.3241011598024729E-01 a      1145     1     7     2     5
 -2.7670813409314332E-01 a      1146     1     7     2     6
  7.3093996168405437E-02 a      1147     1     7     2     7
 -5.1548794855182289E-01 a      1148     1     7     2     8
  4.2676771962942339E-01 a      1149     1     7     2     9
  1.6535123277607999E-01 a      1150     1     7     2    10
  8.5897404077968809E-02 a      1151     1     7     2    11
 -4.5803865456219994E-01 a      1152     1     7     2    12
 -2.5122101350692594E-01 a      1153     1     7     2    13
 -8.6818300383002089E-02 a      1154     1     7     2    14
  1.3677963589141034E-01 a      1155     1     7     2    15
 -3.6249106918240104E-01 a      1156     1     7     2    16
 -2.4623857140272454E-01 a      1157     1     7     2    17
  2.5228819802159241E-01 a      1158     1     7     2    18
 -4.7364226138776984E-03 a      1159     1     7     2    19
 -2.0220673818471954E-01 a      1160     1     7     2    20
  5.5894391459320314E-01 a      1161     1     8     2     1
  6.6555094276679672E-01 a      1162     1     8     2     2
 -5.6781395620196895E-01 a      1163     1     8     2     3
  4.4837292417918828E-01 a      1164     1     8     2     4
  4.5498712997054286E-01 a      1165     1     8     2     5
 -3.1652966045114128E-01 a      1166     1     8     2     6
  3.3729337540160143E-01 a      1167     1     8     2     7
 -4.7116758727119823E-01 a      1168     1     8     2     8
 -6.7027444799799640E-01 a      1169     1     8     2     9
 -1.6419255720431855E-01 a      1170     1     8     2    10
  2.4230780286978462E-01 a      1171     1     8     2    11
 -3.3053867796107650E-01 a      1172     1     8     2    12
 -4.0861023788922768E-01 a      1173     1     8     2    13
  4.3345675451075305E-01 a      1174     1     8     2    14
 -3.9100909989687810E-01 a      1175     1     8     2    15
  6.6478413053820140E-01 a      1176     1     8     2    16
 -1.5106797677464365E-01 a      1177     1     8     2    17
 -3.2065258326092916E-01 a      1178     1     8     2    18
  1.8610853325669677E-01 a      1179     1     8     2    19
 -1.1902041683025447E-01 a      1180     1     8     2    20
  1.8883361404162582E-01 a      1181     1     9     2     1
 -2.2187225283718671E-02 a      1182     1     9     2     2
 -4.8964140226375846E-01 a      1183     1     9     2     3
 -8.9997517298846280E-02 a      1184     1     9     2     4
  4.8056092675010381E-01 a      1185     1     9     2     5
  8.6262155719743938E-02 a      1186     1     9     2     6
  2.8116933698972085E-01 a      1187     1     9     2     7
 -6.5444355747817262E-01 a      1188     1     9     2     8
 -4.7147728532098740E-02 a      1189     1     9     2     9
  4.3212837766321210E-01 a      1190     1     9     2    10
  1.1123007880002006E-01 a      1191     1     9     2    11
 -1.9054985997026569E-01 a      1192     1     9     2    12
 -5.0068773370275788E-01 a      1193     1     9     2    13
 -4.1357955450850253E-01 a      1194     1     9     2    14
  3.7734426456610842E-01 a      1195     1     9     2    15
  2.1050078846974632E-01 a      1196     1     9     2    16
  1.0835642689563742E-02 a      1197     1     9     2    17
 -4.2519666741103662E-01 a      1198     1     9     2    18
 -5.8597886408601529E-01 a      1199     1     9     2    19
 -1.4293946924812020E-01 a      1200     1     9     2    20
 -2.2915897814304517E-01 a      1201     1    10     2     1
  1.3893499031785521E-02 a      1202     1    10     2     2
  2.9223752750845927E-01 a      1203     1    10     2     3
 -1.8556464500508372E-03 a      1204     1    10     2     4
 -1.3270446901917218E-01 a      1205     1    10     2     5
  5.9405402265006986E-03 a      1206     1    10     2     6
  3.0492269871207489E-01 a      1207     1    10     2     7
 -2.1648733887913832E-01 a      1208     1    10     2     8
 -3.6630465505619025E-01 a      1209     1    10     2     9
 -2.7444945228874823E-01 a      1210     1    10     2    10
 -2.3118821018478400E-01 a      1211     1    10     2    11
  2.9110576502143021E-01 a      1212     1    10     2    12
  1.1928083466242136E-01 a      1213     1    10     2    13
  2.3881623547606090E-02 a      1214     1    10     2    14
 -4.0930728034323521E-01 a      1215     1    10     2    15
 -4.8598008794345138E-01 a      1216     1    10     2    16
 -3.5547483891473003E-01 a      1217     1    10     2    17
 -3.7184530509858871E-01 a      1218     1    10     2    18
  3.5322099853479766E-01 a      1219     1    10     2    19
 -5.5857144128609548E-01 a      1220     1    10     2    20
  5.4983038397189821E-01 a      1221     1    11     2     1
  6.7861059145645508E-01 a      1222     1    11     2     2
 -3.0448600954209137E-01 a      1223     1    11     2     3
  6.8044346620790919E-01 a      1224     1    11     2     4
 -3.3642072995384081E-01 a      1225     1    11     2     5
 -5.0036381445646283E-01 a      1226     1    11     2     6
  2.1675538633023386E-01 a      1227     1    11     2     7
 -5.2049137557072571E-02 a      1228     1    11     2     8
  3.5466288231300375E-01 a      1229     1    11     2     9
  1.6596331671557427E-01 a      1230     1    11     2    10
 -6.1261147543506667E-01 a      1231     1    11     2    11
  7.0750337718504763E-01 a      1232     1    11     2    12
  6.6444503581214365E-01 a      1233     1    11     2    13
 -3.8872598604523689E-01 a      1234     1    11     2    14
 -5.2086167276062889E-01 a      1235     1    11     2    15
 -3.8717797697019751E-01 a      1236     1    11     2    16
 -4.8171262933302228E-01 a      1237     1    11     2    17
  5.9017051785047958E-01 a      1238     1    11     2    18
 -5.8237022780538505E-01 a      1239     1    11     2    19
  5.1768085928390295E-01 a      1240     1    11     2    20
  5.1181481453813471E-01 a      1241     1    12     2     1
 -4.2729805904768176E-01 a      1242     1    12     2     2
 -6.2709063302369550E-01 a      1243     1    12     2     3
  2.2873079183917200E-01 a      1244     1    12     2     4
 -3.6438742781337297E-01 a      1245     1    12     2     5
 -5.5684958762388173E-02 a      1246     1    12     2     6
 -3.6446813635602854E-01 a      1247     1    12     2     7
 -4.4825332033178988E-01 a      1248     1    12     2     8
 -1.3871449315501383E-01 a      1249     1    12     2     9
 -3.8333630636572852E-01 a      1250     1    12     2    10
 -2.7372568455610702E-01 a      1251     1    12     2    11
 -2.3639592044681068E-01 a      1252     1    12     2    12
 -1.6931104363989105E-01 a      1253     1    12     2    13
 -2.8870285917485877E-01 a      1254     1    12     2    14
  4.9972267001317822E-01 a      1255     1    12     2    15
  3.1848448432598003E-01 a      1256     1    12     2    16
  4.2336160571757625E-01 a      1257     1    12     2    17
  2.5117197867930940E-01 a      1258     1    12     2    18
 -4.9807229541734242E-02 a      1259     1    12     2    19
  1.5198897725926724E-01 a      1260     1    12     2    20
  2.7379602254026830E-01 a      1261     1    13     2     1
 -6.1981804134562585E-02 a      1262     1    13     2     2
 -1.7070561145650676E-01 a      1263     1    13     2     3
  2.3578863257111890E-01 a      1264     1    13     2     4
 -1.6498172485096127E-01 a      1265     1    13     2     5
 -8.3942197035971511E-01 a      1266     1    13     2     6
 -4.6213428380160460E-01 a      1267     1    13     2     7
 -2.4588486633216462E-02 a      1268     1    13     2     8
  1.7655468111269865E-01 a      1269     1    13     2     9
  2.2113130955394047E-01 a      1270     1    13     2    10
 -2.5020205236723747E-01 a      1271     1    13     2    11
  1.3516249367925641E-02 a      1272     1    13     2    12
 -9.3071610679900510E-02 a      1273     1    13     2    13
 -6.4949721435515340E-01 a      1274     1    13     2    14
 -1.9586017296600680E-01 a      1275     1    13     2    15
  3.4633095785923651E-01 a      1276     1    13     2    16
 -5.4355277929006973E-01 a      1277     1    13     2    17
  4.2201908156320633E-01 a      1278     1    13     2    18
 -5.6633758457103245E-01 a      1279     1    13     2    19
  2.4670737308785079E-01 a      1280     1    13     2    20
  6.9108450485905637E-02 a      1281     1    14     2     1
 -4.3411426895797717E-01 a      1282     1    14     2     2
  4.1418956401455426E-01 a      1283     1    14     2     3
  6.5335844715065053E-02 a      1284     1    14     2     4
 -4.2796489610024518E-01 a      1285     1    14     2     5
  2.4321413855073759E-01 a      1286     1    14     2     6
  2.5917674554728685E-02 a      1287     1    14     2     7
 -2.4229552536656149E-01 a      1288     1    14     2     8
  1.8600259105513059E-01 a      1289     1    14     2     9
  1.7303219927982957E-01 a      1290     1    14     2    10
 -1.6596769342498166E-01 a      1291     1    14     2    11
 -5.4908326765891587E-02 a      1292     1    14     2    12
 -5.8184956282385361E-02 a      1293     1    14     2    13
  6.7190271883027536E-02 a      1294     1    14     2    14
  2.9713315013228087E-01 a      1295     1    14     2    15
 -2.8616958730287495E-01 a      1296     1    14     2    16
  3.1969987081622908E-01 a      1297     1    14     2    17
 -5.6492627752084945E-01 a      1298     1    14     2    18
 -9.5896781764172753E-02 a      1299     1    14     2    19
 -5.6317583327744092E-01 a      1300     1    14     2    20
  4.5515463621472912E-01 a      1301     1    15     2     1
 -8.4224933099994981E-01 a      1302     1    15     2     2
 -1.4455740764977648E-01 a      1303     1    15     2     3
  5.7367287821014756E-01 a      1304     1    15     2     4
 -3.0659241203489559E-03 a      1305     1    15     2     5
 -4.8735539525602778E-01 a      1306     1    15     2     6
  4.4811814933374239E-01 a      1307     1    15     2     7
 -2.2824137515339285E-01 a      1308     1    15     2     8
  5.7282916243772219E-01 a      1309     1    15     2     9
 -6.1959166680254740E-01 a      1310     1    15     2    10
 -8.0458632698609744E-01 a      1311     1    15     2    11
  1.4624059506161205E-01 a      1312     1    15     2    12
  2.2221249261634599E-01 a      1313     1    15     2    13
 -5.4946938584637572E-01 a      1314     1    15     2    14
 -5.2531781382185472E-01 a      1315     1    15     2    15
  5.7263727199748249E-01 a      1316     1    15     2    16
 -3.1736250001396249E-01 a      1317     1    15     2    17
  1.6889281229039080E-01 a      1318     1    15     2    18
  4.7937170216356495E-01 a      1319     1    15     2    19
  3.8056176940965564E-01 a      1320     1    15     2    20
 -4.4819382585115008E-01 a      1321     1    16     2     1
  4.0592501892159011E-01 a      1322     1    16     2     2
  2.1470328816232348E-01 a      1323     1    16     2     3
 -3.8457114375047291E-01 a      1324     1    16     2     4
 -3.7142868190773226E-01 a      1325     1    16     2     5
 -3.2921309767973778E-01 a      1326     1    16     2     6
 -2.7340089977147675E-01 a      1327     1    16     2     7
 -2.9527807940535240E-02 a      1328     1    16     2     8
 -1.9687271874785342E-01 a      1329     1    16     2     9
  5.4846741231436104E-02 a      1330     1    16     2    10
  4.7729628799006041E-01 a      1331     1    16     2    11
  3.1072085530840005E-01 a      1332     1    16     2    12
 -3.0148399465180825E-01 a      1333     1    16     2    13
  2.1090309779872549E-01 a      1334     1    16     2    14
  2.0376113419498876E-01 a      1335     1    16     2    15
 -4.5108125565519859E-02 a      1336     1    16     2    16
 -2.7228716128992120E-01 a      1337     1    16     2    17
  4.7070536656912965E-02 a      1338     1    16     2    18
 -3.2406064340130514E-01 a      1339     1    16     2    19
 -3.7367273752093250E-01 a      1340     1    16     2    20
 -1.5327286407385204E-01 a      1341     1    17     2     1
  2.7508321507896893E-02 a      1342     1    17     2     2
  4.0158436369873823E-01 a      1343     1    17     2     3
  5.1795379501041805E-01 a      1344     1    17     2     4
  6.6717715522294596E-01 a      1345     1    17     2     5
  7.4925297735728447E-01 a      1346     1    17     2     6
 -4.1695654709841351E-01 a      1347     1    17     2     7
  7.8496318339565108E-01 a      1348     1    17     2     8
 -1.4480820249074910E-01 a      1349     1    17     2     9
  2.7755868233943776E-01 a      1350     1    17     2    10
 -4.4338304379409305E-01 a      1351     1    17     2    11
  2.4870849056290537E-01 a      1352     1    17     2    12
  1.6027107437998717E-01 a      1353     1    17     2    13
  1.2477981057149946E-01 a      1354     1    17     2    14
 -1.2724176386375310E-01 a      1355     1    17     2    15
 -1.8591386314739317E-01 a      1356     1    17     2    16
  6.1577005873387228E-02 a      1357     1    17     2    17
 -2.1871691467407572E-01 a      1358     1    17     2    18
  6.9531099301508539E-02 a      1359     1    17     2    19
  1.8318423266322101E-01 a      1360     1    17     2    20
 -1.8318258749722718E-01 a      1361     1    18     2     1
 -1.4650676321169198E-01 a      1362     1    18     2     2
 -3.0148644032359323E-01 a      1363     1    18     2     3
  5.4151263644769931E-01 a      1364     1    18     2     4
 -5.2852056325169705E-03 a      1365     1    18     2     5
 -5.8281995329202751E-01 a      1366     1    18     2     6
  1.6207619800994805E-01 a      1367     1    18     2     7
  9.9672795576048440E-02 a      1368     1    18     2     8
  3.4826472362802585E-01 a      1369     1    18     2     9
  4.4459737703584723E-01 a      1370     1    18     2    10
 -1.9726364849091413E-01 a      1371     1    18     2    11
  1.6030643337958950E-01 a      1372     1    18     2    12
  3.9843729349732571E-01 a      1373     1    18     2    13
 -6.2613482730378300E-01 a      1374     1    18     2    14
  1.2333144170101097E-01 a      1375     1    18     2    15
 -3.7664655094938765E-01 a      1376     1    18     2    16
  1.5382007748783313E-01 a      1377     1    18     2    17
  1.5340115690373030E-01 a      1378     1    18     2    18
 -4.7955273728725967E-01 a      1379     1    18     2    19
  4.1110952411808949E-01 a      1380     1    18     2    20
 -4.9982175352277014E-01 a      1381     1    19     2     1
  3.3954501863019834E-02 a      1382     1    19     2     2
 -4.5766689502003016E-01 a      1383     1    19     2     3
 -1.1586705973731114E-02 a      1384     1    19     2     4
 -1.3105916484291957E-01 a      1385     1    19     2     5
 -3.5590851393153011E-01 a      1386     1    19     2     6
  1.5936040225951420E-01 a      1387     1    19     2     7
 -2.8093788189754904E-01 a      1388     1    19     2     8
 -5.3674599177096882E-01 a      1389     1    19     2     9
 -2.3754550909550315E-01 a      1390     1    19     2    10
 -3.8361797694083560E-01 a      1391     1    19     2    11
  2.7225252320678567E-01 a      1392     1    19     2    12
 -2.9419877433940633E-01 a      1393     1    19     2    13
 -1.0274852490768256E-01 a      1394     1    19     2    14
 -3.3226733828979449E-01 a      1395     1    19     2    15
  6.1121575001297634E-01 a      1396     1    19     2    16
  4.3839640912391648E-01 a      1397     1    19     2    17
  4.6337559443473020E-01 a      1398     1    19     2    18
 -1.8208824414692289E-02 a      1399     1    19     2    19
  4.3649714590700633E-01 a      1400     1    19     2    20
 -3.6770857385576428E-01 a      1401     1    20     2     1
  6.6766870157411451E-01 a      1402     1    20     2     2
  2.4989143136715650E-01 a      1403     1    20     2     3
 -5.0083504772215892E-01 a      1404     1    20     2     4
 -4.8377096659496988E-01 a      1405     1    20     2     5
 -4.6900078429107442E-02 a      1406     1    20     2     6
  1.5766963990061669E-01 a      1407     1    20     2     7
  3.1963310554249863E-02 a      1408     1    20     2     8
  3.3768177434973923E-01 a      1409     1    20     2     9
  2.8997419630738280E-01 a      1410     1    20     2    10
  6.2080939682427871E-01 a      1411     1    20     2    11
  4.0697752772325846E-02 a      1412     1    20     2    12
 -4.6814649661111526E-02 a      1413     1    20     2    13
  3.3667419715557900E-01 a      1414     1    20     2    14
  1.9033489709630433E-01 a      1415     1    20     2    15
 -3.3135188570381147E-01 a      1416     1    20     2    16
 -9.9997739049718565E-02 a      1417     1    20     2    17
  1.2415964064159903E-02 a      1418     1    20     2    18
 -1.2581008365076402E-01 a      1419     1    20     2    19
  4.2111033079922078E-01 a      1420     1    20     2    20
  1.4425659958755894E+00 b      1421     2     1
  2.7202358517743869E-01 b      1422     2     2
 -1.2554834005959614E-01 b      1423     2     3
  1.5262212638756969E+00 b      1424     2     4
 -7.6569988047277127E-01 b      1425     2     5
  6.5610358624553389E-01 b      1426     2     6
 -3.6755966932961008E-02 b      1427     2     7
  6.1713783037419434E-01 b      1428     2     8
 -1.5292511583173254E+00 b      1429     2     9
  1.6320419078201713E+00 b      1430     2    10
  1.6583765201175560E+00 b      1431     2    11
 -9.0451663411319139E-01 b      1432     2    12
  7.7145086538893215E-01 b      1433     2    13
  1.6541881132333056E-01 b      1434     2    14
  8.3956235409959491E-03 b      1435     2    15
  2.3608737876961983E-01 b      1436     2    16
 -1.0390353220684518E+00 b      1437     2    17
  8.1018464021054515E-01 b      1438     2    18
  7.3496987221196497E-01 b      1439     2    19
  5.8946792741411480E-01 b      1440     2    20
 -8.8206009042381919E-02 a      1441     2     1     3     1
 -8.3630261710970777E-01 a      1442     2     2     3     1
  7.3319317496660186E-01 a      1443     2     3     3     1
  2.8308347534629569E-01 a      1444     2     4     3     1
 -7.8352208343898977E-01 a      1445     2     5     3     1
  5.8156514277320326E-01 a      1446     2     6     3     1
  1.2218553177337963E+00 a      1447     2     7     3     1
  2.9892620246225438E-01 a      1448     2     8     3     1
 -1.7653846918864574E-01 a      1449     2     9     3     1
 -1.3544377073272305E+00 a      1450     2    10     3     1
 -1.0734146334400956E+00 a      1451     2    11     3     1
 -9.2283506928579206E-01 a      1452     2    12     3     1
  1.9511888593190141E-01 a      1453     2    13     3     1
  8.4810831395386632E-01 a      1454     2    14     3     1
 -6.2064336828084665E-01 a      1455     2    15     3     1
 -7.1273503014258374E-02 a      1456     2    16     3     1
 -9.5439889318914894E-01 a      1457     2    17     3     1
 -5.2937597256626878E-01 a      1458     2    18     3     1
 -1.4266563149037401E+00 a      1459     2    19     3     1
  6.1166965152641327E-02 a      1460     2    20     3     1
  1.5551376229166048E-02 b      1461     3     1
