################################################################################
# Neural network connection values (weights and biases).
################################################################################
# Col  Name       Description
################################################################################
# 1    connection Neural network connection value.
# 2    t          Connection type (a = weight, b = bias).
# 3    index      Index enumerating weights.
# 4    l_s        Starting point layer (end point layer for biases).
# 5    n_s        Starting point neuron in starting layer (end point neuron for biases).
# 6    l_e        End point layer.
# 7    n_e        End point neuron in end layer.
################################################################################
#                      1 2         3     4     5     6     7
#             connection t     index   l_s   n_s   l_e   n_e
############################################################
  1.2968698333493253E-01 a         1     0     1     1     1
 -4.9795186491577048E-01 a         2     0     1     1     2
  2.7040078499900801E-03 a         3     0     1     1     3
  1.9156333511627616E-01 a         4     0     1     1     4
 -4.8369259194664074E-02 a         5     0     1     1     5
  3.8706338845453997E-01 a         6     0     1     1     6
  3.5900373135893920E-01 a         7     0     1     1     7
  2.9026262759428006E-01 a         8     0     1     1     8
  2.6696139422929821E-01 a         9     0     1     1     9
 -9.5022433288954988E-01 a        10     0     1     1    10
  1.5259739491998440E-02 a        11     0     1     1    11
  6.0692213580593801E-01 a        12     0     1     1    12
 -5.3466418176119201E-01 a        13     0     1     1    13
 -6.6712950117629455E-01 a        14     0     1     1    14
  2.2734512233161555E-01 a        15     0     1     1    15
 -9.6876730187741303E-02 a        16     0     1     1    16
 -8.9598153865201799E-02 a        17     0     1     1    17
  1.7344854994675765E-01 a        18     0     1     1    18
 -2.6779227085637830E-01 a        19     0     1     1    19
  4.7335610139764150E-01 a        20     0     1     1    20
 -3.0772898805152094E-01 a        21     0     2     1     1
 -1.7891537566376972E-01 a        22     0     2     1     2
 -8.3770874364146264E-02 a        23     0     2     1     3
 -1.8533684624024371E-01 a        24     0     2     1     4
  5.7079988694585693E-01 a        25     0     2     1     5
 -1.2707076886221783E-01 a        26     0     2     1     6
 -2.1549881633249329E-01 a        27     0     2     1     7
 -7.6065398154799110E-02 a        28     0     2     1     8
  1.6311830699968521E-01 a        29     0     2     1     9
 -9.9844650452071970E-02 a        30     0     2     1    10
 -2.3454480976127491E-02 a        31     0     2     1    11
  1.7779024779983346E-01 a        32     0     2     1    12
  1.6368443209425310E-01 a        33     0     2     1    13
  2.3602285713921284E-01 a        34     0     2     1    14
 -3.0061300051323037E-01 a        35     0     2     1    15
 -3.4749673915978407E-01 a        36     0     2     1    16
 -7.5309658551183670E-02 a        37     0     2     1    17
  3.1039501674874198E-01 a        38     0     2     1    18
  1.8191540774037793E-01 a        39     0     2     1    19
 -2.3615837012241467E-01 a        40     0     2     1    20
 -2.3436150187683462E-02 a        41     0     3     1     1
 -1.3142501498452777E-01 a        42     0     3     1     2
  1.3823810797647018E-01 a        43     0     3     1     3
  2.2320622433883613E-01 a        44     0     3     1     4
  8.4873988321404664E-02 a        45     0     3     1     5
  1.1116481689378557E-01 a        46     0     3     1     6
 -1.4399894000726826E-01 a        47     0     3     1     7
  2.9452927274283514E-01 a        48     0     3     1     8
 -8.2712977728071291E-02 a        49     0     3     1     9
 -1.5552424344956919E-02 a        50     0     3     1    10
 -2.3084048176521893E-01 a        51     0     3     1    11
  3.0196787428692223E-01 a        52     0     3     1    12
  7.7941699170699301E-06 a        53     0     3     1    13
  7.2649674892596286E-02 a        54     0     3     1    14
 -3.2818926834502865E-01 a        55     0     3     1    15
  4.1362799516336729E-02 a        56     0     3     1    16
 -9.0326133787187166E-02 a        57     0     3     1    17
 -5.7610957452132981E-02 a        58     0     3     1    18
 -7.5603387133112890E-02 a        59     0     3     1    19
  6.8568562410088407E-02 a        60     0     3     1    20
 -1.3276066950273543E-01 a        61     0     4     1     1
  6.0764550516656424E-01 a        62     0     4     1     2
 -8.6376103686995900E-02 a        63     0     4     1     3
  1.3597031179666158E-01 a        64     0     4     1     4
  2.3850689270850087E-01 a        65     0     4     1     5
  9.1106398466383265E-01 a        66     0     4     1     6
 -7.9105643540356471E-02 a        67     0     4     1     7
 -2.6818077259797840E-01 a        68     0     4     1     8
 -1.7593673330261042E-01 a        69     0     4     1     9
  4.4812922766866742E-01 a        70     0     4     1    10
  7.6429457332011341E-02 a        71     0     4     1    11
  2.0472439352154065E-01 a        72     0     4     1    12
 -4.7541077334628597E-02 a        73     0     4     1    13
  5.8914605796442709E-01 a        74     0     4     1    14
 -5.1352140826291492E-01 a        75     0     4     1    15
 -3.2298657606059128E-01 a        76     0     4     1    16
 -1.3692120469827251E-01 a        77     0     4     1    17
  7.3945920765506920E-02 a        78     0     4     1    18
 -7.0690215205144583E-02 a        79     0     4     1    19
 -4.4189507545648943E-01 a        80     0     4     1    20
  3.1546395769597474E-01 a        81     0     5     1     1
  2.7507752495414339E-01 a        82     0     5     1     2
 -3.4642065142297990E-01 a        83     0     5     1     3
  4.6174762888506449E-01 a        84     0     5     1     4
 -4.0720508790951770E-01 a        85     0     5     1     5
  2.3919295095076429E-01 a        86     0     5     1     6
 -9.8164445235750852E-02 a        87     0     5     1     7
  1.3194545182225728E-01 a        88     0     5     1     8
  1.2670505409872823E-01 a        89     0     5     1     9
  3.3331872108809679E-01 a        90     0     5     1    10
 -1.7920371543990604E-01 a        91     0     5     1    11
  8.5386958060110721E-02 a        92     0     5     1    12
 -4.7932041813016871E-02 a        93     0     5     1    13
 -5.3470875748242441E-01 a        94     0     5     1    14
  2.1528045242384738E-01 a        95     0     5     1    15
  6.7325970048098471E-01 a        96     0     5     1    16
 -2.4640395952052632E-01 a        97     0     5     1    17
 -6.2295969017848056E-02 a        98     0     5     1    18
 -4.7598000540639207E-01 a        99     0     5     1    19
  7.1235815587923398E-02 a       100     0     5     1    20
  2.0353236781741174E-01 a       101     0     6     1     1
  2.9429148577929914E-01 a       102     0     6     1     2
 -2.6842751062521952E-01 a       103     0     6     1     3
 -5.4763878661090386E-02 a       104     0     6     1     4
 -1.6596574259034438E-01 a       105     0     6     1     5
 -7.1480442792071816E-02 a       106     0     6     1     6
 -8.4818587741073856E-02 a       107     0     6     1     7
  5.7699523590798121E-02 a       108     0     6     1     8
 -1.2519304783270710E-01 a       109     0     6     1     9
 -3.1591273475881027E-01 a       110     0     6     1    10
  2.7560333405644993E-01 a       111     0     6     1    11
 -3.5122055838799537E-01 a       112     0     6     1    12
 -3.8332688025437839E-01 a       113     0     6     1    13
 -1.4080118402678010E-01 a       114     0     6     1    14
 -1.8967283810757729E-01 a       115     0     6     1    15
 -3.1417223358518870E-01 a       116     0     6     1    16
 -2.5659610877798561E-01 a       117     0     6     1    17
  2.9016063867212216E-01 a       118     0     6     1    18
 -1.8019531203968683E-01 a       119     0     6     1    19
  1.1135552369588490E-01 a       120     0     6     1    20
  1.8216136457073326E-01 a       121     0     7     1     1
  3.8258835306995659E-01 a       122     0     7     1     2
  1.7162091508167021E-01 a       123     0     7     1     3
 -2.4940916564843371E-01 a       124     0     7     1     4
 -1.2729803132909293E-01 a       125     0     7     1     5
 -1.3226107893632770E+00 a       126     0     7     1     6
 -5.2389382851631770E-02 a       127     0     7     1     7
  3.2640443143402570E-01 a       128     0     7     1     8
 -3.5091596483723858E-01 a       129     0     7     1     9
 -2.1873247934310211E-01 a       130     0     7     1    10
 -4.5231660344527203E-01 a       131     0     7     1    11
 -2.2709543483134653E-01 a       132     0     7     1    12
  6.6262455565578715E-01 a       133     0     7     1    13
 -1.4564375813456909E-01 a       134     0     7     1    14
  1.7070862463893866E-01 a       135     0     7     1    15
  2.7622346186102242E-01 a       136     0     7     1    16
  3.5821182604202290E-01 a       137     0     7     1    17
 -3.1598323336981785E-03 a       138     0     7     1    18
  1.4874020032471905E-01 a       139     0     7     1    19
  5.1689383417188373E-01 a       140     0     7     1    20
 -1.5492451779680330E-01 a       141     0     8     1     1
 -3.1089847243527680E-01 a       142     0     8     1     2
  2.2624612665374161E-01 a       143     0     8     1     3
 -1.8923197022720895E-01 a       144     0     8     1     4
  3.5074390507721143E-01 a       145     0     8     1     5
 -1.0673480856815858E-01 a       146     0     8     1     6
 -2.1178055661418740E-01 a       147     0     8     1     7
 -3.6401159606603956E-01 a       148     0     8     1     8
 -1.5197437755154107E-02 a       149     0     8     1     9
 -4.3194355391226019E-01 a       150     0     8     1    10
 -2.8870277476663436E-01 a       151     0     8     1    11
 -2.4489456384203332E-02 a       152     0     8     1    12
  1.1240577298991489E-01 a       153     0     8     1    13
  1.9978550631321040E-01 a       154     0     8     1    14
  1.6244899491595945E-02 a       155     0     8     1    15
 -2.5598721288542503E-01 a       156     0     8     1    16
  1.2276734151270152E-01 a       157     0     8     1    17
  7.6569037705606413E-02 a       158     0     8     1    18
  1.8361940152331135E-01 a       159     0     8     1    19
 -2.4641380791723630E-01 a       160     0     8     1    20
 -2.2797920997099828E-04 a       161     0     9     1     1
 -5.1770518825598411E-02 a       162     0     9     1     2
  2.7525053374795183E-01 a       163     0     9     1     3
  1.6536692604199435E-01 a       164     0     9     1     4
  1.1161189516268756E-01 a       165     0     9     1     5
  1.7399623748707929E-01 a       166     0     9     1     6
  1.1868492563745044E-01 a       167     0     9     1     7
 -2.9000090288014463E-01 a       168     0     9     1     8
 -3.2321074423356501E-02 a       169     0     9     1     9
  2.1895628083768638E-02 a       170     0     9     1    10
  5.0559845971749368E-02 a       171     0     9     1    11
  5.6349350569523317E-02 a       172     0     9     1    12
  2.2832253230690408E-01 a       173     0     9     1    13
 -1.0566371940584565E-01 a       174     0     9     1    14
 -4.0592088410034227E-01 a       175     0     9     1    15
  1.2404626068191400E-01 a       176     0     9     1    16
  2.6226772991811703E-01 a       177     0     9     1    17
  2.6961803969151172E-02 a       178     0     9     1    18
  1.4598348543900797E-01 a       179     0     9     1    19
  1.8523338614246418E-01 a       180     0     9     1    20
 -1.6318717067373800E-01 a       181     0    10     1     1
 -3.4074516291432938E-01 a       182     0    10     1     2
 -2.3069990108896193E-01 a       183     0    10     1     3
  1.7044684854209088E-01 a       184     0    10     1     4
  1.5140793092142196E-01 a       185     0    10     1     5
  9.6980579965280045E-01 a       186     0    10     1     6
  5.1588223203667086E-02 a       187     0    10     1     7
  1.1632300017725231E-01 a       188     0    10     1     8
  6.2541347916760956E-02 a       189     0    10     1     9
 -5.5564416850948806E-01 a       190     0    10     1    10
 -4.0361924503885269E-03 a       191     0    10     1    11
  2.1899302739022131E-01 a       192     0    10     1    12
 -3.3110528984812898E-01 a       193     0    10     1    13
  2.2991767505784202E-02 a       194     0    10     1    14
 -4.2761267782548673E-01 a       195     0    10     1    15
 -2.0897697056680539E-01 a       196     0    10     1    16
 -1.9585277316112851E-01 a       197     0    10     1    17
  1.7626587417873033E-01 a       198     0    10     1    18
 -4.2457619133726900E-02 a       199     0    10     1    19
  1.9531286669006426E-01 a       200     0    10     1    20
  2.7194881152560552E-01 a       201     0    11     1     1
  8.5934439700466700E-02 a       202     0    11     1     2
 -3.0228526642132725E-01 a       203     0    11     1     3
  7.4786003569394022E-02 a       204     0    11     1     4
 -2.7951103221338219E-01 a       205     0    11     1     5
 -8.7787987049169777E-02 a       206     0    11     1     6
 -9.8162128660233952E-02 a       207     0    11     1     7
  1.0672461243440665E-01 a       208     0    11     1     8
  1.2466773970844505E-01 a       209     0    11     1     9
  2.8374885799051069E-01 a       210     0    11     1    10
 -2.9616020958153633E-01 a       211     0    11     1    11
 -2.0011003416987450E-01 a       212     0    11     1    12
 -1.4423492416324640E-01 a       213     0    11     1    13
 -2.5381445390783552E-01 a       214     0    11     1    14
  2.2966836339509694E-01 a       215     0    11     1    15
  2.9839146385956410E-02 a       216     0    11     1    16
 -4.8179336694759323E-02 a       217     0    11     1    17
  8.7709287939147465E-02 a       218     0    11     1    18
 -2.7170132842356504E-01 a       219     0    11     1    19
 -2.1682618486993746E-01 a       220     0    11     1    20
  1.8390217385697147E-01 a       221     0    12     1     1
  2.8873390903208518E-01 a       222     0    12     1     2
  3.1993525902195102E-01 a       223     0    12     1     3
 -1.0682954570424201E-01 a       224     0    12     1     4
  4.8979710159949896E-02 a       225     0    12     1     5
 -3.1443206300969201E-01 a       226     0    12     1     6
 -3.0582466282432241E-01 a       227     0    12     1     7
  3.2952869859975864E-01 a       228     0    12     1     8
  2.3961773888731139E-01 a       229     0    12     1     9
  3.2393105143130962E-01 a       230     0    12     1    10
 -3.0671501054243239E-01 a       231     0    12     1    11
  2.1649480578143043E-01 a       232     0    12     1    12
 -2.2085068203775546E-01 a       233     0    12     1    13
  1.4284954159998944E-01 a       234     0    12     1    14
  6.6297806277071908E-02 a       235     0    12     1    15
 -3.6025080506056195E-01 a       236     0    12     1    16
 -2.4111543334390187E-01 a       237     0    12     1    17
 -3.8808031417239863E-01 a       238     0    12     1    18
 -6.8564714916430750E-02 a       239     0    12     1    19
 -6.8160181835227873E-02 a       240     0    12     1    20
  1.5500829414867837E-01 a       241     0    13     1     1
 -4.5644465223443738E-02 a       242     0    13     1     2
  4.4000363017972249E-02 a       243     0    13     1     3
  1.1509694531687410E-02 a       244     0    13     1     4
  2.3135152401289206E-02 a       245     0    13     1     5
 -2.5119970935132885E-01 a       246     0    13     1     6
  1.4942073666165531E-01 a       247     0    13     1     7
 -3.2530865964961614E-01 a       248     0    13     1     8
 -2.4484760729259863E-01 a       249     0    13     1     9
 -8.5712341545565313E-02 a       250     0    13     1    10
 -1.0175524704669971E-01 a       251     0    13     1    11
  1.6545121833605428E-01 a       252     0    13     1    12
  2.2153604717457923E-01 a       253     0    13     1    13
  2.3290422782226552E-02 a       254     0    13     1    14
 -1.3501117502256763E-01 a       255     0    13     1    15
 -1.1771486412228592E-01 a       256     0    13     1    16
  1.7554224033389856E-01 a       257     0    13     1    17
  2.4763485050282442E-03 a       258     0    13     1    18
 -9.1655963873995730E-02 a       259     0    13     1    19
 -2.6978368293760208E-01 a       260     0    13     1    20
  1.6684268624773961E-03 a       261     0    14     1     1
  3.0098088652639621E-01 a       262     0    14     1     2
  7.1848274644718990E-02 a       263     0    14     1     3
  2.6157123257880163E-02 a       264     0    14     1     4
  2.1731391691477039E-01 a       265     0    14     1     5
  2.0607910538320742E-01 a       266     0    14     1     6
 -3.2431195445265328E-02 a       267     0    14     1     7
  2.5197223963665849E-01 a       268     0    14     1     8
  2.2092676448835744E-01 a       269     0    14     1     9
 -4.9972036590068485E-02 a       270     0    14     1    10
 -1.4698391858537493E-01 a       271     0    14     1    11
 -2.7061394498439559E-02 a       272     0    14     1    12
 -4.8044641560990614E-02 a       273     0    14     1    13
 -1.1751531899896654E-01 a       274     0    14     1    14
  9.0562416384598540E-02 a       275     0    14     1    15
  1.1079308066097302E-02 a       276     0    14     1    16
 -4.7587046891482590E-02 a       277     0    14     1    17
 -1.8117646605652533E-03 a       278     0    14     1    18
  6.0990431443489562E-02 a       279     0    14     1    19
 -1.0412223662818694E-01 a       280     0    14     1    20
  7.8320911594657525E-02 a       281     0    15     1     1
  5.7487441354034476E-02 a       282     0    15     1     2
 -7.6611704604525654E-02 a       283     0    15     1     3
  1.3568078584150672E-01 a       284     0    15     1     4
  3.1816364255789792E-02 a       285     0    15     1     5
 -4.4318085046121239E-02 a       286     0    15     1     6
 -1.0043724693976037E-01 a       287     0    15     1     7
 -1.9804058373281991E-01 a       288     0    15     1     8
 -1.4000857705578146E-01 a       289     0    15     1     9
 -1.3602506302595491E-01 a       290     0    15     1    10
  1.0348115008908655E-01 a       291     0    15     1    11
  2.1231454897080653E-02 a       292     0    15     1    12
 -1.3141318573579808E-01 a       293     0    15     1    13
  8.0657986484263117E-02 a       294     0    15     1    14
 -7.9378335375834497E-02 a       295     0    15     1    15
  1.8355746721761890E-01 a       296     0    15     1    16
  1.0177272557822301E-01 a       297     0    15     1    17
  6.4760973297937410E-02 a       298     0    15     1    18
  6.8620428431494504E-02 a       299     0    15     1    19
  1.5584482478363076E-01 a       300     0    15     1    20
 -1.4601170114173126E-01 a       301     0    16     1     1
  1.0694008285577145E-03 a       302     0    16     1     2
  9.4818921646115745E-02 a       303     0    16     1     3
 -5.1567091403995194E-02 a       304     0    16     1     4
  1.8560746074832470E-02 a       305     0    16     1     5
  5.6950357291398711E-02 a       306     0    16     1     6
 -9.8651568113727106E-02 a       307     0    16     1     7
 -2.6539410696006561E-02 a       308     0    16     1     8
  8.2068013650734295E-02 a       309     0    16     1     9
  3.3724444074932122E-02 a       310     0    16     1    10
  1.2633525984450450E-01 a       311     0    16     1    11
 -1.0755973118902000E-01 a       312     0    16     1    12
 -2.3389166598370023E-02 a       313     0    16     1    13
 -1.1107476868353326E-03 a       314     0    16     1    14
 -3.7290671737160115E-02 a       315     0    16     1    15
  1.6044671260506133E-01 a       316     0    16     1    16
 -4.0877071432984288E-02 a       317     0    16     1    17
 -6.7142638132573502E-03 a       318     0    16     1    18
  9.4570827026923654E-02 a       319     0    16     1    19
  3.6390576058597879E-01 a       320     0    16     1    20
  7.5824545107272961E-02 a       321     0    17     1     1
  1.0800384208967261E-01 a       322     0    17     1     2
 -9.7570563355253284E-02 a       323     0    17     1     3
 -6.5509994481871850E-02 a       324     0    17     1     4
 -1.4945076999554596E-01 a       325     0    17     1     5
 -2.3227298458976414E-01 a       326     0    17     1     6
 -8.7937809728044922E-02 a       327     0    17     1     7
 -3.9034248762549156E-02 a       328     0    17     1     8
 -4.8503768221181097E-02 a       329     0    17     1     9
 -3.1546975099593755E-02 a       330     0    17     1    10
  1.1074177647437055E-02 a       331     0    17     1    11
 -7.5205328842511635E-03 a       332     0    17     1    12
 -4.1650465547525481E-02 a       333     0    17     1    13
  1.3813770814102225E-01 a       334     0    17     1    14
  2.3787404456371369E-01 a       335     0    17     1    15
  4.0172650882550802E-03 a       336     0    17     1    16
 -1.0400150338165737E-02 a       337     0    17     1    17
 -2.5932726780087767E-04 a       338     0    17     1    18
 -7.8267530766738813E-02 a       339     0    17     1    19
 -1.1798171894210088E-01 a       340     0    17     1    20
 -1.0601048165570301E-02 a       341     0    18     1     1
 -1.5540241398781376E-01 a       342     0    18     1     2
  7.8537416126708046E-02 a       343     0    18     1     3
 -2.7182240015385215E-03 a       344     0    18     1     4
 -7.0641074046965966E-03 a       345     0    18     1     5
  8.9519619488932972E-02 a       346     0    18     1     6
  1.0015757077655371E-01 a       347     0    18     1     7
 -4.4241843802143986E-02 a       348     0    18     1     8
 -4.8161749109449647E-02 a       349     0    18     1     9
  5.3220335878051590E-04 a       350     0    18     1    10
 -1.5116126455786086E-01 a       351     0    18     1    11
  5.0220788325965750E-02 a       352     0    18     1    12
  4.0047506143202835E-02 a       353     0    18     1    13
 -8.2765158875251599E-02 a       354     0    18     1    14
 -8.2998119179163748E-02 a       355     0    18     1    15
 -7.9266812153624785E-02 a       356     0    18     1    16
  7.2519702265518182E-02 a       357     0    18     1    17
  2.7543051297174478E-02 a       358     0    18     1    18
 -6.5477111793703968E-02 a       359     0    18     1    19
 -5.0087081868682194E-02 a       360     0    18     1    20
  8.1898158498264151E-02 a       361     0    19     1     1
 -1.7701567013451791E-01 a       362     0    19     1     2
  1.5058672866508818E-02 a       363     0    19     1     3
  2.0776371319926618E-02 a       364     0    19     1     4
  3.5503286868328815E-03 a       365     0    19     1     5
  7.8757560640404498E-02 a       366     0    19     1     6
  2.0685300187637762E-01 a       367     0    19     1     7
 -1.6261753394656897E-01 a       368     0    19     1     8
 -2.2498682685986396E-01 a       369     0    19     1     9
  1.0294245347527240E-02 a       370     0    19     1    10
 -1.1626073614420372E-01 a       371     0    19     1    11
 -7.0749481158284087E-03 a       372     0    19     1    12
 -4.6780843506910474E-02 a       373     0    19     1    13
 -7.7434274396506964E-02 a       374     0    19     1    14
 -6.5158669057447285E-02 a       375     0    19     1    15
 -5.6773092458154935E-02 a       376     0    19     1    16
  5.2921025014262449E-02 a       377     0    19     1    17
 -4.9790439053504540E-02 a       378     0    19     1    18
 -3.2523328977086707E-02 a       379     0    19     1    19
 -2.5875738143167609E-01 a       380     0    19     1    20
 -8.2221199792091252E-03 a       381     0    20     1     1
  5.1981236526942760E-02 a       382     0    20     1     2
 -1.4078029449928303E-01 a       383     0    20     1     3
  1.1103443548733877E-01 a       384     0    20     1     4
  4.4360781245090887E-02 a       385     0    20     1     5
  1.1869295638241098E-01 a       386     0    20     1     6
 -1.1111597018486238E-01 a       387     0    20     1     7
  3.9254704161288773E-01 a       388     0    20     1     8
  1.5477583092834654E-01 a       389     0    20     1     9
 -1.2915915071565264E-02 a       390     0    20     1    10
 -7.5108287107310278E-04 a       391     0    20     1    11
  2.2851861523024769E-01 a       392     0    20     1    12
 -3.1048157562165050E-02 a       393     0    20     1    13
 -5.1330917026350030E-02 a       394     0    20     1    14
  3.1391945866695865E-02 a       395     0    20     1    15
 -1.0496499700270354E-01 a       396     0    20     1    16
 -6.0223149431469350E-02 a       397     0    20     1    17
  8.7364338743566125E-02 a       398     0    20     1    18
  3.9475294314245242E-02 a       399     0    20     1    19
  1.3823990809736461E-02 a       400     0    20     1    20
 -4.8312836356682418E-02 a       401     0    21     1     1
 -7.2386283104263635E-02 a       402     0    21     1     2
  6.1781291997858374E-02 a       403     0    21     1     3
 -4.6849665518572919E-02 a       404     0    21     1     4
  2.8844151835857288E-02 a       405     0    21     1     5
 -1.4523338630250628E-02 a       406     0    21     1     6
  4.6100080504531474E-02 a       407     0    21     1     7
 -2.1315596181656316E-01 a       408     0    21     1     8
  7.9449493318645745E-02 a       409     0    21     1     9
  1.3442651342440545E-01 a       410     0    21     1    10
  1.5933725095810050E-01 a       411     0    21     1    11
 -8.5201826006087916E-02 a       412     0    21     1    12
  6.4970542057471520E-02 a       413     0    21     1    13
  5.3758985693870477E-02 a       414     0    21     1    14
  8.4204997613340521E-02 a       415     0    21     1    15
  2.0021245514766098E-02 a       416     0    21     1    16
 -9.3576556907714659E-02 a       417     0    21     1    17
 -1.0792742091545343E-01 a       418     0    21     1    18
  5.7907066801207059E-02 a       419     0    21     1    19
  3.6755693074272636E-02 a       420     0    21     1    20
 -1.2571008141626835E-01 a       421     0    22     1     1
 -6.6341955701007219E-02 a       422     0    22     1     2
  1.5624464059482526E-01 a       423     0    22     1     3
 -7.1469573521052474E-02 a       424     0    22     1     4
  2.6051525784280345E-02 a       425     0    22     1     5
 -5.4234779229900734E-02 a       426     0    22     1     6
 -8.1361224893906334E-02 a       427     0    22     1     7
 -5.9105923112894303E-02 a       428     0    22     1     8
  1.0366677988025054E-01 a       429     0    22     1     9
  1.3326037568961605E-01 a       430     0    22     1    10
  1.4426913918502396E-01 a       431     0    22     1    11
  3.6820070310478514E-02 a       432     0    22     1    12
  8.1992721777877461E-02 a       433     0    22     1    13
  1.1995944062472022E-01 a       434     0    22     1    14
  1.6844653897640099E-02 a       435     0    22     1    15
  1.1996945490539523E-01 a       436     0    22     1    16
  2.4985656554764543E-03 a       437     0    22     1    17
  2.1456159215042341E-02 a       438     0    22     1    18
  4.1576758471607522E-02 a       439     0    22     1    19
  2.7307923758790892E-01 a       440     0    22     1    20
  9.5869615352425136E-02 a       441     0    23     1     1
  1.5316119907583192E-01 a       442     0    23     1     2
 -3.6661154313385035E-02 a       443     0    23     1     3
  2.8821714094813375E-03 a       444     0    23     1     4
 -3.0296423992692049E-02 a       445     0    23     1     5
 -1.2658188061352313E-01 a       446     0    23     1     6
 -9.3608655670600810E-02 a       447     0    23     1     7
 -7.8457173788259602E-02 a       448     0    23     1     8
 -4.0795708041744635E-02 a       449     0    23     1     9
 -1.7957750926671442E-01 a       450     0    23     1    10
  9.8329490787501625E-02 a       451     0    23     1    11
 -4.6742186303684666E-02 a       452     0    23     1    12
 -2.3576633433984458E-03 a       453     0    23     1    13
  4.3805079246962975E-02 a       454     0    23     1    14
  6.0550550312107293E-02 a       455     0    23     1    15
 -1.8576625639317043E-02 a       456     0    23     1    16
  7.2169422642817593E-03 a       457     0    23     1    17
 -1.1142344804533428E-02 a       458     0    23     1    18
 -9.8871142578252635E-02 a       459     0    23     1    19
 -1.0476071523412857E-01 a       460     0    23     1    20
  5.3833842844102454E-02 a       461     0    24     1     1
 -2.1008285971795475E-02 a       462     0    24     1     2
  9.1841375866081265E-02 a       463     0    24     1     3
  3.6852648688350920E-02 a       464     0    24     1     4
 -4.1342709442940785E-03 a       465     0    24     1     5
  1.0757117563639651E-01 a       466     0    24     1     6
  1.1967919066615713E-01 a       467     0    24     1     7
 -1.0399276108155997E-01 a       468     0    24     1     8
 -1.3156061527792615E-01 a       469     0    24     1     9
 -7.5498833548643104E-02 a       470     0    24     1    10
 -4.6331740045694118E-02 a       471     0    24     1    11
 -1.4944282628120123E-01 a       472     0    24     1    12
 -2.2191844804081713E-02 a       473     0    24     1    13
 -1.1423913800558590E-01 a       474     0    24     1    14
 -1.4636040198378394E-01 a       475     0    24     1    15
 -3.7885229315562090E-02 a       476     0    24     1    16
 -4.1417868625496235E-02 a       477     0    24     1    17
 -3.3163555554239596E-02 a       478     0    24     1    18
 -5.8392568249315199E-02 a       479     0    24     1    19
 -8.5771516408945595E-03 a       480     0    24     1    20
  3.5365353149431664E-02 a       481     0    25     1     1
  2.7351547001558386E-02 a       482     0    25     1     2
 -5.3972368738341776E-02 a       483     0    25     1     3
  1.9962076874726228E-02 a       484     0    25     1     4
 -1.7728464603738104E-02 a       485     0    25     1     5
  3.6917333600006569E-02 a       486     0    25     1     6
  8.0426002542237002E-02 a       487     0    25     1     7
 -4.0234459291685148E-02 a       488     0    25     1     8
 -1.3442945005355281E-01 a       489     0    25     1     9
 -5.7132965357163112E-02 a       490     0    25     1    10
 -1.1769542832594451E-01 a       491     0    25     1    11
 -6.1699547223274399E-02 a       492     0    25     1    12
 -5.1904469118249821E-02 a       493     0    25     1    13
 -8.3110149220393600E-02 a       494     0    25     1    14
 -2.5988983278163354E-03 a       495     0    25     1    15
 -8.1497379987320040E-03 a       496     0    25     1    16
  5.6242499097590923E-03 a       497     0    25     1    17
 -6.4099295636558626E-02 a       498     0    25     1    18
  1.5108055641774749E-04 a       499     0    25     1    19
 -1.4696695465183332E-01 a       500     0    25     1    20
 -4.1749522033560256E-02 a       501     0    26     1     1
 -1.6861975412180025E-01 a       502     0    26     1     2
 -8.7913247314137050E-02 a       503     0    26     1     3
  9.6128862109867274E-03 a       504     0    26     1     4
  1.3929980027459073E-03 a       505     0    26     1     5
  6.3021179595843940E-02 a       506     0    26     1     6
  4.2539054068876085E-02 a       507     0    26     1     7
  8.8583480947139887E-02 a       508     0    26     1     8
  1.5424409242284873E-01 a       509     0    26     1     9
  8.9993820492157192E-02 a       510     0    26     1    10
 -1.3972301790327044E-01 a       511     0    26     1    11
  2.0413693077617468E-02 a       512     0    26     1    12
  2.8799270558593007E-02 a       513     0    26     1    13
 -2.2322135893045675E-02 a       514     0    26     1    14
 -7.4705946607161830E-02 a       515     0    26     1    15
 -6.8450105477536438E-02 a       516     0    26     1    16
 -2.6942402094215407E-02 a       517     0    26     1    17
  5.2842366962194687E-02 a       518     0    26     1    18
  5.7153976963334407E-02 a       519     0    26     1    19
  3.2120988105675374E-02 a       520     0    26     1    20
 -6.2949184313102384E-03 a       521     0    27     1     1
 -8.3022174058278525E-02 a       522     0    27     1     2
  3.9738241049361613E-02 a       523     0    27     1     3
  1.1335340917756394E-02 a       524     0    27     1     4
  3.0391369509525763E-02 a       525     0    27     1     5
 -6.5779128227377434E-03 a       526     0    27     1     6
 -3.5311775686938017E-02 a       527     0    27     1     7
 -1.8306004835245471E-02 a       528     0    27     1     8
 -5.6013597717575990E-03 a       529     0    27     1     9
  4.4779560985456553E-02 a       530     0    27     1    10
  3.4478939246771582E-02 a       531     0    27     1    11
  4.8012243966149636E-02 a       532     0    27     1    12
  3.4137772105205105E-02 a       533     0    27     1    13
  5.0194303568649977E-02 a       534     0    27     1    14
  1.0704736687692001E-01 a       535     0    27     1    15
  4.4668178668324683E-03 a       536     0    27     1    16
 -3.8233548761586272E-02 a       537     0    27     1    17
 -6.2953307777848536E-02 a       538     0    27     1    18
  1.9211671554211884E-02 a       539     0    27     1    19
  4.6654258517542714E-02 a       540     0    27     1    20
 -9.0472238374227371E-03 a       541     0    28     1     1
 -7.5396061247242713E-02 a       542     0    28     1     2
  7.7704876321209676E-02 a       543     0    28     1     3
 -1.6906402154385654E-02 a       544     0    28     1     4
  2.0947024315470356E-02 a       545     0    28     1     5
 -1.9374934633679158E-02 a       546     0    28     1     6
 -1.7503202138869352E-02 a       547     0    28     1     7
 -4.4850000743887494E-02 a       548     0    28     1     8
  3.5560297446839258E-02 a       549     0    28     1     9
  1.7660330783060976E-02 a       550     0    28     1    10
  8.9324282245448541E-02 a       551     0    28     1    11
 -1.8680109826265161E-02 a       552     0    28     1    12
  5.0407561600950695E-02 a       553     0    28     1    13
  3.2004736637998653E-02 a       554     0    28     1    14
 -2.7515002982630196E-02 a       555     0    28     1    15
  2.1921144148304192E-02 a       556     0    28     1    16
  9.2022262007580343E-03 a       557     0    28     1    17
  1.4165723861721536E-02 a       558     0    28     1    18
  1.7148391069479275E-02 a       559     0    28     1    19
  9.5550724363810471E-02 a       560     0    28     1    20
  3.9506287947629552E-02 a       561     0    29     1     1
  1.3114150770422756E-01 a       562     0    29     1     2
 -4.8051030164202570E-02 a       563     0    29     1     3
  2.7821984847290270E-02 a       564     0    29     1     4
 -1.5201317128050602E-02 a       565     0    29     1     5
 -5.4099051383184023E-03 a       566     0    29     1     6
 -5.4015950809842027E-02 a       567     0    29     1     7
  7.4757300124700568E-02 a       568     0    29     1     8
 -5.7510525788905760E-02 a       569     0    29     1     9
 -4.5660304376823738E-02 a       570     0    29     1    10
 -6.2184511072685571E-02 a       571     0    29     1    11
  4.9067966406251586E-02 a       572     0    29     1    12
 -5.2828100540150767E-02 a       573     0    29     1    13
 -1.9406353133937831E-02 a       574     0    29     1    14
  3.8743394286882595E-02 a       575     0    29     1    15
 -1.5254599727000282E-02 a       576     0    29     1    16
 -7.0196608333410815E-03 a       577     0    29     1    17
  1.3894758148440512E-02 a       578     0    29     1    18
 -6.3754808002383118E-02 a       579     0    29     1    19
 -7.9306627481513417E-02 a       580     0    29     1    20
 -1.4457552748428549E-02 a       581     0    30     1     1
 -2.2315338594141310E-02 a       582     0    30     1     2
  5.1633732487007299E-03 a       583     0    30     1     3
 -1.7927071411862078E-02 a       584     0    30     1     4
 -1.0049255656269613E-02 a       585     0    30     1     5
  4.3306595177476238E-02 a       586     0    30     1     6
  7.8909307611794460E-02 a       587     0    30     1     7
 -1.0011538112264221E-01 a       588     0    30     1     8
  2.0605187356404757E-02 a       589     0    30     1     9
 -1.7581023422461161E-02 a       590     0    30     1    10
 -2.0494273842153143E-02 a       591     0    30     1    11
 -7.5721336728688984E-02 a       592     0    30     1    12
  1.7064094304531281E-02 a       593     0    30     1    13
 -3.3107867595227596E-02 a       594     0    30     1    14
 -7.8716796060162311E-02 a       595     0    30     1    15
 -3.3780387253171340E-02 a       596     0    30     1    16
 -2.9928291567109851E-02 a       597     0    30     1    17
 -1.0565811447800425E-02 a       598     0    30     1    18
 -1.4424115965979563E-02 a       599     0    30     1    19
 -3.8942737302534725E-02 a       600     0    30     1    20
 -6.7790773073516400E-02 a       601     0    31     1     1
 -6.2826556454575189E-02 a       602     0    31     1     2
 -2.9716541827099912E-02 a       603     0    31     1     3
  9.9408524111584254E-02 a       604     0    31     1     4
 -2.2491599829990461E-01 a       605     0    31     1     5
 -1.9378482053246979E-01 a       606     0    31     1     6
  7.6396220298581952E-02 a       607     0    31     1     7
  7.3046083210210999E-02 a       608     0    31     1     8
  6.3921497059095500E-01 a       609     0    31     1     9
  1.1510647955383840E-02 a       610     0    31     1    10
  3.3638621037541044E-01 a       611     0    31     1    11
  2.1842923319004715E-02 a       612     0    31     1    12
 -4.3967669305097223E-01 a       613     0    31     1    13
 -8.6374763776075794E-02 a       614     0    31     1    14
  2.5551600211958569E-02 a       615     0    31     1    15
 -5.5469416677182561E-02 a       616     0    31     1    16
 -4.8194536249925861E-02 a       617     0    31     1    17
 -2.0797842968243324E-01 a       618     0    31     1    18
  7.1763212275295099E-02 a       619     0    31     1    19
 -1.4064338995998057E-01 a       620     0    31     1    20
  1.4009637164925021E-01 a       621     0    32     1     1
  4.8901784427311540E-01 a       622     0    32     1     2
  1.5070971439739786E-01 a       623     0    32     1     3
 -1.7519495936964916E-01 a       624     0    32     1     4
  2.1909960709016277E-01 a       625     0    32     1     5
 -2.6837179523440957E-01 a       626     0    32     1     6
 -7.7565310026658063E-01 a       627     0    32     1     7
 -3.0530303350888838E-01 a       628     0    32     1     8
  2.3588505878529653E-01 a       629     0    32     1     9
  1.3881121462957519E-01 a       630     0    32     1    10
  3.3134453285652643E-01 a       631     0    32     1    11
 -3.0826889119943923E-01 a       632     0    32     1    12
  5.3310190392669898E-01 a       633     0    32     1    13
  2.0200382564759994E-01 a       634     0    32     1    14
  3.8044683774390275E-01 a       635     0    32     1    15
  2.6973586099578767E-01 a       636     0    32     1    16
 -1.2659645497677355E-01 a       637     0    32     1    17
  1.5852505086654819E-01 a       638     0    32     1    18
 -2.5610340517438429E-01 a       639     0    32     1    19
 -1.0519614356439039E-01 a       640     0    32     1    20
 -1.6946386155867665E-01 a       641     0    33     1     1
 -7.1673739353084631E-02 a       642     0    33     1     2
 -4.4280075696558799E-02 a       643     0    33     1     3
 -1.3751628667780905E-01 a       644     0    33     1     4
 -1.1555512807717080E-01 a       645     0    33     1     5
 -1.9878472156188601E-01 a       646     0    33     1     6
 -1.0856743851252126E-01 a       647     0    33     1     7
  1.2756239903776923E-01 a       648     0    33     1     8
 -5.5869949107634299E-02 a       649     0    33     1     9
  1.0860739462727817E-01 a       650     0    33     1    10
  3.0840291489896476E-01 a       651     0    33     1    11
  2.8487556505619838E-01 a       652     0    33     1    12
  2.0318744649739286E-02 a       653     0    33     1    13
 -9.0765599881117848E-02 a       654     0    33     1    14
  1.2182055864985809E-01 a       655     0    33     1    15
  1.2300478669074807E-01 a       656     0    33     1    16
 -1.8610976543996082E-02 a       657     0    33     1    17
 -2.4385369819150775E-02 a       658     0    33     1    18
  1.0560804205763878E-01 a       659     0    33     1    19
  2.4623790667338860E-03 a       660     0    33     1    20
 -1.4684961469147159E-01 a       661     0    34     1     1
  1.7215047757051105E-01 a       662     0    34     1     2
  1.0191421825137618E-01 a       663     0    34     1     3
  3.5555143623006866E-02 a       664     0    34     1     4
 -1.6550742641806129E-01 a       665     0    34     1     5
  5.8536681971211701E-02 a       666     0    34     1     6
  7.2405148340199577E-01 a       667     0    34     1     7
  2.3756695972703948E-01 a       668     0    34     1     8
 -2.2143341246869441E-01 a       669     0    34     1     9
  8.5806162071064188E-02 a       670     0    34     1    10
  1.8785228633896045E-01 a       671     0    34     1    11
  1.0386816884953386E-01 a       672     0    34     1    12
 -5.8259715576049687E-01 a       673     0    34     1    13
  1.6577838709309134E-01 a       674     0    34     1    14
 -5.5993442504715729E-01 a       675     0    34     1    15
  5.4069287431514554E-02 a       676     0    34     1    16
  7.4120573005402091E-02 a       677     0    34     1    17
 -3.1340540598881678E-01 a       678     0    34     1    18
  3.8316952841302138E-01 a       679     0    34     1    19
  1.7822444595823325E-01 a       680     0    34     1    20
  9.9286715424822508E-02 a       681     0    35     1     1
 -1.0363434863551757E-02 a       682     0    35     1     2
  1.1806562787941513E-01 a       683     0    35     1     3
  1.9009739863275238E-01 a       684     0    35     1     4
  2.7719366600313505E-01 a       685     0    35     1     5
  3.2775190990870612E-01 a       686     0    35     1     6
 -4.7123405297214260E-02 a       687     0    35     1     7
 -1.2741664623452911E-01 a       688     0    35     1     8
 -1.1514571518113619E-02 a       689     0    35     1     9
 -2.1645710211455216E-01 a       690     0    35     1    10
  4.5095984729458261E-01 a       691     0    35     1    11
 -1.1495913191735234E-01 a       692     0    35     1    12
  2.3589612186664508E-01 a       693     0    35     1    13
  3.8895446533834144E-02 a       694     0    35     1    14
  2.6732198126699508E-01 a       695     0    35     1    15
  1.4277522138053086E-01 a       696     0    35     1    16
  4.2885623168044604E-02 a       697     0    35     1    17
  3.1972521635401138E-02 a       698     0    35     1    18
 -2.8134499310179528E-01 a       699     0    35     1    19
  4.1210231989110328E-02 a       700     0    35     1    20
  2.1340965664291545E-01 a       701     0    36     1     1
 -8.1822619382216372E-03 a       702     0    36     1     2
 -1.2183132083246707E-02 a       703     0    36     1     3
 -7.7650467703699502E-02 a       704     0    36     1     4
  1.5920432410494867E-01 a       705     0    36     1     5
  9.3779749904754364E-02 a       706     0    36     1     6
  3.3945585493165242E-01 a       707     0    36     1     7
 -2.8430966232367908E-02 a       708     0    36     1     8
 -3.7166897504508289E-01 a       709     0    36     1     9
 -3.3425612306390989E-02 a       710     0    36     1    10
  4.1326146603771562E-02 a       711     0    36     1    11
  8.1013004455508908E-02 a       712     0    36     1    12
  2.4033947696753774E-01 a       713     0    36     1    13
  3.6042964216027318E-01 a       714     0    36     1    14
  1.7098184711027126E-01 a       715     0    36     1    15
 -2.8244100631228491E-02 a       716     0    36     1    16
  1.2010681832157850E-01 a       717     0    36     1    17
  1.8798584317157097E-01 a       718     0    36     1    18
  1.1082718916315569E-01 a       719     0    36     1    19
  1.3018081074461610E-01 a       720     0    36     1    20
 -8.7544619820448077E-01 a       721     0    37     1     1
 -3.3120910542320764E-01 a       722     0    37     1     2
  2.8326125863061613E-01 a       723     0    37     1     3
  2.5753174442086446E-01 a       724     0    37     1     4
 -1.8841074142957140E-01 a       725     0    37     1     5
  6.0414192960259450E-01 a       726     0    37     1     6
 -2.8383176446462771E-01 a       727     0    37     1     7
  3.0673158340241008E-01 a       728     0    37     1     8
 -3.0310544201674745E-02 a       729     0    37     1     9
 -1.3252196870534985E-01 a       730     0    37     1    10
 -2.3809836730944114E-01 a       731     0    37     1    11
  1.1283844401921485E-01 a       732     0    37     1    12
 -7.4733297094852869E-01 a       733     0    37     1    13
 -4.1067385384832855E-01 a       734     0    37     1    14
 -2.5070444689446247E-01 a       735     0    37     1    15
 -1.0902400387042271E-01 a       736     0    37     1    16
 -2.5539934477481160E-03 a       737     0    37     1    17
 -5.7749301194793123E-01 a       738     0    37     1    18
 -7.1403225041250143E-02 a       739     0    37     1    19
  4.9466724401824130E-01 a       740     0    37     1    20
  2.5895025473043554E-01 a       741     0    38     1     1
 -8.1216692840453866E-02 a       742     0    38     1     2
  1.0134575103763346E-01 a       743     0    38     1     3
  7.3776738130647279E-02 a       744     0    38     1     4
  6.2897218429200263E-02 a       745     0    38     1     5
 -1.0070200477920183E-01 a       746     0    38     1     6
 -2.5023634320730834E-02 a       747     0    38     1     7
  7.1577479709126715E-02 a       748     0    38     1     8
  7.4890818308950682E-02 a       749     0    38     1     9
 -1.2928231513602870E-01 a       750     0    38     1    10
  4.6347605573313799E-02 a       751     0    38     1    11
 -1.4608622715583192E-01 a       752     0    38     1    12
 -1.7687146880587540E-01 a       753     0    38     1    13
  2.2359965393889211E-01 a       754     0    38     1    14
  7.7523130329638187E-02 a       755     0    38     1    15
  1.4253358699148946E-02 a       756     0    38     1    16
  9.0163164958191308E-02 a       757     0    38     1    17
 -8.0721870401241388E-02 a       758     0    38     1    18
  5.6156748380573232E-02 a       759     0    38     1    19
 -1.2380531468277454E-01 a       760     0    38     1    20
  1.4320213453180519E-01 a       761     0    39     1     1
 -3.2219669088668801E-01 a       762     0    39     1     2
 -2.6575501676583796E-01 a       763     0    39     1     3
 -1.3241186143388933E-01 a       764     0    39     1     4
  6.1600301126436025E-02 a       765     0    39     1     5
 -1.8279886475700258E-01 a       766     0    39     1     6
 -1.7047467375693740E-02 a       767     0    39     1     7
  1.1977767391248982E-01 a       768     0    39     1     8
 -1.7291276613599438E-01 a       769     0    39     1     9
  3.8297876706075373E-01 a       770     0    39     1    10
 -6.1273516372080526E-02 a       771     0    39     1    11
  6.8352598146232835E-03 a       772     0    39     1    12
  6.2260028714504168E-01 a       773     0    39     1    13
 -4.7187984123724366E-02 a       774     0    39     1    14
  3.2462555165632193E-02 a       775     0    39     1    15
 -4.4083652329777671E-02 a       776     0    39     1    16
 -7.8482142917795553E-02 a       777     0    39     1    17
  3.1105706497168795E-01 a       778     0    39     1    18
 -9.8054231298833561E-02 a       779     0    39     1    19
 -3.6716037767801288E-02 a       780     0    39     1    20
 -3.0758648925149018E-01 a       781     0    40     1     1
 -5.0734569859841350E-01 a       782     0    40     1     2
 -3.4098952032258545E-01 a       783     0    40     1     3
 -1.3480538248951265E-01 a       784     0    40     1     4
 -3.6078649830988624E-01 a       785     0    40     1     5
 -1.5330095591050169E-01 a       786     0    40     1     6
 -7.6265311595522189E-02 a       787     0    40     1     7
 -2.6310031482034130E-01 a       788     0    40     1     8
 -3.2656387353611192E-03 a       789     0    40     1     9
 -2.4048121332665637E-02 a       790     0    40     1    10
  1.5839648568932738E-01 a       791     0    40     1    11
 -3.4253864841061754E-01 a       792     0    40     1    12
 -4.0949325908606299E-01 a       793     0    40     1    13
  4.6099081703365290E-02 a       794     0    40     1    14
  4.4110902777530347E-01 a       795     0    40     1    15
 -1.7100917721228129E-01 a       796     0    40     1    16
 -3.5932772675531904E-01 a       797     0    40     1    17
  8.5632172995327077E-02 a       798     0    40     1    18
 -5.5523567897190859E-02 a       799     0    40     1    19
  6.6113083299027042E-02 a       800     0    40     1    20
 -4.7392874215567760E-02 a       801     0    41     1     1
  4.3026659661124449E-02 a       802     0    41     1     2
 -1.0305846488288346E-02 a       803     0    41     1     3
 -8.0759592215922882E-02 a       804     0    41     1     4
 -3.5308853564928258E-02 a       805     0    41     1     5
  1.3126372161068147E-02 a       806     0    41     1     6
  8.7775129208682509E-02 a       807     0    41     1     7
  6.3216527674502546E-02 a       808     0    41     1     8
 -1.4221635206355035E-01 a       809     0    41     1     9
  1.7406622291549356E-01 a       810     0    41     1    10
 -1.3125060111336384E-01 a       811     0    41     1    11
  7.1106176899155285E-02 a       812     0    41     1    12
 -1.1122125550482624E-01 a       813     0    41     1    13
  3.7266157302841239E-02 a       814     0    41     1    14
  3.1739312252799950E-01 a       815     0    41     1    15
  6.9529379453650564E-02 a       816     0    41     1    16
 -2.1801002394956841E-02 a       817     0    41     1    17
 -9.3874324953990895E-02 a       818     0    41     1    18
  5.1298322482162942E-02 a       819     0    41     1    19
 -1.6477790999388803E-01 a       820     0    41     1    20
 -1.0933530912810846E-01 a       821     0    42     1     1
 -2.2686854013575145E-01 a       822     0    42     1     2
 -4.5197664387551587E-02 a       823     0    42     1     3
  7.1127545001213294E-02 a       824     0    42     1     4
  2.6519047512856372E-02 a       825     0    42     1     5
  1.4121954205357570E-01 a       826     0    42     1     6
 -5.5507001367537070E-02 a       827     0    42     1     7
  1.2639042263461298E-01 a       828     0    42     1     8
 -9.6747641410102562E-03 a       829     0    42     1     9
  3.9076853908429153E-02 a       830     0    42     1    10
 -2.0410557078626254E-01 a       831     0    42     1    11
  5.3934725253621973E-02 a       832     0    42     1    12
  9.0773530659835205E-02 a       833     0    42     1    13
 -1.2592691097639641E-01 a       834     0    42     1    14
 -1.3030139576836067E-01 a       835     0    42     1    15
  4.1283798560589981E-02 a       836     0    42     1    16
 -8.4611635289195630E-02 a       837     0    42     1    17
 -2.2680084865799610E-03 a       838     0    42     1    18
 -4.9380797155397636E-02 a       839     0    42     1    19
  1.8221065827933758E-01 a       840     0    42     1    20
 -1.0151919057514595E-01 a       841     0    43     1     1
  3.3422649927004189E-01 a       842     0    43     1     2
 -1.9003900953211385E-02 a       843     0    43     1     3
 -1.2447680854327839E-01 a       844     0    43     1     4
 -6.8787111421747232E-02 a       845     0    43     1     5
  1.4455966740408260E-01 a       846     0    43     1     6
  2.5730536611900240E-01 a       847     0    43     1     7
  1.2899518859524223E-01 a       848     0    43     1     8
 -3.0464837764072678E-02 a       849     0    43     1     9
 -2.3270631787816959E-01 a       850     0    43     1    10
  4.7960703272819212E-02 a       851     0    43     1    11
 -7.4655718832505144E-02 a       852     0    43     1    12
 -1.2074473970340031E-01 a       853     0    43     1    13
  1.3660704918219901E-01 a       854     0    43     1    14
  1.6637397724794561E-01 a       855     0    43     1    15
 -4.0365474460697708E-02 a       856     0    43     1    16
  9.5431327859586013E-03 a       857     0    43     1    17
 -5.9986082185932617E-04 a       858     0    43     1    18
  9.1579191839601878E-03 a       859     0    43     1    19
 -1.8378251738899898E-01 a       860     0    43     1    20
  1.2985078098213909E-01 a       861     0    44     1     1
 -7.3827266714664988E-04 a       862     0    44     1     2
  1.6255014323343114E-01 a       863     0    44     1     3
 -1.0610830865546901E-01 a       864     0    44     1     4
 -1.7308624023122318E-02 a       865     0    44     1     5
 -1.7677350377889978E-01 a       866     0    44     1     6
 -1.0920279836339875E-01 a       867     0    44     1     7
  1.5695962459474705E-01 a       868     0    44     1     8
 -6.2017121893517546E-03 a       869     0    44     1     9
  5.8278625451491060E-02 a       870     0    44     1    10
  3.5996725052669148E-01 a       871     0    44     1    11
 -2.1831763275086963E-01 a       872     0    44     1    12
  1.4880687535335529E-01 a       873     0    44     1    13
 -1.4832598977475661E-01 a       874     0    44     1    14
  2.7462857062653007E-01 a       875     0    44     1    15
 -1.7126041588922938E-01 a       876     0    44     1    16
 -3.1696862495603384E-02 a       877     0    44     1    17
  1.1735939500040700E-01 a       878     0    44     1    18
  1.0234451325665109E-01 a       879     0    44     1    19
  3.8593242368538928E-02 a       880     0    44     1    20
 -1.1363874261926073E-01 a       881     0    45     1     1
  1.3345177999289208E-02 a       882     0    45     1     2
 -1.5466615135144390E-01 a       883     0    45     1     3
 -3.5474993288621540E-02 a       884     0    45     1     4
  4.6132117215050240E-03 a       885     0    45     1     5
 -3.8863843159478544E-02 a       886     0    45     1     6
 -7.8996321915623356E-03 a       887     0    45     1     7
 -1.7511795670817493E-01 a       888     0    45     1     8
  6.9969117197008088E-02 a       889     0    45     1     9
 -2.6209411590766990E-01 a       890     0    45     1    10
 -1.9050599929691503E-01 a       891     0    45     1    11
  5.9228316817903803E-02 a       892     0    45     1    12
  2.1258647924829593E-01 a       893     0    45     1    13
  4.3588336633249770E-02 a       894     0    45     1    14
  4.3511730282183442E-02 a       895     0    45     1    15
  8.3088577974998273E-02 a       896     0    45     1    16
 -2.5664772276485766E-04 a       897     0    45     1    17
 -2.2872587491414895E-02 a       898     0    45     1    18
  2.7919842953913233E-02 a       899     0    45     1    19
  4.8978150119691845E-02 a       900     0    45     1    20
 -1.4275700943891884E-02 a       901     0    46     1     1
  7.3386051775303537E-02 a       902     0    46     1     2
  7.8007530338012956E-02 a       903     0    46     1     3
 -3.3295128474815451E-02 a       904     0    46     1     4
 -2.6140808435026995E-02 a       905     0    46     1     5
 -8.6040929565255581E-02 a       906     0    46     1     6
 -1.1609864419829222E-01 a       907     0    46     1     7
  6.4673116960883167E-02 a       908     0    46     1     8
  2.3230132211076474E-01 a       909     0    46     1     9
 -1.6645647433517138E-01 a       910     0    46     1    10
  4.8784320521604987E-02 a       911     0    46     1    11
 -5.1103314578938364E-01 a       912     0    46     1    12
  6.7929406901629116E-02 a       913     0    46     1    13
 -3.3211128106569976E-01 a       914     0    46     1    14
 -3.3401326199051079E-01 a       915     0    46     1    15
  1.7418166984245944E-02 a       916     0    46     1    16
 -3.3220462162462147E-02 a       917     0    46     1    17
 -3.8445985590938744E-02 a       918     0    46     1    18
 -6.6322620657568596E-02 a       919     0    46     1    19
  5.2592521890699059E-02 a       920     0    46     1    20
  4.3842566257299470E-01 a       921     0    47     1     1
  4.2633424223906313E-01 a       922     0    47     1     2
 -2.3244435811103231E-01 a       923     0    47     1     3
  7.6892399901519373E-04 a       924     0    47     1     4
 -5.3511991288636526E-02 a       925     0    47     1     5
 -3.1520776185681226E-01 a       926     0    47     1     6
  4.7827032582712320E-01 a       927     0    47     1     7
 -7.2080353818128529E-01 a       928     0    47     1     8
 -3.5063871639144290E-01 a       929     0    47     1     9
  4.0115943179329627E-01 a       930     0    47     1    10
 -6.9546903029062024E-02 a       931     0    47     1    11
  4.5997973187336011E-01 a       932     0    47     1    12
  3.2459817479053443E-01 a       933     0    47     1    13
  4.1052151630870276E-01 a       934     0    47     1    14
  4.2750198897869701E-01 a       935     0    47     1    15
  1.8748545940019234E-01 a       936     0    47     1    16
 -2.1876331358699385E-02 a       937     0    47     1    17
  2.9664972997487477E-01 a       938     0    47     1    18
  3.1121824496488837E-01 a       939     0    47     1    19
 -2.4882570181412117E-01 a       940     0    47     1    20
 -6.2906488780711201E-02 a       941     0    48     1     1
  1.7302244423520841E-01 a       942     0    48     1     2
 -1.1856772360130394E-01 a       943     0    48     1     3
  3.6711262847765137E-02 a       944     0    48     1     4
 -2.2315213099314030E-02 a       945     0    48     1     5
  7.0549944934469741E-02 a       946     0    48     1     6
 -9.6583062051198390E-02 a       947     0    48     1     7
  1.3464941295838617E-01 a       948     0    48     1     8
 -2.1222492004764944E-02 a       949     0    48     1     9
 -2.1064120562468366E-01 a       950     0    48     1    10
 -1.5117179982770812E-01 a       951     0    48     1    11
  1.4581362288339561E-01 a       952     0    48     1    12
  1.5674632648136809E-02 a       953     0    48     1    13
 -1.1885975049554436E-01 a       954     0    48     1    14
 -2.3471147841400716E-01 a       955     0    48     1    15
 -5.7292301959624904E-02 a       956     0    48     1    16
  1.7739760402728274E-03 a       957     0    48     1    17
  1.4216943128958268E-01 a       958     0    48     1    18
 -9.7088840648188041E-02 a       959     0    48     1    19
  1.9563673202183563E-03 a       960     0    48     1    20
 -1.0251251793515723E-01 a       961     0    49     1     1
  1.0942733303670889E-01 a       962     0    49     1     2
  1.0294590846981397E-01 a       963     0    49     1     3
  1.4256162316081164E-02 a       964     0    49     1     4
  3.1284341436178045E-03 a       965     0    49     1     5
  5.1017253536852068E-02 a       966     0    49     1     6
 -1.7605415333625010E-01 a       967     0    49     1     7
  1.0629021829143280E-01 a       968     0    49     1     8
  2.7854681837611228E-01 a       969     0    49     1     9
 -3.4310133692790068E-01 a       970     0    49     1    10
 -7.9449057996687535E-03 a       971     0    49     1    11
 -2.0257350989501421E-01 a       972     0    49     1    12
 -3.0121409636592289E-01 a       973     0    49     1    13
  5.9280487209093626E-03 a       974     0    49     1    14
 -2.2243570311712874E-01 a       975     0    49     1    15
 -2.3181748717789042E-02 a       976     0    49     1    16
  6.2414746150246274E-02 a       977     0    49     1    17
 -1.6571279484434781E-01 a       978     0    49     1    18
 -8.6980381812749696E-02 a       979     0    49     1    19
 -5.5545412318780282E-02 a       980     0    49     1    20
 -1.2257807002434623E-02 a       981     0    50     1     1
 -7.2573247715224165E-02 a       982     0    50     1     2
  1.7127385472021933E-01 a       983     0    50     1     3
 -1.8596240248267418E-01 a       984     0    50     1     4
  9.0607405830865753E-02 a       985     0    50     1     5
  3.1665011136927823E-01 a       986     0    50     1     6
  6.1211270484108227E-01 a       987     0    50     1     7
  4.9601748393655283E-02 a       988     0    50     1     8
 -3.6456760546833827E-01 a       989     0    50     1     9
  1.1582845480981058E-01 a       990     0    50     1    10
  4.8979093333073556E-02 a       991     0    50     1    11
  2.9360592599630947E-01 a       992     0    50     1    12
  4.4452535503948115E-01 a       993     0    50     1    13
  8.9669503795812386E-02 a       994     0    50     1    14
 -1.1311319623564492E-01 a       995     0    50     1    15
 -1.0713116304064609E-02 a       996     0    50     1    16
 -2.4892271417382719E-01 a       997     0    50     1    17
 -1.3013465451226702E-01 a       998     0    50     1    18
  3.3199463326215622E-01 a       999     0    50     1    19
 -9.0133446111747242E-02 a      1000     0    50     1    20
 -5.4734155241506643E-01 b      1001     1     1
 -1.3605548113192423E+00 b      1002     1     2
  1.3313286004523470E-01 b      1003     1     3
  5.0634181014867573E-02 b      1004     1     4
 -1.4198355256558957E+00 b      1005     1     5
  7.1084187926514741E-01 b      1006     1     6
  9.9192239483269745E-02 b      1007     1     7
 -1.0333178747325578E+00 b      1008     1     8
  7.1773899064665259E-01 b      1009     1     9
 -1.1097843231024305E+00 b      1010     1    10
  1.2889525102618922E+00 b      1011     1    11
  7.0741242966609746E-02 b      1012     1    12
 -5.7743731604261661E-01 b      1013     1    13
 -7.7698631886035863E-01 b      1014     1    14
 -5.7078954553198924E-01 b      1015     1    15
 -1.0175630330556444E+00 b      1016     1    16
 -1.1179668058569630E+00 b      1017     1    17
  4.1403201547209323E-01 b      1018     1    18
  8.9084577817934552E-01 b      1019     1    19
  7.6645913888360140E-01 b      1020     1    20
 -4.3215993135976412E-02 a      1021     1     1     2     1
 -4.2266641552280959E-01 a      1022     1     1     2     2
 -4.2618295251613736E-01 a      1023     1     1     2     3
 -4.3901820709759870E-02 a      1024     1     1     2     4
  2.6882752263037263E-01 a      1025     1     1     2     5
  7.4330292014825927E-01 a      1026     1     1     2     6
 -6.1594123879476208E-02 a      1027     1     1     2     7
 -1.3560125364542391E-01 a      1028     1     1     2     8
 -4.8168209316112642E-01 a      1029     1     1     2     9
 -2.0023055231124826E-01 a      1030     1     1     2    10
  2.5967834179781191E-01 a      1031     1     1     2    11
 -4.6098979297593978E-01 a      1032     1     1     2    12
  1.1535475668510715E-02 a      1033     1     1     2    13
  1.2878107196428965E-01 a      1034     1     1     2    14
 -5.6540289279944267E-01 a      1035     1     1     2    15
  1.0406090523262124E-01 a      1036     1     1     2    16
  3.0332804526229845E-01 a      1037     1     1     2    17
  8.5605973721280024E-02 a      1038     1     1     2    18
 -6.0949128460761992E-01 a      1039     1     1     2    19
  3.7769120941639700E-02 a      1040     1     1     2    20
 -3.1584258060200865E-01 a      1041     1     2     2     1
 -1.2132911864861992E-01 a      1042     1     2     2     2
 -2.0468418943550384E-01 a      1043     1     2     2     3
  4.1209292158927813E-01 a      1044     1     2     2     4
 -3.5595891824732812E-01 a      1045     1     2     2     5
  1.9541043197658428E-01 a      1046     1     2     2     6
  1.7827232570931423E-01 a      1047     1     2     2     7
  3.8880470268806033E-01 a      1048     1     2     2     8
 -3.2211888735622335E-01 a      1049     1     2     2     9
 -2.7879795528622897E-01 a      1050     1     2     2    10
  4.1253851096039212E-01 a      1051     1     2     2    11
  1.9382601817138229E-01 a      1052     1     2     2    12
 -7.1623209477654359E-01 a      1053     1     2     2    13
  9.5753503699432849E-02 a      1054     1     2     2    14
  3.0610962199046254E-01 a      1055     1     2     2    15
  4.5178677930512323E-01 a      1056     1     2     2    16
  7.4344262462383448E-01 a      1057     1     2     2    17
 -2.8787975147677580E-01 a      1058     1     2     2    18
  5.5151186888743813E-02 a      1059     1     2     2    19
  5.2091530353984739E-01 a      1060     1     2     2    20
 -2.9409050116603306E-02 a      1061     1     3     2     1
 -2.9396322693859411E-01 a      1062     1     3     2     2
  6.2175077317731575E-01 a      1063     1     3     2     3
 -1.6792310149794504E-01 a      1064     1     3     2     4
  1.2988978689525194E-01 a      1065     1     3     2     5
 -3.5873067245506263E-01 a      1066     1     3     2     6
  5.9699278338993456E-01 a      1067     1     3     2     7
  3.2975652729249266E-01 a      1068     1     3     2     8
  8.0543290795487624E-02 a      1069     1     3     2     9
 -5.8305833471921353E-01 a      1070     1     3     2    10
  1.2295371873914547E-01 a      1071     1     3     2    11
 -2.4718431645475056E-01 a      1072     1     3     2    12
 -1.7682768757701386E-01 a      1073     1     3     2    13
 -5.3888634417290215E-01 a      1074     1     3     2    14
  1.0939039725526191E-01 a      1075     1     3     2    15
 -6.1307447874908172E-01 a      1076     1     3     2    16
 -4.5902752358316407E-01 a      1077     1     3     2    17
 -2.7776786880698318E-01 a      1078     1     3     2    18
  1.5381837146459634E-01 a      1079     1     3     2    19
  5.6630203767089315E-01 a      1080     1     3     2    20
 -5.5659905715224822E-01 a      1081     1     4     2     1
  5.0672486633900604E-01 a      1082     1     4     2     2
  5.0245543663144110E-01 a      1083     1     4     2     3
  1.0659314331254928E-01 a      1084     1     4     2     4
  5.6507997223580109E-01 a      1085     1     4     2     5
  2.7338167931242008E-01 a      1086     1     4     2     6
  2.8780451854201594E-01 a      1087     1     4     2     7
  2.7732388789782547E-01 a      1088     1     4     2     8
  5.4170418635019001E-02 a      1089     1     4     2     9
 -8.0950094570751377E-02 a      1090     1     4     2    10
  3.7272113337313684E-01 a      1091     1     4     2    11
 -2.3245074874033417E-01 a      1092     1     4     2    12
  1.3360459192791166E-01 a      1093     1     4     2    13
 -1.1233004336418725E-01 a      1094     1     4     2    14
  7.1218501187430605E-01 a      1095     1     4     2    15
  3.7905433925371257E-01 a      1096     1     4     2    16
  8.2654084138154027E-01 a      1097     1     4     2    17
 -8.7775878363757123E-02 a      1098     1     4     2    18
 -1.6777388598746096E-01 a      1099     1     4     2    19
 -2.5750183967440155E-02 a      1100     1     4     2    20
 -7.1138619060859887E-01 a      1101     1     5     2     1
 -2.5755703866803203E-01 a      1102     1     5     2     2
 -5.3691592058853554E-01 a      1103     1     5     2     3
 -4.3982354478559454E-01 a      1104     1     5     2     4
 -6.3771270887567899E-01 a      1105     1     5     2     5
  5.4385582640131214E-01 a      1106     1     5     2     6
 -2.2799494543547175E-01 a      1107     1     5     2     7
  5.4177878501639909E-01 a      1108     1     5     2     8
 -5.4008321454677644E-01 a      1109     1     5     2     9
  5.3247383454551256E-01 a      1110     1     5     2    10
  2.1063442892779377E-01 a      1111     1     5     2    11
 -3.2795891539802453E-02 a      1112     1     5     2    12
  1.9732770259218999E-01 a      1113     1     5     2    13
 -6.0787243763722243E-01 a      1114     1     5     2    14
  5.5967061679363361E-01 a      1115     1     5     2    15
  3.8923527277721048E-01 a      1116     1     5     2    16
 -5.6907293061953235E-01 a      1117     1     5     2    17
 -5.2425396544935032E-01 a      1118     1     5     2    18
  3.9172700404160703E-02 a      1119     1     5     2    19
  5.5302724655659809E-02 a      1120     1     5     2    20
  4.1240779656165105E-01 a      1121     1     6     2     1
 -5.6913907844115830E-01 a      1122     1     6     2     2
  4.5751793893841775E-01 a      1123     1     6     2     3
  4.5076963408420800E-01 a      1124     1     6     2     4
 -1.9639272976551189E-01 a      1125     1     6     2     5
 -1.9807041997501737E-01 a      1126     1     6     2     6
 -1.1389759321591149E+00 a      1127     1     6     2     7
 -2.6340618817873040E-01 a      1128     1     6     2     8
  1.4816835263966618E-01 a      1129     1     6     2     9
  4.5285444864191426E-01 a      1130     1     6     2    10
 -7.6176053366993668E-01 a      1131     1     6     2    11
 -1.0434388019325374E+00 a      1132     1     6     2    12
  9.2767559519162701E-01 a      1133     1     6     2    13
 -6.5083082228131861E-01 a      1134     1     6     2    14
  3.8929028664757470E-01 a      1135     1     6     2    15
  7.6612628337844380E-01 a      1136     1     6     2    16
 -2.2905483182724586E-02 a      1137     1     6     2    17
 -6.5105934148434841E-01 a      1138     1     6     2    18
 -5.3882662620822730E-01 a      1139     1     6     2    19
  4.6875546259900558E-01 a      1140     1     6     2    20
  5.0208399245972382E-02 a      1141     1     7     2     1
 -6.3323266913061793E-01 a      1142     1     7     2     2
  2.1753820012576244E-01 a      1143     1     7     2     3
 -7.0299195012470783E-01 a      1144     1     7     2     4
 -6.5627862872785225E-01 a      1145     1     7     2     5
  8.2527048864672894E-02 a      1146     1     7     2     6
 -1.9404825426222119E-01 a      1147     1     7     2     7
  9.2379226437316525E-02 a      1148     1     7     2     8
 -7.2435374328223959E-02 a      1149     1     7     2     9
  3.7866214146314703E-01 a      1150     1     7     2    10
  6.1361555288389558E-01 a      1151     1     7     2    11
  1.0239163926398949E+00 a      1152     1     7     2    12
 -6.8889624678077488E-01 a      1153     1     7     2    13
  7.0625352462540769E-01 a      1154     1     7     2    14
 -4.0932800015485304E-01 a      1155     1     7     2    15
  2.1124431436352145E-01 a      1156     1     7     2    16
  4.5566593514680381E-01 a      1157     1     7     2    17
  2.7401759993563746E-01 a      1158     1     7     2    18
 -3.9071016077109577E-01 a      1159     1     7     2    19
  2.8339364766647523E-01 a      1160     1     7     2    20
  5.6609919785157625E-01 a      1161     1     8     2     1
  1.9847414272699285E-01 a      1162     1     8     2     2
  3.2722785475055993E-01 a      1163     1     8     2     3
 -2.3335773614774855E-01 a      1164     1     8     2     4
 -1.2971007224897102E-01 a      1165     1     8     2     5
  4.0894433051054085E-02 a      1166     1     8     2     6
 -3.6799046793450468E-01 a      1167     1     8     2     7
 -8.7593967108406195E-02 a      1168     1     8     2     8
  5.3283914003956445E-01 a      1169     1     8     2     9
 -1.3245680353614822E-01 a      1170     1     8     2    10
  4.1130299845122015E-01 a      1171     1     8     2    11
  4.2914024766763464E-01 a      1172     1     8     2    12
 -5.0629132653358389E-01 a      1173     1     8     2    13
 -7.3997385709730648E-02 a      1174     1     8     2    14
 -1.2254712829870798E-01 a      1175     1     8     2    15
  2.5823070350065519E-01 a      1176     1     8     2    16
  3.6617323787518447E-01 a      1177     1     8     2    17
 -4.9489707404557559E-01 a      1178     1     8     2    18
 -4.6729283710661534E-01 a      1179     1     8     2    19
 -4.7141138860959830E-02 a      1180     1     8     2    20
  1.5756398706781388E-01 a      1181     1     9     2     1
  4.7631750647202781E-01 a      1182     1     9     2     2
  5.0518407508967011E-01 a      1183     1     9     2     3
  1.3286044364325258E-01 a      1184     1     9     2     4
  2.0127597493485053E-01 a      1185     1     9     2     5
 -4.1416921452760985E-01 a      1186     1     9     2     6
  3.2464500716486727E-01 a      1187     1     9     2     7
 -1.9965363065095290E-02 a      1188     1     9     2     8
  4.9988594703739381E-01 a      1189     1     9     2     9
 -2.3406801234211860E-02 a      1190     1     9     2    10
 -5.1551859275646594E-01 a      1191     1     9     2    11
 -3.4885264947538441E-01 a      1192     1     9     2    12
  3.1815452405380734E-01 a      1193     1     9     2    13
 -6.1826338718725882E-01 a      1194     1     9     2    14
 -5.5882370030070960E-01 a      1195     1     9     2    15
 -2.2573648213603359E-01 a      1196     1     9     2    16
 -8.9648889326120385E-01 a      1197     1     9     2    17
 -1.4205722119690045E-01 a      1198     1     9     2    18
 -6.7861126459819746E-02 a      1199     1     9     2    19
 -5.8048251037062970E-01 a      1200     1     9     2    20
 -7.0136842953082562E-02 a      1201     1    10     2     1
  9.7567672543465225E-03 a      1202     1    10     2     2
 -4.6777230357649918E-01 a      1203     1    10     2     3
  1.2762244674550960E-01 a      1204     1    10     2     4
  2.0964985932887720E-01 a      1205     1    10     2     5
 -3.3715260506810929E-01 a      1206     1    10     2     6
 -3.4522950102917482E-01 a      1207     1    10     2     7
  4.4596670011760786E-01 a      1208     1    10     2     8
 -3.4818937059320682E-01 a      1209     1    10     2     9
  2.1615232632172107E-01 a      1210     1    10     2    10
  6.6535182054194508E-02 a      1211     1    10     2    11
  4.2216562191155133E-01 a      1212     1    10     2    12
 -1.0202919160630765E-01 a      1213     1    10     2    13
  3.3822343231082092E-01 a      1214     1    10     2    14
 -1.5153061346994334E-01 a      1215     1    10     2    15
  1.8182992339240375E-01 a      1216     1    10     2    16
  6.2170131080802160E-01 a      1217     1    10     2    17
  3.4514484073303009E-01 a      1218     1    10     2    18
 -1.2663579364106964E-01 a      1219     1    10     2    19
 -2.9756523651099959E-01 a      1220     1    10     2    20
  8.0396433637220585E-02 a      1221     1    11     2     1
  2.8192143203478182E-02 a      1222     1    11     2     2
 -3.2056638769387980E-01 a      1223     1    11     2     3
  2.0343521643403237E-01 a      1224     1    11     2     4
  3.0637040109684333E-01 a      1225     1    11     2     5
 -5.7362151262529570E-01 a      1226     1    11     2     6
 -1.5542148026142527E-01 a      1227     1    11     2     7
  7.8764924828379967E-01 a      1228     1    11     2     8
  2.8886449125094854E-01 a      1229     1    11     2     9
  2.6183862083582210E-01 a      1230     1    11     2    10
  1.4955577310774754E-01 a      1231     1    11     2    11
  3.5706592132267456E-02 a      1232     1    11     2    12
 -3.0945080489084659E-01 a      1233     1    11     2    13
 -6.8904651299445174E-02 a      1234     1    11     2    14
 -2.0028925234502823E-01 a      1235     1    11     2    15
  8.6165494121943809E-01 a      1236     1    11     2    16
  4.7164346236329224E-01 a      1237     1    11     2    17
 -1.2278993523229943E-01 a      1238     1    11     2    18
 -2.6545200236343791E-01 a      1239     1    11     2    19
 -3.9401492599544968E-01 a      1240     1    11     2    20
 -3.7275986447154513E-01 a      1241     1    12     2     1
 -1.3585294602681547E-01 a      1242     1    12     2     2
 -9.4410726580220150E-02 a      1243     1    12     2     3
 -3.4215667762353918E-01 a      1244     1    12     2     4
 -5.9082644345663245E-02 a      1245     1    12     2     5
  1.7883849324225404E-01 a      1246     1    12     2     6
 -2.5683871403365732E-01 a      1247     1    12     2     7
  3.9187636580424773E-01 a      1248     1    12     2     8
  2.6351679519228042E-02 a      1249     1    12     2     9
 -5.1040804935109951E-01 a      1250     1    12     2    10
 -8.3641293967575581E-02 a      1251     1    12     2    11
  2.6271688334560961E-01 a      1252     1    12     2    12
 -4.5831706296944646E-01 a      1253     1    12     2    13
  2.4931542418550315E-01 a      1254     1    12     2    14
 -2.1284941871555244E-01 a      1255     1    12     2    15
 -7.4472788967029815E-02 a      1256     1    12     2    16
 -1.4696943637059723E-01 a      1257     1    12     2    17
 -1.1323227342486851E-01 a      1258     1    12     2    18
 -2.6103187304459352E-01 a      1259     1    12     2    19
  2.9812767957977004E-01 a      1260     1    12     2    20
 -9.0389925203459598E-01 a      1261     1    13     2     1
  1.5073291693242491E-01 a      1262     1    13     2     2
  7.4120450747704059E-01 a      1263     1    13     2     3
  4.6295902642138892E-01 a      1264     1    13     2     4
  1.6116827546700319E-01 a      1265     1    13     2     5
  2.5565005886201980E-01 a      1266     1    13     2     6
  7.7378751971848481E-01 a      1267     1    13     2     7
  1.0802268516882663E-01 a      1268     1    13     2     8
  1.1193656359318309E-01 a      1269     1    13     2     9
 -5.4862756724484529E-01 a      1270     1    13     2    10
  7.9886133094608114E-01 a      1271     1    13     2    11
  6.4838509860211213E-01 a      1272     1    13     2    12
 -5.1515851891958753E-01 a      1273     1    13     2    13
 -2.1700579672530340E-01 a      1274     1    13     2    14
 -1.1427090697535551E-01 a      1275     1    13     2    15
  3.4920280706970847E-01 a      1276     1    13     2    16
 -2.4843322298730941E-01 a      1277     1    13     2    17
 -1.0492011671208172E+00 a      1278     1    13     2    18
  2.9575580410806331E-02 a      1279     1    13     2    19
 -1.6877418951889472E-02 a      1280     1    13     2    20
 -9.4695929030696804E-02 a      1281     1    14     2     1
  3.6538484293647450E-01 a      1282     1    14     2     2
  1.6300471014412066E-02 a      1283     1    14     2     3
 -4.2374849409307323E-02 a      1284     1    14     2     4
  4.3564691861121452E-01 a      1285     1    14     2     5
 -1.2426857987878011E-01 a      1286     1    14     2     6
  5.6214990967175952E-03 a      1287     1    14     2     7
 -2.7545920625236847E-01 a      1288     1    14     2     8
  4.8099765760816782E-01 a      1289     1    14     2     9
  6.0072421552302857E-01 a      1290     1    14     2    10
  5.3190330483966664E-01 a      1291     1    14     2    11
  3.3166810365119004E-01 a      1292     1    14     2    12
  3.1664822466983600E-01 a      1293     1    14     2    13
  1.6383286415138240E-01 a      1294     1    14     2    14
 -6.9458590096120354E-01 a      1295     1    14     2    15
 -3.4389275813520220E-01 a      1296     1    14     2    16
 -4.0141032303951191E-02 a      1297     1    14     2    17
  8.4351001440500639E-01 a      1298     1    14     2    18
 -4.1824628976746142E-01 a      1299     1    14     2    19
  4.3596264737760360E-01 a      1300     1    14     2    20
  4.9082637970736825E-01 a      1301     1    15     2     1
  4.4820624625536071E-01 a      1302     1    15     2     2
  2.0741704035566569E-01 a      1303     1    15     2     3
  5.1543256715740993E-01 a      1304     1    15     2     4
  3.8118617695400064E-01 a      1305     1    15     2     5
  7.6649963976722524E-01 a      1306     1    15     2     6
 -2.5077317317452069E-01 a      1307     1    15     2     7
  6.2675129583982681E-01 a      1308     1    15     2     8
 -6.8576039866565341E-01 a      1309     1    15     2     9
  4.7905006822022023E-01 a      1310     1    15     2    10
 -1.0526529981754547E-01 a      1311     1    15     2    11
  3.5128246423466958E-01 a      1312     1    15     2    12
 -2.9980552211439088E-01 a      1313     1    15     2    13
  6.6880372767589057E-03 a      1314     1    15     2    14
  3.3443861117269474E-01 a      1315     1    15     2    15
  5.1060954358804600E-01 a      1316     1    15     2    16
  6.3499487131783650E-01 a      1317     1    15     2    17
 -1.8147108869757955E-01 a      1318     1    15     2    18
  2.2621523812740787E-01 a      1319     1    15     2    19
 -1.4946036147398881E-01 a      1320     1    15     2    20
 -3.7125156063803028E-01 a      1321     1    16     2     1
  5.3075045961085066E-01 a      1322     1    16     2     2
  5.4537153943855932E-01 a      1323     1    16     2     3
 -1.2501773387287457E-01 a      1324     1    16     2     4
 -4.8597147065175406E-01 a      1325     1    16     2     5
  1.6270057899475809E-01 a      1326     1    16     2     6
  5.1929930742174479E-01 a      1327     1    16     2     7
  6.1797843939801822E-01 a      1328     1    16     2     8
  1.2588008800155392E-01 a      1329     1    16     2     9
  1.6480173436353837E-01 a      1330     1    16     2    10
 -1.4139693845193380E-01 a      1331     1    16     2    11
 -4.4468855151177722E-01 a      1332     1    16     2    12
  7.7852092679108942E-01 a      1333     1    16     2    13
 -7.9296696700009817E-01 a      1334     1    16     2    14
 -8.4327114620151289E-01 a      1335     1    16     2    15
 -4.7701520150824524E-02 a      1336     1    16     2    16
 -5.3661367672821281E-01 a      1337     1    16     2    17
 -1.9778400174519165E-01 a      1338     1    16     2    18
 -6.1287317995234258E-01 a      1339     1    16     2    19
  3.2640226371782305E-01 a      1340     1    16     2    20
 -3.1368697687441988E-01 a      1341     1    17     2     1
  5.0615071699601388E-01 a      1342     1    17     2     2
  2.7991722299082683E-01 a      1343     1    17     2     3
  2.5209016321269506E-01 a      1344     1    17     2     4
 -3.1837645849346807E-01 a      1345     1    17     2     5
  2.1597905082035099E-01 a      1346     1    17     2     6
 -1.2183288728590731E-01 a      1347     1    17     2     7
  1.0491849751538485E-01 a      1348     1    17     2     8
  6.0736355868397240E-01 a      1349     1    17     2     9
  5.8243167535232288E-02 a      1350     1    17     2    10
 -6.3527893761988152E-01 a      1351     1    17     2    11
 -3.9625013558330063E-01 a      1352     1    17     2    12
 -1.0704468381575635E-01 a      1353     1    17     2    13
  4.7411916649164459E-01 a      1354     1    17     2    14
  1.5658204713179108E-01 a      1355     1    17     2    15
 -6.2175508347332320E-02 a      1356     1    17     2    16
 -2.4817394996683939E-01 a      1357     1    17     2    17
 -2.3642601163042601E-01 a      1358     1    17     2    18
 -3.4657385046849831E-01 a      1359     1    17     2    19
  1.0661702632739963E-02 a      1360     1    17     2    20
  2.4362146609607546E-01 a      1361     1    18     2     1
 -1.8308247486883164E-01 a      1362     1    18     2     2
  3.7541190806020142E-01 a      1363     1    18     2     3
 -2.9434558798644173E-01 a      1364     1    18     2     4
 -7.7502548428273610E-01 a      1365     1    18     2     5
  4.0840107446926294E-01 a      1366     1    18     2     6
 -7.0604757281851260E-01 a      1367     1    18     2     7
 -5.1385621042003837E-01 a      1368     1    18     2     8
 -5.5587773733714752E-01 a      1369     1    18     2     9
  4.4784788840060069E-01 a      1370     1    18     2    10
  4.5069781928608089E-02 a      1371     1    18     2    11
  2.0631385680412939E-01 a      1372     1    18     2    12
 -3.5449014787199840E-01 a      1373     1    18     2    13
 -4.8503621484990039E-01 a      1374     1    18     2    14
 -8.4442134683196113E-02 a      1375     1    18     2    15
 -2.9771055479286879E-01 a      1376     1    18     2    16
 -3.9565689934615661E-01 a      1377     1    18     2    17
  4.9559759918170193E-01 a      1378     1    18     2    18
  6.4802214672130076E-01 a      1379     1    18     2    19
 -4.8231003567092734E-01 a      1380     1    18     2    20
 -5.3603018849366735E-01 a      1381     1    19     2     1
 -3.2368833590891211E-01 a      1382     1    19     2     2
  4.5199644622464918E-01 a      1383     1    19     2     3
 -7.6795755017663780E-01 a      1384     1    19     2     4
  3.0762513564700450E-01 a      1385     1    19     2     5
  4.7175377931141349E-01 a      1386     1    19     2     6
  1.8832099142871164E-01 a      1387     1    19     2     7
  4.5164434226339201E-01 a      1388     1    19     2     8
  3.1090145373752376E-01 a      1389     1    19     2     9
 -4.9082867085833665E-01 a      1390     1    19     2    10
 -2.8235388511318665E-01 a      1391     1    19     2    11
  3.5585582090743056E-01 a      1392     1    19     2    12
 -8.4472188690399186E-01 a      1393     1    19     2    13
 -5.0234493853738398E-02 a      1394     1    19     2    14
  3.6959328743356007E-01 a      1395     1    19     2    15
  3.7611278713947177E-01 a      1396     1    19     2    16
  2.6853298939977388E-01 a      1397     1    19     2    17
 -2.5527944173809775E-01 a      1398     1    19     2    18
 -3.6556931801017989E-01 a      1399     1    19     2    19
 -7.1893582720751403E-01 a      1400     1    19     2    20
  2.9271530008166630E-01 a      1401     1    20     2     1
  4.5706433559061216E-01 a      1402     1    20     2     2
  1.0330202545659900E-01 a      1403     1    20     2     3
 -2.8525518756830731E-01 a      1404     1    20     2     4
  1.8090639605499428E-01 a      1405     1    20     2     5
 -4.6781530253659676E-01 a      1406     1    20     2     6
 -3.8555843540173740E-01 a      1407     1    20     2     7
  6.7756484832584962E-01 a      1408     1    20     2     8
  2.9547265862765515E-01 a      1409     1    20     2     9
  5.4003613175827170E-01 a      1410     1    20     2    10
 -7.1268285209502624E-01 a      1411     1    20     2    11
  5.2960993225131248E-01 a      1412     1    20     2    12
 -2.5301730489367963E-01 a      1413     1    20     2    13
  2.8614861969150862E-01 a      1414     1    20     2    14
 -3.1509514980949532E-01 a      1415     1    20     2    15
 -5.2264735030322762E-01 a      1416     1    20     2    16
 -7.2538038410546313E-01 a      1417     1    20     2    17
  5.8125855839868257E-01 a      1418     1    20     2    18
 -2.3823022168054944E-01 a      1419     1    20     2    19
  1.1121793388770588E-02 a      1420     1    20     2    20
 -5.6009014289661585E-01 b      1421     2     1
  1.3514172216307612E+00 b      1422     2     2
 -4.6224717221886941E-01 b      1423     2     3
 -9.7750800850793285E-01 b      1424     2     4
  8.4705342519224402E-01 b      1425     2     5
 -4.9658433792605466E-01 b      1426     2     6
  3.9029526428455469E-01 b      1427     2     7
  1.5004147992897141E+00 b      1428     2     8
  4.2090099736809350E-01 b      1429     2     9
  2.1825294320685107E-01 b      1430     2    10
  1.8688268110674683E-01 b      1431     2    11
  3.9327693225519755E-01 b      1432     2    12
  3.5583158433769940E-01 b      1433     2    13
 -1.2432125933626970E+00 b      1434     2    14
  1.4935041433774945E+00 b      1435     2    15
  6.7113651112933059E-01 b      1436     2    16
  3.6039710317421808E-01 b      1437     2    17
 -1.2597374946021318E+00 b      1438     2    18
 -1.5081789653441641E-01 b      1439     2    19
 -1.5167526666122677E+00 b      1440     2    20
 -1.4746302839559911E-01 a      1441     2     1     3     1
 -1.8072384483923953E-02 a      1442     2     2     3     1
 -4.5721065031860325E-01 a      1443     2     3     3     1
  1.3578111226575134E+00 a      1444     2     4     3     1
 -2.6355106870903555E-01 a      1445     2     5     3     1
  6.8012169010888768E-01 a      1446     2     6     3     1
 -6.1277629379081509E-02 a      1447     2     7     3     1
  1.4656623115161515E-02 a      1448     2     8     3     1
 -3.9152888604389990E-01 a      1449     2     9     3     1
  5.1083021134859230E-01 a      1450     2    10     3     1
  1.3266963691222797E+00 a      1451     2    11     3     1
 -1.7440782912465280E-01 a      1452     2    12     3     1
 -1.4390658438208204E-01 a      1453     2    13     3     1
  6.1391038531023323E-01 a      1454     2    14     3     1
 -1.0946616630064541E+00 a      1455     2    15     3     1
 -4.4381423060517433E-01 a      1456     2    16     3     1
 -1.8833739241628061E-01 a      1457     2    17     3     1
 -6.3654762815099664E-01 a      1458     2    18     3     1
 -2.3858362771321842E-01 a      1459     2    19     3     1
  1.1123515611938126E+00 a      1460     2    20     3     1
 -9.8045149050683089E-01 b      1461     3     1
