################################################################################
# Neural network connection values (weights and biases).
################################################################################
# Col  Name       Description
################################################################################
# 1    connection Neural network connection value.
# 2    t          Connection type (a = weight, b = bias).
# 3    index      Index enumerating weights.
# 4    l_s        Starting point layer (end point layer for biases).
# 5    n_s        Starting point neuron in starting layer (end point neuron for biases).
# 6    l_e        End point layer.
# 7    n_e        End point neuron in end layer.
################################################################################
#                      1 2         3     4     5     6     7
#             connection t     index   l_s   n_s   l_e   n_e
############################################################
 -4.2933701007877925E-02 a         1     0     1     1     1
  1.6915004347955363E-02 a         2     0     1     1     2
 -1.7856399420733698E-01 a         3     0     1     1     3
  1.4334577773169538E-01 a         4     0     1     1     4
  1.1215436959404015E-01 a         5     0     1     1     5
  1.1014191758115796E-01 a         6     0     1     1     6
 -2.1598991946206778E-01 a         7     0     1     1     7
  6.9370003544189915E-02 a         8     0     1     1     8
 -1.5873219244337006E-01 a         9     0     1     1     9
  5.8136282719546983E-01 a        10     0     1     1    10
 -1.7449240921281153E-01 a        11     0     1     1    11
  7.0939436472048797E-02 a        12     0     1     1    12
  7.6743910961259251E-02 a        13     0     1     1    13
  2.8149511172358466E-01 a        14     0     1     1    14
 -1.6121074700028180E-02 a        15     0     1     1    15
  1.4942468537529177E-01 a        16     0     1     1    16
 -1.6364690431525813E-02 a        17     0     1     1    17
 -3.9468472939387440E-02 a        18     0     1     1    18
  1.4792232135952865E-01 a        19     0     1     1    19
 -3.7744400286869380E-02 a        20     0     1     1    20
 -5.0829556260539455E-01 a        21     0     2     1     1
  3.2428956135491499E-01 a        22     0     2     1     2
 -2.3093695643085638E-01 a        23     0     2     1     3
  2.9518112288290788E-01 a        24     0     2     1     4
 -4.1259946252946600E-01 a        25     0     2     1     5
  3.0283764468918811E-01 a        26     0     2     1     6
 -3.5093347271218052E-02 a        27     0     2     1     7
 -6.6727979971924103E-02 a        28     0     2     1     8
  2.7288804059657507E-01 a        29     0     2     1     9
 -1.8993791394337226E-01 a        30     0     2     1    10
 -2.0776241946522805E-01 a        31     0     2     1    11
  3.3058727972785990E-01 a        32     0     2     1    12
 -1.1168684496516663E-01 a        33     0     2     1    13
  2.9565593946947914E-02 a        34     0     2     1    14
 -9.9479196268564885E-02 a        35     0     2     1    15
 -1.7468909163449856E-02 a        36     0     2     1    16
 -2.7151653522897440E-01 a        37     0     2     1    17
 -1.1519602476518148E-01 a        38     0     2     1    18
 -5.1407281303158670E-01 a        39     0     2     1    19
 -1.7118255060379561E-01 a        40     0     2     1    20
  8.3089429706896090E-02 a        41     0     3     1     1
 -1.3854663974244036E-01 a        42     0     3     1     2
 -2.0675020071817959E-01 a        43     0     3     1     3
 -2.8043562461772076E-01 a        44     0     3     1     4
 -4.8800625839037499E-02 a        45     0     3     1     5
  1.5775251244213168E-01 a        46     0     3     1     6
  7.6701369902280825E-02 a        47     0     3     1     7
 -9.1448760830917901E-03 a        48     0     3     1     8
 -2.0349410322715528E-01 a        49     0     3     1     9
 -1.5479745588473040E-01 a        50     0     3     1    10
 -1.5409427368024217E-01 a        51     0     3     1    11
  5.3337732747284955E-02 a        52     0     3     1    12
  5.3135468133917979E-02 a        53     0     3     1    13
 -2.7177043645570259E-01 a        54     0     3     1    14
  3.4067570946901417E-02 a        55     0     3     1    15
  1.3435667021439535E-01 a        56     0     3     1    16
  2.5239766191882011E-02 a        57     0     3     1    17
  4.8720170768148947E-02 a        58     0     3     1    18
 -3.1791970972985646E-02 a        59     0     3     1    19
 -1.1680528262289346E-01 a        60     0     3     1    20
  2.2853363679005684E-01 a        61     0     4     1     1
 -9.4096521308513259E-02 a        62     0     4     1     2
  1.3831860656286724E-01 a        63     0     4     1     3
 -9.2238854467776438E-02 a        64     0     4     1     4
  1.1959424713170784E-01 a        65     0     4     1     5
 -3.1148388570856272E-01 a        66     0     4     1     6
  9.1813165632272054E-01 a        67     0     4     1     7
 -2.2541924488827061E-01 a        68     0     4     1     8
  4.3535997451687114E-01 a        69     0     4     1     9
  3.9155291355904531E-01 a        70     0     4     1    10
  4.2343760329599994E-01 a        71     0     4     1    11
 -3.7065540251369777E-01 a        72     0     4     1    12
 -2.1012666018541945E-01 a        73     0     4     1    13
  9.2865983088899529E-01 a        74     0     4     1    14
 -5.5366711594347856E-03 a        75     0     4     1    15
 -3.9686461593397365E-01 a        76     0     4     1    16
  1.0343188611617414E-01 a        77     0     4     1    17
 -2.2976244442059005E-01 a        78     0     4     1    18
 -3.5212459783000138E-01 a        79     0     4     1    19
  7.8125505663531783E-02 a        80     0     4     1    20
  5.7302769530914921E-01 a        81     0     5     1     1
  1.0104138482606929E-01 a        82     0     5     1     2
  2.4262793289309106E-01 a        83     0     5     1     3
  3.6070311056340243E-01 a        84     0     5     1     4
  2.0323046457428814E-01 a        85     0     5     1     5
 -8.2420680785633735E-02 a        86     0     5     1     6
 -4.8399876809118603E-03 a        87     0     5     1     7
  9.8884205046126050E-02 a        88     0     5     1     8
 -2.4039888845044691E-01 a        89     0     5     1     9
  1.5586775956451310E-01 a        90     0     5     1    10
 -1.0676281303313359E-01 a        91     0     5     1    11
 -2.4435006087608324E-01 a        92     0     5     1    12
 -3.8705166806005775E-01 a        93     0     5     1    13
  4.4880252250563038E-02 a        94     0     5     1    14
  4.7355917979689960E-01 a        95     0     5     1    15
  1.0150789312003471E-01 a        96     0     5     1    16
  3.7117649989493878E-01 a        97     0     5     1    17
  4.1338919459122192E-01 a        98     0     5     1    18
  6.1471889090783094E-01 a        99     0     5     1    19
  4.8925863548374519E-02 a       100     0     5     1    20
 -4.5693423007822503E-03 a       101     0     6     1     1
  1.1614838423919936E-01 a       102     0     6     1     2
  5.0996567478433757E-02 a       103     0     6     1     3
 -1.4245229610756285E-01 a       104     0     6     1     4
 -1.3329600910462563E-03 a       105     0     6     1     5
 -2.2616473334875731E-01 a       106     0     6     1     6
  9.5488041616349412E-02 a       107     0     6     1     7
 -1.2799421864429078E-01 a       108     0     6     1     8
  2.8439816810411328E-01 a       109     0     6     1     9
  2.1874717690568132E-01 a       110     0     6     1    10
  1.5681567957762818E-01 a       111     0     6     1    11
 -2.2278157044747510E-01 a       112     0     6     1    12
 -1.7683637172517649E-01 a       113     0     6     1    13
  1.0504643930240916E-01 a       114     0     6     1    14
  2.4440025319293165E-02 a       115     0     6     1    15
 -9.3640715438166683E-02 a       116     0     6     1    16
 -4.3097056432169412E-01 a       117     0     6     1    17
  2.7735807840637133E-01 a       118     0     6     1    18
 -2.5192395501736447E-02 a       119     0     6     1    19
  8.7750213995565499E-02 a       120     0     6     1    20
 -4.4810236242379592E-01 a       121     0     7     1     1
  2.4686612043071918E-02 a       122     0     7     1     2
 -2.9001686503438473E-01 a       123     0     7     1     3
 -4.8813119011329126E-01 a       124     0     7     1     4
 -2.0832401709109105E-03 a       125     0     7     1     5
  1.9175740691628190E-01 a       126     0     7     1     6
 -5.3145719683642800E-01 a       127     0     7     1     7
  1.9405789047511629E-01 a       128     0     7     1     8
 -5.3941616786673408E-01 a       129     0     7     1     9
 -7.2477207244357145E-01 a       130     0     7     1    10
 -2.4810498034926026E-01 a       131     0     7     1    11
  1.9476424895816784E-02 a       132     0     7     1    12
  2.7935608619977842E-01 a       133     0     7     1    13
 -7.5592368834106871E-01 a       134     0     7     1    14
  1.7787677600627230E-02 a       135     0     7     1    15
  3.7968258082630946E-01 a       136     0     7     1    16
  1.4167012294934497E-02 a       137     0     7     1    17
  2.6437919566973767E-02 a       138     0     7     1    18
  2.9838115873416005E-01 a       139     0     7     1    19
  2.8734575274595298E-01 a       140     0     7     1    20
 -1.1995744001713336E-01 a       141     0     8     1     1
  1.2634387220302845E-01 a       142     0     8     1     2
 -4.6131650623061779E-02 a       143     0     8     1     3
  2.7237095418786084E-01 a       144     0     8     1     4
 -1.4432718619273804E-01 a       145     0     8     1     5
  9.8327375280957113E-02 a       146     0     8     1     6
 -3.5113869376928002E-02 a       147     0     8     1     7
  9.3637930538725909E-03 a       148     0     8     1     8
  7.9076040250491086E-02 a       149     0     8     1     9
 -8.1485475347921554E-02 a       150     0     8     1    10
  2.3791710533052051E-02 a       151     0     8     1    11
  3.6345692474159252E-01 a       152     0     8     1    12
  6.1365483756252476E-02 a       153     0     8     1    13
 -1.8694215265945863E-01 a       154     0     8     1    14
 -1.6210312392081294E-01 a       155     0     8     1    15
 -1.2572916056854103E-01 a       156     0     8     1    16
 -2.7910069730679010E-01 a       157     0     8     1    17
 -1.1010621030540059E-01 a       158     0     8     1    18
 -3.4508676481047523E-01 a       159     0     8     1    19
 -1.5085135128587873E-01 a       160     0     8     1    20
 -2.7376108449166342E-01 a       161     0     9     1     1
  1.2371024973189300E-01 a       162     0     9     1     2
 -3.4290308897195665E-01 a       163     0     9     1     3
  3.8764442833899466E-02 a       164     0     9     1     4
 -1.2047488679393639E-01 a       165     0     9     1     5
 -8.6267888199998439E-03 a       166     0     9     1     6
  1.4662405644281665E-01 a       167     0     9     1     7
  4.2107401966127594E-01 a       168     0     9     1     8
  2.2006813857982585E-01 a       169     0     9     1     9
 -7.3904718388940194E-02 a       170     0     9     1    10
  2.3328977431630776E-01 a       171     0     9     1    11
 -7.7346531627841331E-02 a       172     0     9     1    12
  1.3514091033317369E-01 a       173     0     9     1    13
  2.5294628480658182E-01 a       174     0     9     1    14
  1.2165327406137484E-01 a       175     0     9     1    15
  1.5134862483378667E-01 a       176     0     9     1    16
  1.5697992442167202E-01 a       177     0     9     1    17
 -4.7071579807069863E-01 a       178     0     9     1    18
 -1.8842548635783377E-01 a       179     0     9     1    19
 -1.4149920752471340E-01 a       180     0     9     1    20
 -1.0993287758795051E-01 a       181     0    10     1     1
  1.0495854318288367E-01 a       182     0    10     1     2
 -2.0866540435422165E-01 a       183     0    10     1     3
  3.7849850681631846E-02 a       184     0    10     1     4
  2.5110662865722599E-01 a       185     0    10     1     5
 -2.4126411310668289E-01 a       186     0    10     1     6
  3.9139242966547944E-01 a       187     0    10     1     7
 -2.2976696403485850E-01 a       188     0    10     1     8
  2.7619123445127597E-01 a       189     0    10     1     9
  4.5646946141664441E-01 a       190     0    10     1    10
  4.7511922362774392E-02 a       191     0    10     1    11
 -3.6377863686578049E-01 a       192     0    10     1    12
 -2.2524888704803053E-01 a       193     0    10     1    13
  4.5801231861432490E-01 a       194     0    10     1    14
 -1.4838962053271484E-01 a       195     0    10     1    15
 -1.9446514102340889E-01 a       196     0    10     1    16
  8.2301091445105404E-02 a       197     0    10     1    17
 -3.1166426291037796E-01 a       198     0    10     1    18
 -2.2305733991427390E-01 a       199     0    10     1    19
  5.2532282651497002E-02 a       200     0    10     1    20
  2.7604724032164818E-01 a       201     0    11     1     1
  1.4436846166832393E-01 a       202     0    11     1     2
  1.1642643929040845E-01 a       203     0    11     1     3
 -2.9331572742083950E-01 a       204     0    11     1     4
 -3.1505985095834987E-01 a       205     0    11     1     5
 -1.8320268046965385E-01 a       206     0    11     1     6
 -7.2613684083127086E-02 a       207     0    11     1     7
  8.6802521655622952E-02 a       208     0    11     1     8
  8.9080604313471201E-02 a       209     0    11     1     9
 -2.3524257029407174E-02 a       210     0    11     1    10
  1.4968137389665508E-02 a       211     0    11     1    11
 -6.5287749541854739E-03 a       212     0    11     1    12
 -2.1132159697293243E-01 a       213     0    11     1    13
  5.3273229486423511E-02 a       214     0    11     1    14
  1.0265784395813701E-01 a       215     0    11     1    15
  8.7228599456743189E-02 a       216     0    11     1    16
  4.5806953302028964E-03 a       217     0    11     1    17
  3.0147729225625836E-01 a       218     0    11     1    18
  2.3988224389045218E-01 a       219     0    11     1    19
 -1.5034392988201778E-02 a       220     0    11     1    20
  1.3076369210306882E-01 a       221     0    12     1     1
 -4.1587263611584413E-01 a       222     0    12     1     2
  1.1670389849191423E-01 a       223     0    12     1     3
 -1.5316064204774091E-01 a       224     0    12     1     4
  6.0160004216350677E-02 a       225     0    12     1     5
  1.4033158024972933E-01 a       226     0    12     1     6
  2.2192798676756019E-02 a       227     0    12     1     7
 -6.1831054979217967E-02 a       228     0    12     1     8
 -2.4957395851963568E-01 a       229     0    12     1     9
  1.8238092474823628E-01 a       230     0    12     1    10
 -7.8992568635099070E-02 a       231     0    12     1    11
  1.7310259958947347E-02 a       232     0    12     1    12
 -7.1894854799373312E-02 a       233     0    12     1    13
  3.5180950080071122E-01 a       234     0    12     1    14
  9.8668771988740203E-02 a       235     0    12     1    15
  4.1562586576473137E-03 a       236     0    12     1    16
 -9.8398740992378303E-02 a       237     0    12     1    17
 -2.1888935191352279E-02 a       238     0    12     1    18
  6.4336305771184502E-02 a       239     0    12     1    19
  1.2089844774134961E-01 a       240     0    12     1    20
  4.1266010503785519E-02 a       241     0    13     1     1
 -1.1571617408045809E-01 a       242     0    13     1     2
 -9.8337525337870615E-02 a       243     0    13     1     3
  5.3376820078762231E-02 a       244     0    13     1     4
  1.1316922067547060E-01 a       245     0    13     1     5
  1.0161390393944347E-01 a       246     0    13     1     6
  2.0333702655272098E-01 a       247     0    13     1     7
 -6.1149305894301481E-02 a       248     0    13     1     8
 -1.3244336504528617E-01 a       249     0    13     1     9
  7.7836144524996181E-02 a       250     0    13     1    10
  4.2426390694623700E-02 a       251     0    13     1    11
 -5.1965281018010227E-02 a       252     0    13     1    12
  1.8385736472110659E-01 a       253     0    13     1    13
  2.0039739807895549E-01 a       254     0    13     1    14
  6.2383800053184134E-02 a       255     0    13     1    15
  3.9092154289140112E-02 a       256     0    13     1    16
  3.1698840903560552E-02 a       257     0    13     1    17
  9.0232612758105006E-03 a       258     0    13     1    18
 -4.0706165172468750E-02 a       259     0    13     1    19
 -5.4532180605221187E-03 a       260     0    13     1    20
  7.5890536477633316E-02 a       261     0    14     1     1
 -5.3051795853393716E-02 a       262     0    14     1     2
  2.1754854098088730E-01 a       263     0    14     1     3
  3.1308157537003778E-01 a       264     0    14     1     4
 -9.4021953662435848E-02 a       265     0    14     1     5
  2.1399613443954377E-01 a       266     0    14     1     6
  8.9795435519482422E-02 a       267     0    14     1     7
  1.3195341396249907E-01 a       268     0    14     1     8
  5.8171487339114689E-02 a       269     0    14     1     9
  2.8931359779981902E-02 a       270     0    14     1    10
  9.6891300440268668E-02 a       271     0    14     1    11
  2.1634712894253114E-01 a       272     0    14     1    12
  6.3738310151620667E-02 a       273     0    14     1    13
 -5.3895424632583108E-02 a       274     0    14     1    14
  1.4636334817917150E-02 a       275     0    14     1    15
  2.2101431158682090E-02 a       276     0    14     1    16
 -1.4212255160955908E-01 a       277     0    14     1    17
  8.0634581239372519E-03 a       278     0    14     1    18
 -1.0260367043309288E-01 a       279     0    14     1    19
 -1.4771172147180772E-01 a       280     0    14     1    20
  3.4005330623887761E-02 a       281     0    15     1     1
 -2.3512058151664350E-01 a       282     0    15     1     2
 -2.3061816295535953E-01 a       283     0    15     1     3
 -1.5571771760729836E-01 a       284     0    15     1     4
  2.1492278419203387E-01 a       285     0    15     1     5
 -8.3196676807658201E-02 a       286     0    15     1     6
  8.0151791245577392E-02 a       287     0    15     1     7
 -1.6517353270564812E-02 a       288     0    15     1     8
 -6.2264360934505804E-02 a       289     0    15     1     9
  6.1997220840584899E-02 a       290     0    15     1    10
  4.7443993926518041E-01 a       291     0    15     1    11
  1.2008179608252635E-02 a       292     0    15     1    12
 -1.0595159208360701E-01 a       293     0    15     1    13
 -6.2440231579689115E-02 a       294     0    15     1    14
  3.8368875142150552E-02 a       295     0    15     1    15
  9.7728877809839784E-02 a       296     0    15     1    16
 -6.5755341569504508E-02 a       297     0    15     1    17
  2.0159156940165759E-01 a       298     0    15     1    18
 -9.6233750469438967E-02 a       299     0    15     1    19
 -2.5516265273632960E-01 a       300     0    15     1    20
 -1.8987166684083509E-01 a       301     0    16     1     1
  5.9359814367928296E-02 a       302     0    16     1     2
 -1.5596074937585665E-02 a       303     0    16     1     3
 -1.4646059077185897E-01 a       304     0    16     1     4
  8.0298350127101081E-03 a       305     0    16     1     5
 -1.1470457338790591E-01 a       306     0    16     1     6
 -1.8398646542882705E-01 a       307     0    16     1     7
 -5.3404045573848195E-02 a       308     0    16     1     8
  1.4057106153786839E-02 a       309     0    16     1     9
 -1.0448642488519154E-01 a       310     0    16     1    10
 -4.8863968167894990E-02 a       311     0    16     1    11
 -1.9900112117634008E-02 a       312     0    16     1    12
 -8.6001061836129919E-02 a       313     0    16     1    13
 -1.0409492416715373E-01 a       314     0    16     1    14
 -2.6747721435922720E-02 a       315     0    16     1    15
 -3.5424524227028360E-02 a       316     0    16     1    16
  5.5747633437339558E-02 a       317     0    16     1    17
 -1.1336935572198727E-01 a       318     0    16     1    18
  3.9928421201051403E-02 a       319     0    16     1    19
  9.8849625767901253E-02 a       320     0    16     1    20
  1.1002824935492249E-01 a       321     0    17     1     1
  1.4746090596440092E-01 a       322     0    17     1     2
  1.7996387304410711E-02 a       323     0    17     1     3
 -8.9169323076638482E-02 a       324     0    17     1     4
 -1.7654218964432705E-01 a       325     0    17     1     5
 -6.3931391546676986E-02 a       326     0    17     1     6
 -1.4352578198820992E-01 a       327     0    17     1     7
  1.5845483597018586E-01 a       328     0    17     1     8
  6.9422424805301378E-02 a       329     0    17     1     9
 -4.7528521199727176E-02 a       330     0    17     1    10
 -1.2122160385855048E-01 a       331     0    17     1    11
 -1.8449816989405753E-02 a       332     0    17     1    12
 -7.8281182216521208E-02 a       333     0    17     1    13
  5.5196901504922027E-02 a       334     0    17     1    14
 -9.6211309055233132E-02 a       335     0    17     1    15
  6.7248221579464017E-03 a       336     0    17     1    16
  9.5743975259369243E-03 a       337     0    17     1    17
  1.0913610831127153E-01 a       338     0    17     1    18
  1.5354668112137621E-01 a       339     0    17     1    19
  7.2473929360633002E-02 a       340     0    17     1    20
 -2.0433808821085135E-02 a       341     0    18     1     1
  3.7254788754819995E-02 a       342     0    18     1     2
  8.4272199899380992E-02 a       343     0    18     1     3
 -1.3386441179039432E-01 a       344     0    18     1     4
  1.2503722092181460E-01 a       345     0    18     1     5
  1.1979007097323024E-02 a       346     0    18     1     6
  7.0381290761680912E-02 a       347     0    18     1     7
  1.3483096262453993E-02 a       348     0    18     1     8
 -1.2930776132604185E-01 a       349     0    18     1     9
  1.8490525678349955E-03 a       350     0    18     1    10
 -1.2135012057066177E-01 a       351     0    18     1    11
 -1.0577211380806452E-01 a       352     0    18     1    12
  4.4197106975646473E-02 a       353     0    18     1    13
 -6.1175049548335199E-02 a       354     0    18     1    14
  1.1163264068722760E-01 a       355     0    18     1    15
  3.3658047176255902E-02 a       356     0    18     1    16
  1.2409567592349499E-02 a       357     0    18     1    17
 -5.3995825679961106E-02 a       358     0    18     1    18
 -4.2898137922402421E-02 a       359     0    18     1    19
  5.4300731727089241E-02 a       360     0    18     1    20
  6.5893932421672366E-02 a       361     0    19     1     1
 -6.9257210237121808E-02 a       362     0    19     1     2
 -1.2717736421267359E-01 a       363     0    19     1     3
  1.4246809165769278E-01 a       364     0    19     1     4
  1.8082429754878920E-01 a       365     0    19     1     5
  2.4932248285625749E-02 a       366     0    19     1     6
  2.0970274264134664E-01 a       367     0    19     1     7
 -6.4060422712732476E-02 a       368     0    19     1     8
 -5.0412556577280832E-02 a       369     0    19     1     9
  1.9229404372038889E-01 a       370     0    19     1    10
  4.6180420050472737E-02 a       371     0    19     1    11
 -6.2422324589211882E-02 a       372     0    19     1    12
  6.3788260441255309E-02 a       373     0    19     1    13
  1.6605272953016698E-01 a       374     0    19     1    14
 -1.9807975559066996E-02 a       375     0    19     1    15
 -2.1577796768904228E-02 a       376     0    19     1    16
 -4.1135468385534004E-03 a       377     0    19     1    17
  2.4364681255690742E-02 a       378     0    19     1    18
 -1.1776175612639309E-01 a       379     0    19     1    19
 -1.0306898430219341E-01 a       380     0    19     1    20
  3.9360019819618029E-02 a       381     0    20     1     1
 -9.2801503425409798E-02 a       382     0    20     1     2
  1.3416055190135762E-01 a       383     0    20     1     3
  8.0186734439730914E-02 a       384     0    20     1     4
 -1.1855648241537591E-01 a       385     0    20     1     5
  1.2124180844890070E-01 a       386     0    20     1     6
  4.4683802508736275E-03 a       387     0    20     1     7
 -1.8758106405246729E-02 a       388     0    20     1     8
  3.4650200385974141E-02 a       389     0    20     1     9
 -6.5751443418828923E-02 a       390     0    20     1    10
  8.9674087453961035E-02 a       391     0    20     1    11
  1.0540497648547831E-01 a       392     0    20     1    12
  5.5274970109483020E-02 a       393     0    20     1    13
 -1.3288426607513207E-01 a       394     0    20     1    14
  1.2096743036074117E-01 a       395     0    20     1    15
  6.5191831893760530E-02 a       396     0    20     1    16
 -8.1660219833085912E-02 a       397     0    20     1    17
  2.4696402550648155E-02 a       398     0    20     1    18
 -6.3399418687272793E-02 a       399     0    20     1    19
 -9.4029135276860021E-02 a       400     0    20     1    20
  2.2729868360422171E-03 a       401     0    21     1     1
 -2.9825881321930459E-01 a       402     0    21     1     2
  5.8343701012311703E-03 a       403     0    21     1     3
 -6.9269995172948504E-02 a       404     0    21     1     4
  1.9310152352092771E-01 a       405     0    21     1     5
 -1.0762060734356563E-01 a       406     0    21     1     6
  1.2873711314553149E-01 a       407     0    21     1     7
 -1.7581055607878682E-01 a       408     0    21     1     8
 -1.0097926962964172E-01 a       409     0    21     1     9
  5.6336570790128909E-02 a       410     0    21     1    10
  2.7293659620267741E-01 a       411     0    21     1    11
  8.7302737995494123E-02 a       412     0    21     1    12
 -1.1323970401612847E-01 a       413     0    21     1    13
  6.3483889392557752E-02 a       414     0    21     1    14
 -1.7014922836053867E-01 a       415     0    21     1    15
 -9.8082779153039076E-02 a       416     0    21     1    16
  1.6194649237495443E-01 a       417     0    21     1    17
  4.7375450367468895E-02 a       418     0    21     1    18
  2.2645737641022869E-02 a       419     0    21     1    19
 -5.0600730192809314E-02 a       420     0    21     1    20
 -1.2211339966504202E-01 a       421     0    22     1     1
  5.4133323775932815E-02 a       422     0    22     1     2
  2.1889777857569556E-02 a       423     0    22     1     3
 -1.2134979050284006E-01 a       424     0    22     1     4
 -3.8585361072486946E-02 a       425     0    22     1     5
 -5.4268102258903578E-02 a       426     0    22     1     6
 -1.4527043911349108E-01 a       427     0    22     1     7
  4.1066160815344151E-02 a       428     0    22     1     8
 -1.2266677656825827E-02 a       429     0    22     1     9
 -1.2399128171201584E-01 a       430     0    22     1    10
 -4.5190174724323434E-02 a       431     0    22     1    11
  1.4134655029791367E-03 a       432     0    22     1    12
 -1.3588287143488462E-02 a       433     0    22     1    13
 -7.9947648604754458E-03 a       434     0    22     1    14
  1.2653840827352536E-01 a       435     0    22     1    15
 -7.9822394760748761E-03 a       436     0    22     1    16
  1.0213181719629681E-01 a       437     0    22     1    17
 -1.1568073588562655E-01 a       438     0    22     1    18
  1.1916677015767140E-01 a       439     0    22     1    19
  1.7335329582673564E-01 a       440     0    22     1    20
  1.1509019906341238E-01 a       441     0    23     1     1
  1.4695933447305687E-01 a       442     0    23     1     2
  5.0293817800733706E-02 a       443     0    23     1     3
  8.2409248988508654E-02 a       444     0    23     1     4
 -1.3906181657517977E-01 a       445     0    23     1     5
  6.3748126313011799E-02 a       446     0    23     1     6
 -2.6563426445477864E-02 a       447     0    23     1     7
  1.7698334219520087E-01 a       448     0    23     1     8
  7.7937807175114351E-02 a       449     0    23     1     9
  9.1965067977117006E-03 a       450     0    23     1    10
 -1.5243979706450242E-01 a       451     0    23     1    11
  6.1693897968109074E-04 a       452     0    23     1    12
 -3.8360906460519276E-02 a       453     0    23     1    13
  9.5173324329935804E-02 a       454     0    23     1    14
 -1.6880057442273907E-01 a       455     0    23     1    15
  2.0684051183439297E-02 a       456     0    23     1    16
 -6.4450365548666996E-02 a       457     0    23     1    17
  8.2613460519689569E-02 a       458     0    23     1    18
  8.0138875788229438E-02 a       459     0    23     1    19
  3.6133785412428661E-03 a       460     0    23     1    20
 -2.4807214971497186E-02 a       461     0    24     1     1
  5.3733058905755540E-02 a       462     0    24     1     2
  7.5417242371008135E-03 a       463     0    24     1     3
  1.4395076011713635E-02 a       464     0    24     1     4
  4.6035978577931578E-03 a       465     0    24     1     5
  6.6088785204344337E-04 a       466     0    24     1     6
 -1.1584202913331004E-01 a       467     0    24     1     7
  1.9935983620584696E-02 a       468     0    24     1     8
 -7.0381606250823287E-03 a       469     0    24     1     9
 -7.5356192399178585E-03 a       470     0    24     1    10
 -7.2477265980865818E-02 a       471     0    24     1    11
 -1.5861585280900450E-02 a       472     0    24     1    12
  7.8474767598853898E-02 a       473     0    24     1    13
 -9.7543236197437974E-02 a       474     0    24     1    14
  6.9098945034306051E-04 a       475     0    24     1    15
 -9.5929439160101337E-03 a       476     0    24     1    16
  6.6704027952832557E-03 a       477     0    24     1    17
 -1.3764464916889919E-02 a       478     0    24     1    18
 -2.2649261511794905E-02 a       479     0    24     1    19
 -3.3762293631151366E-03 a       480     0    24     1    20
  3.1327885165214106E-02 a       481     0    25     1     1
 -4.3118256008566655E-02 a       482     0    25     1     2
 -5.8252480134037936E-02 a       483     0    25     1     3
  5.9807688968515363E-02 a       484     0    25     1     4
  1.1652547853334674E-01 a       485     0    25     1     5
  6.7431415001096848E-03 a       486     0    25     1     6
  1.5216117317798411E-01 a       487     0    25     1     7
 -6.6165284210521022E-02 a       488     0    25     1     8
 -4.3469705139434218E-02 a       489     0    25     1     9
  7.7030359615997024E-02 a       490     0    25     1    10
  3.3930480449940667E-02 a       491     0    25     1    11
 -3.5953259395172889E-02 a       492     0    25     1    12
 -9.4184114194166817E-03 a       493     0    25     1    13
 -5.5526156870772676E-02 a       494     0    25     1    14
 -5.6367479063145182E-02 a       495     0    25     1    15
  2.7741145796553401E-03 a       496     0    25     1    16
 -3.6081543041603201E-02 a       497     0    25     1    17
  6.0154984511750803E-02 a       498     0    25     1    18
 -9.6368810484796980E-02 a       499     0    25     1    19
 -1.0953953496161239E-01 a       500     0    25     1    20
  9.5691610831979221E-03 a       501     0    26     1     1
 -1.4913393646284478E-02 a       502     0    26     1     2
  1.1175846025596905E-02 a       503     0    26     1     3
  6.5334743198212294E-02 a       504     0    26     1     4
 -5.9711689280331041E-02 a       505     0    26     1     5
  4.8764734791858395E-02 a       506     0    26     1     6
 -3.5058695995322249E-02 a       507     0    26     1     7
 -6.8272441895491406E-02 a       508     0    26     1     8
  4.0724907487811893E-02 a       509     0    26     1     9
 -8.2658060089927498E-03 a       510     0    26     1    10
  1.6381301804975969E-02 a       511     0    26     1    11
  2.2205772808382519E-02 a       512     0    26     1    12
  5.9344797895439595E-02 a       513     0    26     1    13
 -9.5012082494077263E-02 a       514     0    26     1    14
  1.0334108025973190E-01 a       515     0    26     1    15
  9.6253359283547720E-03 a       516     0    26     1    16
 -9.4583807898063251E-03 a       517     0    26     1    17
 -2.5682105744282091E-02 a       518     0    26     1    18
 -2.8410580495341339E-02 a       519     0    26     1    19
 -7.4497221462612832E-03 a       520     0    26     1    20
  8.2483744159930015E-03 a       521     0    27     1     1
 -1.1532648051518332E-01 a       522     0    27     1     2
  1.9179441721026619E-02 a       523     0    27     1     3
 -8.5815783455765030E-02 a       524     0    27     1     4
  1.6264162063804738E-01 a       525     0    27     1     5
 -6.3165177577856793E-02 a       526     0    27     1     6
  1.1904529263616546E-01 a       527     0    27     1     7
 -8.1046795269352809E-02 a       528     0    27     1     8
 -1.1219016636627042E-01 a       529     0    27     1     9
  2.6362578527354699E-02 a       530     0    27     1    10
  1.1972431320483175E-01 a       531     0    27     1    11
  6.9162431410080554E-04 a       532     0    27     1    12
 -6.9620804839571795E-02 a       533     0    27     1    13
  5.3165625677096116E-02 a       534     0    27     1    14
 -3.7948490890955811E-02 a       535     0    27     1    15
 -2.5518053059945776E-02 a       536     0    27     1    16
  9.9417182060954068E-02 a       537     0    27     1    17
  1.2136415086913311E-02 a       538     0    27     1    18
  1.9888827628843305E-02 a       539     0    27     1    19
  1.4884607085353094E-02 a       540     0    27     1    20
 -3.4027389186132635E-02 a       541     0    28     1     1
 -2.4468076118770183E-02 a       542     0    28     1     2
  1.2373831164025705E-02 a       543     0    28     1     3
 -3.7819635120219589E-02 a       544     0    28     1     4
 -3.5605417417714520E-03 a       545     0    28     1     5
 -1.7213804220133449E-02 a       546     0    28     1     6
 -5.2635698603903339E-02 a       547     0    28     1     7
  6.6003705105408495E-03 a       548     0    28     1     8
 -5.7718831427574092E-04 a       549     0    28     1     9
 -2.7672975144185707E-02 a       550     0    28     1    10
  1.8749913514369297E-02 a       551     0    28     1    11
  8.2705619089010751E-03 a       552     0    28     1    12
  3.9443091291581269E-03 a       553     0    28     1    13
 -2.5874160351381332E-03 a       554     0    28     1    14
  1.8571151999210934E-02 a       555     0    28     1    15
 -7.2905524360544630E-03 a       556     0    28     1    16
  2.4091063353876081E-02 a       557     0    28     1    17
 -2.3861637914721179E-02 a       558     0    28     1    18
  2.1748948662740186E-02 a       559     0    28     1    19
  2.5977146628964221E-02 a       560     0    28     1    20
  5.4019950282129060E-02 a       561     0    29     1     1
  1.4672353858024824E-02 a       562     0    29     1     2
  2.5781454230776272E-02 a       563     0    29     1     3
 -3.4233084974442073E-02 a       564     0    29     1     4
 -4.0136607596333800E-02 a       565     0    29     1     5
  4.1757034762879581E-03 a       566     0    29     1     6
 -1.0613575089488004E-02 a       567     0    29     1     7
  5.3946152078217617E-02 a       568     0    29     1     8
  1.5629180628210167E-02 a       569     0    29     1     9
  2.6810505259532088E-04 a       570     0    29     1    10
 -9.5032009730357352E-03 a       571     0    29     1    11
  2.3342133499847127E-02 a       572     0    29     1    12
 -2.3015103218301868E-02 a       573     0    29     1    13
  7.3353263765685545E-02 a       574     0    29     1    14
 -5.9005935338443893E-02 a       575     0    29     1    15
  1.2155158535969568E-02 a       576     0    29     1    16
 -3.6455543874521872E-02 a       577     0    29     1    17
  3.7532220953377264E-02 a       578     0    29     1    18
  1.4042341261411476E-02 a       579     0    29     1    19
 -1.5414572281962210E-02 a       580     0    29     1    20
  9.6937010786336705E-05 a       581     0    30     1     1
 -4.1764678338461717E-02 a       582     0    30     1     2
 -2.3702747773434027E-03 a       583     0    30     1     3
 -1.4745631752758438E-02 a       584     0    30     1     4
  4.8408393465299127E-02 a       585     0    30     1     5
 -1.7106890487341344E-02 a       586     0    30     1     6
 -1.4054028135322669E-02 a       587     0    30     1     7
 -2.6830025511083117E-02 a       588     0    30     1     8
 -2.5716049980368229E-02 a       589     0    30     1     9
 -1.1479165770366658E-03 a       590     0    30     1    10
  3.0237878388949688E-02 a       591     0    30     1    11
  4.3348517630232945E-03 a       592     0    30     1    12
  9.5147396118877364E-04 a       593     0    30     1    13
 -7.6998402946570496E-02 a       594     0    30     1    14
 -1.3521401886325144E-02 a       595     0    30     1    15
 -1.1962535599351100E-02 a       596     0    30     1    16
  1.8099534341675466E-02 a       597     0    30     1    17
  1.3635658589679734E-02 a       598     0    30     1    18
 -2.3804614603684094E-02 a       599     0    30     1    19
 -2.7227055094425585E-02 a       600     0    30     1    20
 -2.8235046579935721E-02 a       601     0    31     1     1
 -2.7567761811057379E-01 a       602     0    31     1     2
 -7.2024595740181649E-02 a       603     0    31     1     3
  2.2838713757168062E-04 a       604     0    31     1     4
  4.9034991704053128E-02 a       605     0    31     1     5
 -1.5628429681838249E-01 a       606     0    31     1     6
 -5.4709398691676125E-01 a       607     0    31     1     7
  2.2913168790152735E-01 a       608     0    31     1     8
 -7.5200597239693703E-02 a       609     0    31     1     9
 -2.3749700204016948E-02 a       610     0    31     1    10
  1.5031097677046998E-01 a       611     0    31     1    11
  1.8599935286057087E-01 a       612     0    31     1    12
 -1.5560078633021024E-03 a       613     0    31     1    13
 -1.5869946686093012E-01 a       614     0    31     1    14
  2.3808931569848732E-01 a       615     0    31     1    15
  1.2144213511828397E-01 a       616     0    31     1    16
  1.1857225356647337E-01 a       617     0    31     1    17
  5.7592621474372670E-02 a       618     0    31     1    18
  6.2985093249203816E-02 a       619     0    31     1    19
 -1.3131198263631469E-01 a       620     0    31     1    20
  1.7879656768490840E-01 a       621     0    32     1     1
  3.6309070865805088E-01 a       622     0    32     1     2
 -1.2979897303253057E-01 a       623     0    32     1     3
  3.8513810575735358E-02 a       624     0    32     1     4
 -1.9460040558655420E-01 a       625     0    32     1     5
 -6.2313587862080119E-02 a       626     0    32     1     6
  1.9723961828160669E-01 a       627     0    32     1     7
 -4.4282266002559231E-02 a       628     0    32     1     8
 -2.6256805001131769E-02 a       629     0    32     1     9
 -1.1250115429582325E-01 a       630     0    32     1    10
  4.0914152156270832E-03 a       631     0    32     1    11
  3.3158106104469587E-01 a       632     0    32     1    12
 -3.8578706941989721E-01 a       633     0    32     1    13
 -4.4656493552601310E-02 a       634     0    32     1    14
 -4.5724894827144669E-01 a       635     0    32     1    15
 -4.3863004550766360E-01 a       636     0    32     1    16
 -9.9329802018047322E-02 a       637     0    32     1    17
  3.3666691942569821E-01 a       638     0    32     1    18
  1.9337823218709588E-01 a       639     0    32     1    19
 -4.4051304713312915E-02 a       640     0    32     1    20
 -1.5192017863118137E-01 a       641     0    33     1     1
  1.7650130736109316E-02 a       642     0    33     1     2
 -5.0604946476764105E-02 a       643     0    33     1     3
  1.4512319952128433E-01 a       644     0    33     1     4
 -4.1659773634468412E-02 a       645     0    33     1     5
  1.0350960627148655E-01 a       646     0    33     1     6
  1.5225535912751822E-01 a       647     0    33     1     7
  8.7219165494652917E-02 a       648     0    33     1     8
  9.3377276688238475E-02 a       649     0    33     1     9
  9.6618718246568633E-02 a       650     0    33     1    10
 -1.7158638988865257E-01 a       651     0    33     1    11
 -3.3596600891808381E-02 a       652     0    33     1    12
  2.5214195159041188E-02 a       653     0    33     1    13
  1.8465980766012361E-02 a       654     0    33     1    14
 -1.3385704083653488E-01 a       655     0    33     1    15
  3.7279584570260767E-02 a       656     0    33     1    16
 -5.7431017359613847E-02 a       657     0    33     1    17
 -4.1967288057886812E-02 a       658     0    33     1    18
  4.3836624827357167E-02 a       659     0    33     1    19
  1.1972686100307055E-01 a       660     0    33     1    20
 -1.1490094430594082E-01 a       661     0    34     1     1
 -3.4866256100213278E-01 a       662     0    34     1     2
  1.5896291753123257E-01 a       663     0    34     1     3
  3.0466943882240199E-01 a       664     0    34     1     4
  1.3633208445225686E-01 a       665     0    34     1     5
  2.1325092758419678E-01 a       666     0    34     1     6
 -3.8451562672774531E-01 a       667     0    34     1     7
 -3.0176516154736016E-01 a       668     0    34     1     8
  1.6664483970514060E-01 a       669     0    34     1     9
  1.8416744718594269E-01 a       670     0    34     1    10
 -1.6209947256944018E-01 a       671     0    34     1    11
 -3.2963929748454729E-01 a       672     0    34     1    12
  4.3852365018587269E-01 a       673     0    34     1    13
  2.3244221463923121E-02 a       674     0    34     1    14
  2.0658213635348602E-01 a       675     0    34     1    15
  2.3918131648813101E-01 a       676     0    34     1    16
  2.7394770483295375E-02 a       677     0    34     1    17
 -3.0439496948964057E-01 a       678     0    34     1    18
 -2.7297646359745448E-01 a       679     0    34     1    19
 -1.5974986749816979E-02 a       680     0    34     1    20
  4.3836999878215005E-01 a       681     0    35     1     1
 -1.0349542911761303E-01 a       682     0    35     1     2
  2.8652291959524007E-01 a       683     0    35     1     3
 -1.5733244089725196E-01 a       684     0    35     1     4
 -1.1194354732398047E-01 a       685     0    35     1     5
  5.0537224069765851E-02 a       686     0    35     1     6
  2.1311669759568982E-01 a       687     0    35     1     7
 -3.7801554320321250E-02 a       688     0    35     1     8
  4.1107116572241066E-02 a       689     0    35     1     9
  1.1353362239592810E-01 a       690     0    35     1    10
 -1.8722761932141781E-02 a       691     0    35     1    11
  2.6706276652291189E-01 a       692     0    35     1    12
 -1.9358075613967260E-01 a       693     0    35     1    13
  2.8727773103025855E-01 a       694     0    35     1    14
  1.1118337569585993E-01 a       695     0    35     1    15
 -2.7810406553085676E-01 a       696     0    35     1    16
 -1.4318748076874924E-02 a       697     0    35     1    17
  1.7894553195787707E-01 a       698     0    35     1    18
  4.8472128741701447E-02 a       699     0    35     1    19
 -1.4178205301450020E-01 a       700     0    35     1    20
 -3.0854455931846124E-02 a       701     0    36     1     1
 -2.7585044394573183E-02 a       702     0    36     1     2
  2.1102966748465041E-01 a       703     0    36     1     3
 -1.6672116988577079E-02 a       704     0    36     1     4
 -9.5428811911687964E-02 a       705     0    36     1     5
  2.7819004200572239E-01 a       706     0    36     1     6
  2.3371277000706284E-01 a       707     0    36     1     7
  2.6234310549941790E-02 a       708     0    36     1     8
  9.6250937965190828E-03 a       709     0    36     1     9
 -2.2919511154393096E-01 a       710     0    36     1    10
 -3.5967086132880681E-02 a       711     0    36     1    11
 -1.9552220662498182E-01 a       712     0    36     1    12
  1.1414283612037052E-01 a       713     0    36     1    13
  4.7135512063856133E-02 a       714     0    36     1    14
  3.2237814793771594E-02 a       715     0    36     1    15
  1.6239853111283920E-01 a       716     0    36     1    16
 -2.9336021882524294E-02 a       717     0    36     1    17
 -7.1791513022173500E-02 a       718     0    36     1    18
  1.1306669916681288E-01 a       719     0    36     1    19
  1.6320789896876967E-01 a       720     0    36     1    20
 -1.5557331091490151E-02 a       721     0    37     1     1
 -3.7803398382293116E-02 a       722     0    37     1     2
 -2.5742985966193788E-01 a       723     0    37     1     3
  8.0274238177665880E-02 a       724     0    37     1     4
  5.2832805156968532E-02 a       725     0    37     1     5
 -1.5502654044487510E-01 a       726     0    37     1     6
  5.0006031749083035E-01 a       727     0    37     1     7
  4.1742327533966150E-01 a       728     0    37     1     8
 -1.3596477957557709E-01 a       729     0    37     1     9
  8.6713870964014794E-01 a       730     0    37     1    10
  7.2856701583231716E-03 a       731     0    37     1    11
  2.5670208866836763E-01 a       732     0    37     1    12
  2.9889937676716855E-01 a       733     0    37     1    13
 -1.8213984234943176E-01 a       734     0    37     1    14
  5.2869905266720452E-01 a       735     0    37     1    15
 -3.1617162791256226E-01 a       736     0    37     1    16
  2.6599377092202814E-01 a       737     0    37     1    17
 -5.4976261319342822E-02 a       738     0    37     1    18
 -1.4925414244988933E-01 a       739     0    37     1    19
  4.6113596627104750E-02 a       740     0    37     1    20
 -8.0267129195805864E-02 a       741     0    38     1     1
 -8.2674656550247375E-02 a       742     0    38     1     2
  1.3554332712760822E-01 a       743     0    38     1     3
  2.2826419897449235E-01 a       744     0    38     1     4
 -8.8939109302165517E-02 a       745     0    38     1     5
  2.3997157347454466E-02 a       746     0    38     1     6
 -2.9536514389202900E-01 a       747     0    38     1     7
  1.9633387571883562E-01 a       748     0    38     1     8
  3.4349326744127981E-02 a       749     0    38     1     9
 -1.3318785207316933E-01 a       750     0    38     1    10
  1.0966415907686462E-01 a       751     0    38     1    11
  5.3413526509433547E-02 a       752     0    38     1    12
  1.2720160251762527E-01 a       753     0    38     1    13
 -9.7787376973057047E-02 a       754     0    38     1    14
  3.4154376121001582E-03 a       755     0    38     1    15
 -2.0115617245012391E-02 a       756     0    38     1    16
  8.6965385430618838E-02 a       757     0    38     1    17
  4.3328413761005219E-03 a       758     0    38     1    18
  3.9962888117765494E-02 a       759     0    38     1    19
 -8.8473395824615317E-02 a       760     0    38     1    20
  2.7353859798763858E-02 a       761     0    39     1     1
  2.2397046576941779E-01 a       762     0    39     1     2
  3.0086083836352959E-02 a       763     0    39     1     3
 -1.1448427646297504E-01 a       764     0    39     1     4
  8.4449793323477726E-02 a       765     0    39     1     5
  5.8888866199523000E-02 a       766     0    39     1     6
 -5.5164888506213282E-02 a       767     0    39     1     7
 -1.1322397629183381E-01 a       768     0    39     1     8
 -6.5759566161728067E-02 a       769     0    39     1     9
 -4.6159365174596412E-01 a       770     0    39     1    10
 -1.6941486260434649E-01 a       771     0    39     1    11
 -1.4704987693569821E-01 a       772     0    39     1    12
 -2.5778130612485473E-01 a       773     0    39     1    13
  2.2221911676935405E-01 a       774     0    39     1    14
 -3.0753131510816223E-01 a       775     0    39     1    15
  1.8964565091774929E-01 a       776     0    39     1    16
 -1.8153457460930306E-01 a       777     0    39     1    17
  1.2904740702203399E-02 a       778     0    39     1    18
  3.0190061740634221E-02 a       779     0    39     1    19
 -3.1620791392010625E-03 a       780     0    39     1    20
  1.1297096289005207E-01 a       781     0    40     1     1
  9.5428151126934702E-02 a       782     0    40     1     2
  2.2848080150799768E-01 a       783     0    40     1     3
 -4.5236042830039479E-02 a       784     0    40     1     4
 -2.6332697175488667E-02 a       785     0    40     1     5
 -5.0508453018193866E-01 a       786     0    40     1     6
 -2.8381262537499641E-01 a       787     0    40     1     7
 -6.4706239079259167E-02 a       788     0    40     1     8
 -3.2312688816734914E-01 a       789     0    40     1     9
 -6.5268150119495924E-02 a       790     0    40     1    10
  3.4430984558217492E-01 a       791     0    40     1    11
  4.0708136505401782E-01 a       792     0    40     1    12
  1.5967328680946555E-01 a       793     0    40     1    13
 -3.5603511739727783E-01 a       794     0    40     1    14
  1.4572036089327553E-01 a       795     0    40     1    15
  1.5052318139960247E-01 a       796     0    40     1    16
  4.8225072923461898E-01 a       797     0    40     1    17
  2.7742160214061579E-01 a       798     0    40     1    18
  5.3549592880797206E-02 a       799     0    40     1    19
  1.8949732206494378E-02 a       800     0    40     1    20
 -5.3547737409946193E-02 a       801     0    41     1     1
 -3.3486260328208402E-02 a       802     0    41     1     2
  2.9077547898893864E-02 a       803     0    41     1     3
 -7.3150539133218506E-02 a       804     0    41     1     4
 -3.0737218406930264E-02 a       805     0    41     1     5
 -6.4885530095353680E-02 a       806     0    41     1     6
 -5.7113450943082594E-02 a       807     0    41     1     7
 -9.1031800467810592E-02 a       808     0    41     1     8
  6.5562352398317097E-03 a       809     0    41     1     9
 -2.6418371446019578E-02 a       810     0    41     1    10
  4.2201226368413433E-02 a       811     0    41     1    11
  2.6489463402971109E-02 a       812     0    41     1    12
  8.4266950612693105E-03 a       813     0    41     1    13
  1.7713685659717170E-02 a       814     0    41     1    14
 -1.1997032250454219E-02 a       815     0    41     1    15
 -3.7215876007639266E-02 a       816     0    41     1    16
  3.3517908324971750E-02 a       817     0    41     1    17
 -1.5164524728616586E-02 a       818     0    41     1    18
  1.7984788509826845E-02 a       819     0    41     1    19
  2.7406620088951238E-02 a       820     0    41     1    20
 -1.6171120456402035E-02 a       821     0    42     1     1
 -1.1246959432651238E-01 a       822     0    42     1     2
  9.4442203115159745E-02 a       823     0    42     1     3
 -3.2611974317725501E-01 a       824     0    42     1     4
  2.1471124198444350E-01 a       825     0    42     1     5
 -1.1563795666513338E-01 a       826     0    42     1     6
  8.1608512907038078E-02 a       827     0    42     1     7
  1.1135736760452054E-01 a       828     0    42     1     8
 -1.2850528765315242E-01 a       829     0    42     1     9
  5.1712265134087526E-02 a       830     0    42     1    10
  1.5923336556001347E-01 a       831     0    42     1    11
 -3.6310006995423375E-02 a       832     0    42     1    12
 -4.3731875498797465E-02 a       833     0    42     1    13
 -7.8907338569319058E-02 a       834     0    42     1    14
  4.8187483746450981E-02 a       835     0    42     1    15
 -4.6712175738853633E-02 a       836     0    42     1    16
  5.2723969731166623E-02 a       837     0    42     1    17
  2.7415627814262296E-03 a       838     0    42     1    18
  7.3584897984103588E-03 a       839     0    42     1    19
  8.2139328971981812E-02 a       840     0    42     1    20
  1.1126375138696759E-01 a       841     0    43     1     1
 -1.3519495796826214E-02 a       842     0    43     1     2
 -6.7876474958930746E-02 a       843     0    43     1     3
  3.6239370001112721E-02 a       844     0    43     1     4
  1.0603776015376756E-01 a       845     0    43     1     5
  1.0641486958872747E-02 a       846     0    43     1     6
 -1.1315393189655180E-01 a       847     0    43     1     7
  8.0175287636829240E-02 a       848     0    43     1     8
 -1.3151117958650904E-01 a       849     0    43     1     9
 -8.3878904633078386E-02 a       850     0    43     1    10
 -3.7511556646681403E-03 a       851     0    43     1    11
 -5.2182794392737326E-02 a       852     0    43     1    12
 -7.3700354325488993E-02 a       853     0    43     1    13
 -3.8432211641380398E-01 a       854     0    43     1    14
  7.5271035504252876E-02 a       855     0    43     1    15
  3.3551214072429170E-02 a       856     0    43     1    16
  1.1417825992737864E-02 a       857     0    43     1    17
  3.0366323618042930E-02 a       858     0    43     1    18
 -3.1487818310422508E-02 a       859     0    43     1    19
 -1.3666300554457771E-02 a       860     0    43     1    20
 -1.3995192144296802E-02 a       861     0    44     1     1
  7.3237746093773939E-02 a       862     0    44     1     2
 -1.6177511931435035E-02 a       863     0    44     1     3
 -1.0218552893944151E-01 a       864     0    44     1     4
 -4.7482073035484490E-02 a       865     0    44     1     5
 -1.6285920352252056E-01 a       866     0    44     1     6
 -3.1905523368197453E-01 a       867     0    44     1     7
 -1.0950844442869834E-01 a       868     0    44     1     8
 -5.8421501327878121E-02 a       869     0    44     1     9
 -2.3001541219192295E-01 a       870     0    44     1    10
 -1.3850149846646677E-02 a       871     0    44     1    11
  1.0329223175801433E-01 a       872     0    44     1    12
 -2.5284948683615882E-01 a       873     0    44     1    13
  1.2487069680421993E-01 a       874     0    44     1    14
 -2.7039060270897108E-01 a       875     0    44     1    15
  4.4975835393617436E-02 a       876     0    44     1    16
 -1.8234072963956138E-01 a       877     0    44     1    17
  1.3808784223906656E-01 a       878     0    44     1    18
 -1.6831232496816220E-01 a       879     0    44     1    19
 -1.7152076023683047E-01 a       880     0    44     1    20
  3.9771524707345247E-02 a       881     0    45     1     1
 -3.3341380585039354E-02 a       882     0    45     1     2
 -1.4079120073947243E-01 a       883     0    45     1     3
 -2.1393189687530731E-01 a       884     0    45     1     4
  3.3015636102320507E-02 a       885     0    45     1     5
  4.3174955490673660E-04 a       886     0    45     1     6
  2.7071116014687729E-01 a       887     0    45     1     7
 -2.5969543726855349E-01 a       888     0    45     1     8
  1.3331252506543689E-02 a       889     0    45     1     9
  7.0115239976963242E-02 a       890     0    45     1    10
  5.4170913312080307E-02 a       891     0    45     1    11
 -8.3596430386576062E-02 a       892     0    45     1    12
 -1.0332210830072778E-02 a       893     0    45     1    13
 -2.0172098664097809E-01 a       894     0    45     1    14
  3.0534213219570085E-02 a       895     0    45     1    15
  3.1009593904646096E-02 a       896     0    45     1    16
 -1.4141755065205419E-01 a       897     0    45     1    17
  6.5403540141888816E-02 a       898     0    45     1    18
 -1.2229462756377422E-01 a       899     0    45     1    19
 -6.7803847497187070E-02 a       900     0    45     1    20
 -5.1311508022726771E-02 a       901     0    46     1     1
  1.1698083547695200E-02 a       902     0    46     1     2
 -2.6473025366610145E-03 a       903     0    46     1     3
 -1.4373976007380879E-01 a       904     0    46     1     4
  7.5585747538552996E-03 a       905     0    46     1     5
 -2.0994827810971844E-01 a       906     0    46     1     6
 -1.4720866034101371E-01 a       907     0    46     1     7
 -1.5803463736289738E-01 a       908     0    46     1     8
  1.8576407661979509E-02 a       909     0    46     1     9
  3.0458635727801543E-03 a       910     0    46     1    10
  7.5421530978832585E-02 a       911     0    46     1    11
  5.7413868902964058E-02 a       912     0    46     1    12
 -1.8928782961342402E-01 a       913     0    46     1    13
 -3.2953811681355660E-01 a       914     0    46     1    14
 -2.7432462591144902E-01 a       915     0    46     1    15
 -8.1371923896293288E-02 a       916     0    46     1    16
 -1.3892043944173452E-01 a       917     0    46     1    17
  6.6926561123898831E-02 a       918     0    46     1    18
 -1.3093273828369389E-01 a       919     0    46     1    19
 -1.4426950597973903E-01 a       920     0    46     1    20
 -1.6120686093005182E-02 a       921     0    47     1     1
 -3.7639954355156724E-01 a       922     0    47     1     2
 -9.2638869952793204E-02 a       923     0    47     1     3
 -9.3492720936552282E-02 a       924     0    47     1     4
  3.6766374594584966E-01 a       925     0    47     1     5
  2.1993807032219112E-01 a       926     0    47     1     6
 -1.3326538685594805E-01 a       927     0    47     1     7
 -3.2064138839598194E-01 a       928     0    47     1     8
 -6.5851988593174406E-03 a       929     0    47     1     9
 -6.2253280280882983E-01 a       930     0    47     1    10
  1.6287929556586841E-01 a       931     0    47     1    11
 -1.3573459916541769E-01 a       932     0    47     1    12
  4.8612037291409317E-02 a       933     0    47     1    13
  1.2310845712883912E-01 a       934     0    47     1    14
  4.7273851016299223E-01 a       935     0    47     1    15
  5.6407046379923720E-01 a       936     0    47     1    16
 -1.6793987438307309E-01 a       937     0    47     1    17
  1.5606880511783522E-01 a       938     0    47     1    18
 -1.4350575431921017E-01 a       939     0    47     1    19
 -4.6141297393068653E-01 a       940     0    47     1    20
  5.8624117376308446E-02 a       941     0    48     1     1
  5.7526188621428796E-02 a       942     0    48     1     2
 -1.3278288543838582E-01 a       943     0    48     1     3
 -1.0224188601225276E-01 a       944     0    48     1     4
  6.3365099933552674E-02 a       945     0    48     1     5
 -1.0944431352328567E-02 a       946     0    48     1     6
  1.7802032475677693E-01 a       947     0    48     1     7
 -2.2494341492492378E-01 a       948     0    48     1     8
 -6.2785027646233308E-03 a       949     0    48     1     9
  7.1765741392429763E-02 a       950     0    48     1    10
 -8.2748514881491833E-02 a       951     0    48     1    11
 -4.1174776517120835E-02 a       952     0    48     1    12
 -1.0632843229386234E-01 a       953     0    48     1    13
 -5.7260440607891710E-03 a       954     0    48     1    14
 -8.9065758639681761E-02 a       955     0    48     1    15
 -1.5989790134199770E-02 a       956     0    48     1    16
 -5.9223176313603819E-02 a       957     0    48     1    17
 -2.9508964516740458E-02 a       958     0    48     1    18
 -5.7857578071520761E-02 a       959     0    48     1    19
  3.2079488127253225E-02 a       960     0    48     1    20
  8.8035788837621323E-02 a       961     0    49     1     1
  1.5607026870335470E-02 a       962     0    49     1     2
 -3.0676618453651168E-02 a       963     0    49     1     3
 -2.2752095847628089E-02 a       964     0    49     1     4
 -1.5306698247875858E-01 a       965     0    49     1     5
 -1.3455505382736885E-01 a       966     0    49     1     6
 -1.7493186102400245E-02 a       967     0    49     1     7
  7.6194620176750688E-02 a       968     0    49     1     8
  6.8857051898146851E-02 a       969     0    49     1     9
  3.5443237782798526E-01 a       970     0    49     1    10
  7.8959114935456098E-02 a       971     0    49     1    11
  6.6702877708706101E-02 a       972     0    49     1    12
  7.9952802767080680E-02 a       973     0    49     1    13
 -3.7075058849664715E-02 a       974     0    49     1    14
  1.6684910128239982E-02 a       975     0    49     1    15
 -3.0703246953760044E-01 a       976     0    49     1    16
  2.1265907383247587E-01 a       977     0    49     1    17
 -1.0556543409897870E-01 a       978     0    49     1    18
  1.2676192599827490E-01 a       979     0    49     1    19
  2.7563815016040011E-01 a       980     0    49     1    20
 -3.3937587406147712E-01 a       981     0    50     1     1
 -2.5440103279743792E-01 a       982     0    50     1     2
  1.9412205389427353E-01 a       983     0    50     1     3
  3.4994984598983557E-03 a       984     0    50     1     4
  3.8752181043847100E-01 a       985     0    50     1     5
  1.4789143899695192E-01 a       986     0    50     1     6
 -1.2819170167547592E-01 a       987     0    50     1     7
 -2.5036553549307972E-01 a       988     0    50     1     8
  1.6230494671889845E-01 a       989     0    50     1     9
 -2.7861732504476577E-01 a       990     0    50     1    10
 -1.2806187948941428E-01 a       991     0    50     1    11
 -2.5963142148380525E-01 a       992     0    50     1    12
  1.5508449402347482E-01 a       993     0    50     1    13
  7.6934250972282514E-02 a       994     0    50     1    14
  2.8069159691348523E-03 a       995     0    50     1    15
 -2.0173311830519468E-02 a       996     0    50     1    16
 -1.1437489727566437E-01 a       997     0    50     1    17
 -2.7309416835107592E-01 a       998     0    50     1    18
 -1.3023433947225943E-01 a       999     0    50     1    19
 -1.3140321494099394E-01 a      1000     0    50     1    20
  1.3120328636397454E+00 b      1001     1     1
  1.9591088501757000E-02 b      1002     1     2
 -1.6461857948901464E+00 b      1003     1     3
 -8.2007288505287201E-01 b      1004     1     4
 -1.7098082496355871E-01 b      1005     1     5
 -1.5759846686785728E-01 b      1006     1     6
 -9.2760057516626082E-01 b      1007     1     7
 -1.1906120086014755E+00 b      1008     1     8
 -4.2525600575420480E-01 b      1009     1     9
  8.7831573126253415E-01 b      1010     1    10
  2.4625882534068869E-01 b      1011     1    11
  9.1547422581434598E-02 b      1012     1    12
 -7.2195889432650262E-01 b      1013     1    13
 -1.2212368409591283E+00 b      1014     1    14
 -1.3294301933359511E+00 b      1015     1    15
 -2.9105259292478075E-01 b      1016     1    16
 -1.0904197435707770E+00 b      1017     1    17
  1.0987316760823853E+00 b      1018     1    18
 -6.0108299802256226E-01 b      1019     1    19
 -9.1637021025754062E-01 b      1020     1    20
  4.0006282838424903E-02 a      1021     1     1     2     1
  6.2924908463109375E-01 a      1022     1     1     2     2
 -3.8837145443942234E-01 a      1023     1     1     2     3
 -4.5787312427220089E-02 a      1024     1     1     2     4
  2.2885783502258331E-01 a      1025     1     1     2     5
 -9.6297345044424998E-01 a      1026     1     1     2     6
  2.7076431443791638E-01 a      1027     1     1     2     7
  2.3708105659769591E-01 a      1028     1     1     2     8
 -2.5201798123417646E-01 a      1029     1     1     2     9
 -1.1238187354120475E-01 a      1030     1     1     2    10
  2.0709072938434728E-02 a      1031     1     1     2    11
 -2.8726487096481990E-01 a      1032     1     1     2    12
 -6.3194582153304990E-01 a      1033     1     1     2    13
 -3.0689973516363050E-01 a      1034     1     1     2    14
  6.3519739157225297E-01 a      1035     1     1     2    15
  5.3151862586751586E-01 a      1036     1     1     2    16
 -3.8265628519636158E-01 a      1037     1     1     2    17
  5.8054580741166284E-01 a      1038     1     1     2    18
  6.0867380876826616E-01 a      1039     1     1     2    19
 -5.5306768400099859E-01 a      1040     1     1     2    20
  6.0581497839212950E-01 a      1041     1     2     2     1
  2.0910587370488162E-01 a      1042     1     2     2     2
  5.4118789991897853E-01 a      1043     1     2     2     3
 -3.5002661604509100E-01 a      1044     1     2     2     4
  8.2415534807245250E-01 a      1045     1     2     2     5
 -1.2165280287412635E-01 a      1046     1     2     2     6
 -1.6190186912229447E-02 a      1047     1     2     2     7
  6.5483816974568443E-01 a      1048     1     2     2     8
 -7.8716991586523222E-01 a      1049     1     2     2     9
  3.0472571208623295E-01 a      1050     1     2     2    10
  1.7039417852300728E-01 a      1051     1     2     2    11
 -6.9811903647801332E-01 a      1052     1     2     2    12
  4.7422598679569777E-01 a      1053     1     2     2    13
  4.3745029646221074E-02 a      1054     1     2     2    14
 -7.0178151671768914E-03 a      1055     1     2     2    15
 -2.7308169927986142E-01 a      1056     1     2     2    16
  5.5660288743351449E-01 a      1057     1     2     2    17
 -1.0910756073979254E-02 a      1058     1     2     2    18
  6.9060248294462209E-02 a      1059     1     2     2    19
  3.6075222227306603E-01 a      1060     1     2     2    20
 -2.7885948230322405E-01 a      1061     1     3     2     1
  4.2126617872788386E-01 a      1062     1     3     2     2
 -5.2519436167521216E-01 a      1063     1     3     2     3
 -8.3072741880678133E-02 a      1064     1     3     2     4
 -4.5989103918564866E-01 a      1065     1     3     2     5
  3.6497692889338476E-02 a      1066     1     3     2     6
 -2.0225142145385230E-01 a      1067     1     3     2     7
  1.5287735211969819E-01 a      1068     1     3     2     8
  1.7779517820121833E-02 a      1069     1     3     2     9
  3.0589820007096180E-01 a      1070     1     3     2    10
 -4.2585529115987397E-01 a      1071     1     3     2    11
 -1.0481053593461526E-01 a      1072     1     3     2    12
  5.1945047381683873E-01 a      1073     1     3     2    13
  3.0975948483780941E-01 a      1074     1     3     2    14
  3.8773519838728628E-02 a      1075     1     3     2    15
  6.9899844442163434E-02 a      1076     1     3     2    16
 -7.5816273030198084E-02 a      1077     1     3     2    17
  3.6157587318712076E-01 a      1078     1     3     2    18
 -7.9649627550323188E-01 a      1079     1     3     2    19
 -3.4155424529121503E-01 a      1080     1     3     2    20
 -4.1638058540127848E-01 a      1081     1     4     2     1
 -1.8182361630294241E-01 a      1082     1     4     2     2
 -3.3215968325908191E-01 a      1083     1     4     2     3
 -7.4707751687944982E-02 a      1084     1     4     2     4
 -5.4616465540974646E-01 a      1085     1     4     2     5
  9.2896799842273753E-02 a      1086     1     4     2     6
  3.7972680468709852E-01 a      1087     1     4     2     7
  1.1096475074635531E-01 a      1088     1     4     2     8
 -2.0499903283385154E-01 a      1089     1     4     2     9
 -2.6784762153164471E-01 a      1090     1     4     2    10
  1.9142364172701420E-01 a      1091     1     4     2    11
 -3.3990042408568272E-01 a      1092     1     4     2    12
  1.0189108051513264E-01 a      1093     1     4     2    13
 -1.5394354984657870E-02 a      1094     1     4     2    14
 -5.5852867814067599E-02 a      1095     1     4     2    15
 -4.4474760043121543E-02 a      1096     1     4     2    16
  2.6784387048168035E-01 a      1097     1     4     2    17
 -4.5482416668885239E-01 a      1098     1     4     2    18
 -4.6627935033730522E-01 a      1099     1     4     2    19
  1.4975842970658973E-01 a      1100     1     4     2    20
  5.6314417667875309E-02 a      1101     1     5     2     1
 -1.3959313882307409E-01 a      1102     1     5     2     2
  8.5753649546622457E-02 a      1103     1     5     2     3
  3.0507666257225280E-01 a      1104     1     5     2     4
  6.0910756637914865E-01 a      1105     1     5     2     5
 -3.5516544468301653E-01 a      1106     1     5     2     6
 -3.4930685207831680E-01 a      1107     1     5     2     7
  3.5869289699679630E-01 a      1108     1     5     2     8
 -3.7429589469597796E-01 a      1109     1     5     2     9
  1.2153669943050985E-02 a      1110     1     5     2    10
 -2.5216092567103859E-01 a      1111     1     5     2    11
 -3.9334537861808300E-01 a      1112     1     5     2    12
 -4.5145361691173776E-03 a      1113     1     5     2    13
 -1.2046550953363785E-01 a      1114     1     5     2    14
 -9.8720578321009143E-03 a      1115     1     5     2    15
 -1.7301691137993447E-01 a      1116     1     5     2    16
  4.8672241333901189E-01 a      1117     1     5     2    17
  1.8582029809240874E-01 a      1118     1     5     2    18
  3.4943306405751751E-01 a      1119     1     5     2    19
  1.9892913347639546E-01 a      1120     1     5     2    20
 -7.1957184713367317E-01 a      1121     1     6     2     1
  1.0761874765955375E-01 a      1122     1     6     2     2
  4.3842605396032075E-01 a      1123     1     6     2     3
  4.5552503890406143E-01 a      1124     1     6     2     4
 -6.2869242892517407E-01 a      1125     1     6     2     5
 -7.3745289822783644E-01 a      1126     1     6     2     6
 -7.7437764748218385E-01 a      1127     1     6     2     7
  8.2330268601311818E-01 a      1128     1     6     2     8
  2.7659362341865362E-01 a      1129     1     6     2     9
  5.7568126671178743E-01 a      1130     1     6     2    10
  3.6432561020742793E-01 a      1131     1     6     2    11
  4.0654658764409324E-01 a      1132     1     6     2    12
  3.2376816222856247E-01 a      1133     1     6     2    13
 -2.6246656121564294E-01 a      1134     1     6     2    14
 -4.7658272649972533E-01 a      1135     1     6     2    15
 -2.7255842626403953E-01 a      1136     1     6     2    16
  1.2644234108340668E-01 a      1137     1     6     2    17
  1.0674130050757489E+00 a      1138     1     6     2    18
  5.0430805703323422E-01 a      1139     1     6     2    19
  9.2814614151979918E-02 a      1140     1     6     2    20
  1.1893502465147990E-01 a      1141     1     7     2     1
  1.8999923885163646E-02 a      1142     1     7     2     2
  2.5842815653454317E-02 a      1143     1     7     2     3
 -4.0244330966859371E-01 a      1144     1     7     2     4
 -2.4428388730028830E-01 a      1145     1     7     2     5
  1.5578657666372225E-01 a      1146     1     7     2     6
  3.1562732971718727E-01 a      1147     1     7     2     7
  1.9012857630487726E-02 a      1148     1     7     2     8
  6.4546486807475489E-01 a      1149     1     7     2     9
  1.6381468842214758E-01 a      1150     1     7     2    10
 -3.0818012581528557E-02 a      1151     1     7     2    11
 -3.1088194537789926E-01 a      1152     1     7     2    12
  2.2437029966240926E-01 a      1153     1     7     2    13
 -2.5091158603069258E-01 a      1154     1     7     2    14
  5.4284065776376367E-01 a      1155     1     7     2    15
 -1.9188703021440573E-01 a      1156     1     7     2    16
  1.5176152661541814E-02 a      1157     1     7     2    17
 -5.0457808359341771E-01 a      1158     1     7     2    18
  2.7928569331122416E-01 a      1159     1     7     2    19
  7.2052768944518841E-02 a      1160     1     7     2    20
  5.0695423071152301E-01 a      1161     1     8     2     1
  1.1178718758122057E-01 a      1162     1     8     2     2
 -4.3379649005375953E-01 a      1163     1     8     2     3
 -3.2388076243958680E-01 a      1164     1     8     2     4
  7.3110882225197349E-02 a      1165     1     8     2     5
  4.5428091769462503E-01 a      1166     1     8     2     6
  1.7692072381156393E-01 a      1167     1     8     2     7
 -5.0195166680096559E-01 a      1168     1     8     2     8
 -2.0145840994428771E-01 a      1169     1     8     2     9
  8.2724158868084111E-02 a      1170     1     8     2    10
  3.1273457597223425E-01 a      1171     1     8     2    11
 -8.9616721880368039E-02 a      1172     1     8     2    12
 -3.0751603100050712E-01 a      1173     1     8     2    13
  1.7004479457700613E-02 a      1174     1     8     2    14
  2.2792476893766017E-01 a      1175     1     8     2    15
  4.3939170647720566E-01 a      1176     1     8     2    16
 -8.6973208433195837E-01 a      1177     1     8     2    17
  3.6798878694618248E-01 a      1178     1     8     2    18
 -7.2661312526112998E-01 a      1179     1     8     2    19
 -6.4848785197218817E-01 a      1180     1     8     2    20
  1.2111679261186814E-01 a      1181     1     9     2     1
  6.8048179094255645E-02 a      1182     1     9     2     2
  1.0537173100383823E-01 a      1183     1     9     2     3
 -5.3155521102417125E-01 a      1184     1     9     2     4
  5.6288242401585926E-02 a      1185     1     9     2     5
 -5.6612357847740429E-02 a      1186     1     9     2     6
 -2.1219638837377167E-01 a      1187     1     9     2     7
 -4.6148775636617617E-01 a      1188     1     9     2     8
 -4.7017323404399558E-01 a      1189     1     9     2     9
  7.8615895420893237E-04 a      1190     1     9     2    10
 -4.1851711106427614E-01 a      1191     1     9     2    11
  4.1034180945232879E-01 a      1192     1     9     2    12
  1.7552312267293069E-01 a      1193     1     9     2    13
  4.5747657734480285E-01 a      1194     1     9     2    14
  2.8580519525021719E-01 a      1195     1     9     2    15
 -4.2569363472017685E-01 a      1196     1     9     2    16
  3.4078411571650241E-01 a      1197     1     9     2    17
 -1.0601091642144671E+00 a      1198     1     9     2    18
 -3.6276124915100794E-02 a      1199     1     9     2    19
  3.6954299522871226E-01 a      1200     1     9     2    20
  1.5034098214817200E+00 a      1201     1    10     2     1
 -6.9202412671883540E-01 a      1202     1    10     2     2
  6.4815813447412773E-02 a      1203     1    10     2     3
  1.7478887850704342E-01 a      1204     1    10     2     4
 -6.2778258615307980E-01 a      1205     1    10     2     5
 -2.2438952222641823E-01 a      1206     1    10     2     6
 -5.6216655100059376E-01 a      1207     1    10     2     7
  1.8554213089591653E-01 a      1208     1    10     2     8
 -3.6930085245848709E-01 a      1209     1    10     2     9
  4.3018588465515628E-01 a      1210     1    10     2    10
 -6.8605373516106183E-01 a      1211     1    10     2    11
 -1.6404042986972509E-01 a      1212     1    10     2    12
  7.6640053739884167E-02 a      1213     1    10     2    13
  2.1725141042017107E-01 a      1214     1    10     2    14
 -8.3581786877110195E-02 a      1215     1    10     2    15
  2.4959195584599603E-01 a      1216     1    10     2    16
 -3.8887258198930152E-01 a      1217     1    10     2    17
  4.9661556700258397E-01 a      1218     1    10     2    18
 -5.3917874264273391E-01 a      1219     1    10     2    19
  2.7155762704207614E-01 a      1220     1    10     2    20
 -4.8836399494302724E-01 a      1221     1    11     2     1
 -2.1931989089114862E-01 a      1222     1    11     2     2
  5.0692907408386834E-01 a      1223     1    11     2     3
  4.0445406935787054E-01 a      1224     1    11     2     4
  6.5545999612510264E-01 a      1225     1    11     2     5
 -2.8962486500532197E-01 a      1226     1    11     2     6
  3.9298148230718311E-01 a      1227     1    11     2     7
  3.8183437525850122E-01 a      1228     1    11     2     8
 -8.3624846910202466E-01 a      1229     1    11     2     9
  5.1761698663603184E-01 a      1230     1    11     2    10
  4.6921067593750393E-01 a      1231     1    11     2    11
 -5.0993969279992543E-02 a      1232     1    11     2    12
  4.5517706187598178E-01 a      1233     1    11     2    13
 -1.4848025300666781E-01 a      1234     1    11     2    14
 -6.1589688973373573E-02 a      1235     1    11     2    15
 -5.3419506364463276E-01 a      1236     1    11     2    16
  3.4695055411529940E-01 a      1237     1    11     2    17
  3.0975329895748133E-01 a      1238     1    11     2    18
 -4.5832793545333678E-01 a      1239     1    11     2    19
  1.0681032969703089E-01 a      1240     1    11     2    20
  9.2714468059678934E-01 a      1241     1    12     2     1
 -6.4726472042505867E-01 a      1242     1    12     2     2
  4.6833699657138972E-01 a      1243     1    12     2     3
 -1.6832433118799259E-01 a      1244     1    12     2     4
 -2.1666507605804020E-01 a      1245     1    12     2     5
  5.0846136967246540E-02 a      1246     1    12     2     6
 -3.4363681689892106E-01 a      1247     1    12     2     7
  3.6373947102166404E-01 a      1248     1    12     2     8
  2.5035439676604693E-01 a      1249     1    12     2     9
  2.0553596128926235E-01 a      1250     1    12     2    10
 -6.8054396735432232E-02 a      1251     1    12     2    11
 -6.9213556079600391E-01 a      1252     1    12     2    12
  4.5464189496941221E-01 a      1253     1    12     2    13
 -4.1345189798345755E-01 a      1254     1    12     2    14
  6.2011827663269115E-01 a      1255     1    12     2    15
 -2.5882542641103912E-01 a      1256     1    12     2    16
 -1.6824680036144410E-01 a      1257     1    12     2    17
  4.9355983678583121E-01 a      1258     1    12     2    18
  2.5220707461898512E-01 a      1259     1    12     2    19
 -3.8054802902290151E-02 a      1260     1    12     2    20
 -5.2631361211132299E-01 a      1261     1    13     2     1
  2.2436635204132058E-01 a      1262     1    13     2     2
  3.7267502719217560E-01 a      1263     1    13     2     3
  3.8636052871900128E-01 a      1264     1    13     2     4
 -1.3162029810105016E-01 a      1265     1    13     2     5
  4.5351726979114482E-01 a      1266     1    13     2     6
  7.6064281342962270E-01 a      1267     1    13     2     7
  8.5523402174820758E-04 a      1268     1    13     2     8
 -8.6890458459015085E-01 a      1269     1    13     2     9
 -3.8135457715704901E-01 a      1270     1    13     2    10
  1.5266228379079638E-01 a      1271     1    13     2    11
 -8.5213612880080569E-01 a      1272     1    13     2    12
  4.4928071279029724E-01 a      1273     1    13     2    13
  3.6377092368728364E-01 a      1274     1    13     2    14
  2.1326428316303596E-02 a      1275     1    13     2    15
  5.6081125209729410E-01 a      1276     1    13     2    16
  8.3324920609719494E-02 a      1277     1    13     2    17
  1.6549844439152425E-01 a      1278     1    13     2    18
  7.4158214107802850E-02 a      1279     1    13     2    19
  4.6181232062104138E-01 a      1280     1    13     2    20
 -7.7813848587173695E-01 a      1281     1    14     2     1
  4.3375982796181395E-01 a      1282     1    14     2     2
 -3.1006318393982163E-01 a      1283     1    14     2     3
  2.2079014260333296E-01 a      1284     1    14     2     4
  4.4204246641533840E-01 a      1285     1    14     2     5
  1.0181030501331782E-01 a      1286     1    14     2     6
  7.7086268791287368E-02 a      1287     1    14     2     7
  1.1063852397980148E-01 a      1288     1    14     2     8
  3.8579121178030296E-01 a      1289     1    14     2     9
 -9.1557835972831458E-01 a      1290     1    14     2    10
  7.7422383867367972E-01 a      1291     1    14     2    11
  2.4047427456564185E-01 a      1292     1    14     2    12
 -4.1972386577271331E-01 a      1293     1    14     2    13
  4.6933707205108394E-02 a      1294     1    14     2    14
 -8.4164074272494588E-02 a      1295     1    14     2    15
 -2.4015618290580928E-01 a      1296     1    14     2    16
  6.9815617828620047E-01 a      1297     1    14     2    17
 -3.6231692506889462E-01 a      1298     1    14     2    18
  6.0385910797039943E-01 a      1299     1    14     2    19
 -3.6429025485329541E-01 a      1300     1    14     2    20
 -3.7875944639979375E-01 a      1301     1    15     2     1
 -2.8538844329619756E-01 a      1302     1    15     2     2
 -2.9393293786527391E-01 a      1303     1    15     2     3
 -5.3997342755830657E-01 a      1304     1    15     2     4
 -6.6014273840827919E-01 a      1305     1    15     2     5
 -7.8706026061798939E-02 a      1306     1    15     2     6
  4.1112916089782831E-01 a      1307     1    15     2     7
 -1.0358965193577184E-01 a      1308     1    15     2     8
 -3.3281298413882353E-02 a      1309     1    15     2     9
  3.4718841567797626E-01 a      1310     1    15     2    10
  2.6459465380318931E-03 a      1311     1    15     2    11
 -4.0416458231834868E-01 a      1312     1    15     2    12
 -1.7981340316678632E-01 a      1313     1    15     2    13
 -6.1605428537938411E-01 a      1314     1    15     2    14
 -6.3847252491918915E-01 a      1315     1    15     2    15
 -9.9050476776708606E-03 a      1316     1    15     2    16
  2.5772021505807524E-01 a      1317     1    15     2    17
  5.1691848536957585E-01 a      1318     1    15     2    18
  3.6487521396643585E-01 a      1319     1    15     2    19
  6.0165285458804696E-01 a      1320     1    15     2    20
  5.0314861287073975E-01 a      1321     1    16     2     1
 -6.1171726338040500E-01 a      1322     1    16     2     2
  4.1690146874719253E-01 a      1323     1    16     2     3
  5.9616337123041263E-01 a      1324     1    16     2     4
  2.9826480033491509E-01 a      1325     1    16     2     5
  5.0454595550328618E-01 a      1326     1    16     2     6
 -1.8463185644425484E-01 a      1327     1    16     2     7
 -1.1195960505829135E-01 a      1328     1    16     2     8
 -3.1482913785265276E-01 a      1329     1    16     2     9
 -4.1896083997808792E-01 a      1330     1    16     2    10
 -5.4563646739150995E-01 a      1331     1    16     2    11
  2.9772206399612150E-01 a      1332     1    16     2    12
  4.8386548627861486E-01 a      1333     1    16     2    13
  6.4474985477616842E-01 a      1334     1    16     2    14
  3.0834703689879001E-01 a      1335     1    16     2    15
 -2.3654172347278704E-01 a      1336     1    16     2    16
  3.6674432159588111E-01 a      1337     1    16     2    17
 -1.3676764200939368E-01 a      1338     1    16     2    18
 -5.6711276608725991E-01 a      1339     1    16     2    19
  6.0173336863498839E-01 a      1340     1    16     2    20
 -1.1353685355510111E-01 a      1341     1    17     2     1
  3.3376067693532818E-01 a      1342     1    17     2     2
 -3.9280963735279639E-01 a      1343     1    17     2     3
 -3.7662480277282251E-01 a      1344     1    17     2     4
 -1.6986069295782419E-01 a      1345     1    17     2     5
 -1.2328130170625844E-01 a      1346     1    17     2     6
 -4.1979152926812002E-01 a      1347     1    17     2     7
 -4.0025936815833135E-01 a      1348     1    17     2     8
 -8.4337052557617989E-02 a      1349     1    17     2     9
  8.4296969171131067E-02 a      1350     1    17     2    10
  1.8468625523895325E-02 a      1351     1    17     2    11
  2.7738237129171628E-01 a      1352     1    17     2    12
  1.1089849296296868E-01 a      1353     1    17     2    13
 -7.1582756864091213E-02 a      1354     1    17     2    14
 -4.7489335732617355E-01 a      1355     1    17     2    15
  4.6058753578092843E-01 a      1356     1    17     2    16
 -1.9374209539995460E-01 a      1357     1    17     2    17
  2.7619889709169987E-01 a      1358     1    17     2    18
 -3.2528804987529414E-01 a      1359     1    17     2    19
  1.2483693297942886E-01 a      1360     1    17     2    20
  3.2644474759783099E-01 a      1361     1    18     2     1
 -1.4450978231086681E-01 a      1362     1    18     2     2
 -5.0926141596033137E-01 a      1363     1    18     2     3
  6.2529280645521013E-01 a      1364     1    18     2     4
 -3.7812025594802146E-01 a      1365     1    18     2     5
  3.0848276952628062E-01 a      1366     1    18     2     6
 -3.6869721887853280E-01 a      1367     1    18     2     7
 -3.0065457766171466E-01 a      1368     1    18     2     8
  1.1504159036233717E-01 a      1369     1    18     2     9
  3.4418066746647330E-01 a      1370     1    18     2    10
  2.8927964836031500E-01 a      1371     1    18     2    11
 -1.6057028059086045E-01 a      1372     1    18     2    12
  1.1529297532480104E-01 a      1373     1    18     2    13
  3.6228273965270913E-01 a      1374     1    18     2    14
  3.1230534942353483E-01 a      1375     1    18     2    15
  4.4468796521157407E-02 a      1376     1    18     2    16
 -7.0631504899089015E-01 a      1377     1    18     2    17
  5.7486417280698066E-01 a      1378     1    18     2    18
  4.2441223581921994E-01 a      1379     1    18     2    19
  6.8585689683085715E-01 a      1380     1    18     2    20
  5.3132351714539983E-01 a      1381     1    19     2     1
 -5.2070698768379420E-01 a      1382     1    19     2     2
  5.4071032893829574E-01 a      1383     1    19     2     3
 -2.9524542222302799E-02 a      1384     1    19     2     4
  3.2352424787198486E-01 a      1385     1    19     2     5
 -2.7246228955725604E-01 a      1386     1    19     2     6
 -2.3938430359348431E-01 a      1387     1    19     2     7
 -2.4294412254289857E-01 a      1388     1    19     2     8
  5.4793808318891901E-01 a      1389     1    19     2     9
  6.4295867739663071E-01 a      1390     1    19     2    10
 -3.7864835732098623E-01 a      1391     1    19     2    11
  8.7154661281565723E-02 a      1392     1    19     2    12
  3.9582191985738252E-01 a      1393     1    19     2    13
 -4.0826871281144692E-02 a      1394     1    19     2    14
  1.2163029607459068E-01 a      1395     1    19     2    15
 -7.1364069533666152E-01 a      1396     1    19     2    16
 -4.5390429980237729E-01 a      1397     1    19     2    17
  3.6064397972691342E-02 a      1398     1    19     2    18
  7.9490030219274954E-01 a      1399     1    19     2    19
 -4.4224034896863201E-01 a      1400     1    19     2    20
  1.2670031725685271E-01 a      1401     1    20     2     1
 -6.9611297151554130E-01 a      1402     1    20     2     2
 -6.1412593021409156E-01 a      1403     1    20     2     3
 -1.4260052139453858E-01 a      1404     1    20     2     4
  7.7701123161119257E-01 a      1405     1    20     2     5
 -4.4533006895275555E-02 a      1406     1    20     2     6
  7.3860493639033886E-01 a      1407     1    20     2     7
 -1.0487922666039780E-03 a      1408     1    20     2     8
  3.9192075654899755E-01 a      1409     1    20     2     9
  5.0793631243492843E-01 a      1410     1    20     2    10
  4.6153267229662454E-01 a      1411     1    20     2    11
  7.5443296605871013E-01 a      1412     1    20     2    12
 -3.4135423614017446E-01 a      1413     1    20     2    13
 -3.8687607254488221E-01 a      1414     1    20     2    14
  1.3434418907643764E-01 a      1415     1    20     2    15
  2.5593336443033982E-01 a      1416     1    20     2    16
 -1.1401100075997248E-01 a      1417     1    20     2    17
 -2.9079632867814181E-01 a      1418     1    20     2    18
 -3.4679551120806634E-01 a      1419     1    20     2    19
 -2.8525027526891933E-01 a      1420     1    20     2    20
 -2.2121703534122203E-01 b      1421     2     1
 -9.4040926697394500E-01 b      1422     2     2
 -1.0948437692616240E+00 b      1423     2     3
 -5.7572699873904266E-02 b      1424     2     4
 -1.0653224557052270E+00 b      1425     2     5
  1.3070509178425995E+00 b      1426     2     6
  8.8746202843180599E-01 b      1427     2     7
 -1.0880247245484251E+00 b      1428     2     8
  8.0413232594738893E-01 b      1429     2     9
 -1.4950822024208574E+00 b      1430     2    10
 -8.2807423355815468E-01 b      1431     2    11
  3.9800424228866088E-01 b      1432     2    12
  7.5165834460449543E-01 b      1433     2    13
 -6.2126683411055861E-01 b      1434     2    14
 -1.0340280104695383E-01 b      1435     2    15
  8.2265431309763348E-01 b      1436     2    16
  1.4244459510394873E+00 b      1437     2    17
 -8.7742825927611678E-01 b      1438     2    18
 -7.9763756606091629E-01 b      1439     2    19
  1.7797388269301154E-01 b      1440     2    20
 -9.0963442110499815E-01 a      1441     2     1     3     1
  7.1521949457849898E-01 a      1442     2     2     3     1
  1.1394238283123577E+00 a      1443     2     3     3     1
 -9.9362723697297084E-01 a      1444     2     4     3     1
  6.0030526327154866E-02 a      1445     2     5     3     1
 -8.6345355253737344E-01 a      1446     2     6     3     1
  4.5463408910247372E-01 a      1447     2     7     3     1
 -4.0634579046142799E-01 a      1448     2     8     3     1
  9.1458628109743267E-01 a      1449     2     9     3     1
  5.4356911587989609E-01 a      1450     2    10     3     1
  1.0188622730304886E+00 a      1451     2    11     3     1
 -9.3746796156925793E-01 a      1452     2    12     3     1
 -9.3615801909513519E-01 a      1453     2    13     3     1
  1.1081843927100383E+00 a      1454     2    14     3     1
 -9.2460279450164651E-01 a      1455     2    15     3     1
 -1.2859255954730451E+00 a      1456     2    16     3     1
  1.1793877081768137E-01 a      1457     2    17     3     1
  2.7966829250649838E-01 a      1458     2    18     3     1
 -8.0504266827401738E-01 a      1459     2    19     3     1
 -1.1794309473383829E-01 a      1460     2    20     3     1
 -1.3626799290570635E+00 b      1461     3     1
