################################################################################
# Neural network connection values (weights and biases).
################################################################################
# Col  Name       Description
################################################################################
# 1    connection Neural network connection value.
# 2    t          Connection type (a = weight, b = bias).
# 3    index      Index enumerating weights.
# 4    l_s        Starting point layer (end point layer for biases).
# 5    n_s        Starting point neuron in starting layer (end point neuron for biases).
# 6    l_e        End point layer.
# 7    n_e        End point neuron in end layer.
################################################################################
#                      1 2         3     4     5     6     7
#             connection t     index   l_s   n_s   l_e   n_e
############################################################
  7.8265299662818116E-02 a         1     0     1     1     1
  4.9316212169908930E-01 a         2     0     1     1     2
  2.2441047450941540E-01 a         3     0     1     1     3
 -2.1345653055869873E-01 a         4     0     1     1     4
 -6.0084933178027067E-01 a         5     0     1     1     5
  1.9617553980328412E-01 a         6     0     1     1     6
  1.8356510660468273E-02 a         7     0     1     1     7
 -2.5173096429180047E-01 a         8     0     1     1     8
 -5.1979213375307268E-02 a         9     0     1     1     9
 -8.1837515652421464E-02 a        10     0     1     1    10
 -2.8363605618066295E-01 a        11     0     1     1    11
  4.0287351897250651E-01 a        12     0     1     1    12
 -6.4982129056643601E-01 a        13     0     1     1    13
 -4.4983227369811157E-01 a        14     0     1     1    14
 -2.6042032914003616E-01 a        15     0     1     1    15
  3.3721160092750274E-01 a        16     0     1     1    16
  6.5150048529625415E-02 a        17     0     1     1    17
 -2.2661308753974829E-01 a        18     0     1     1    18
  1.3446940265146820E-01 a        19     0     1     1    19
 -1.4154671840916852E-01 a        20     0     1     1    20
  1.3913617125260658E-01 a        21     0     2     1     1
 -1.9568610106082560E-02 a        22     0     2     1     2
 -9.7424432776371125E-02 a        23     0     2     1     3
  2.2768134090501907E-01 a        24     0     2     1     4
  4.5396502740746719E-02 a        25     0     2     1     5
 -5.3133771743570979E-02 a        26     0     2     1     6
  4.5759062213261918E-02 a        27     0     2     1     7
 -7.5137771608299209E-02 a        28     0     2     1     8
 -2.0271702557960916E-02 a        29     0     2     1     9
  1.3004508653642519E-01 a        30     0     2     1    10
  1.0046485130789305E-01 a        31     0     2     1    11
  2.7723840479626890E-02 a        32     0     2     1    12
 -6.6270735837147876E-02 a        33     0     2     1    13
  5.1128186972138855E-02 a        34     0     2     1    14
 -1.6810549339901462E-01 a        35     0     2     1    15
 -1.2528696452953267E-01 a        36     0     2     1    16
  2.1741937822881216E-01 a        37     0     2     1    17
  8.3771778915053205E-02 a        38     0     2     1    18
 -7.0444197896774252E-02 a        39     0     2     1    19
 -8.9033052735297658E-02 a        40     0     2     1    20
  1.7556525292538167E-01 a        41     0     3     1     1
 -1.0685568049630746E-01 a        42     0     3     1     2
  2.3470952221073169E-01 a        43     0     3     1     3
  1.2663275069408744E-01 a        44     0     3     1     4
  2.0771362638431570E-01 a        45     0     3     1     5
  6.2367800128941983E-02 a        46     0     3     1     6
  4.4274737201929387E-01 a        47     0     3     1     7
  2.1762611554928735E-01 a        48     0     3     1     8
 -4.1873591390524451E-01 a        49     0     3     1     9
 -3.7500147088254632E-01 a        50     0     3     1    10
 -7.4110652485162715E-02 a        51     0     3     1    11
 -4.6671013695188995E-01 a        52     0     3     1    12
 -7.6525107864178127E-02 a        53     0     3     1    13
  3.9542575803401264E-01 a        54     0     3     1    14
 -2.2772892210113149E-01 a        55     0     3     1    15
  4.2526884084865713E-01 a        56     0     3     1    16
  3.6499203148646697E-01 a        57     0     3     1    17
  3.9858432455064804E-02 a        58     0     3     1    18
  3.7602709110111643E-01 a        59     0     3     1    19
  2.3626988502392252E-01 a        60     0     3     1    20
 -4.1425474356754355E-01 a        61     0     4     1     1
 -2.5372662754061337E-01 a        62     0     4     1     2
 -2.0375772812191945E-01 a        63     0     4     1     3
 -9.0763076217560690E-03 a        64     0     4     1     4
 -2.3895080533067670E-01 a        65     0     4     1     5
 -4.6574661373180937E-01 a        66     0     4     1     6
  7.4452942710023851E-01 a        67     0     4     1     7
  3.6360737783472818E-01 a        68     0     4     1     8
 -6.8654001556397504E-01 a        69     0     4     1     9
 -1.7606405370805062E-01 a        70     0     4     1    10
  5.9023218176839676E-01 a        71     0     4     1    11
 -1.0045512648950432E+00 a        72     0     4     1    12
 -2.3241068902148468E-01 a        73     0     4     1    13
  5.1734828944641587E-01 a        74     0     4     1    14
  9.4443395413681686E-02 a        75     0     4     1    15
 -9.4329292987001967E-01 a        76     0     4     1    16
  1.9719169912863932E-01 a        77     0     4     1    17
 -1.9710917932523700E-01 a        78     0     4     1    18
 -6.8707765299795845E-02 a        79     0     4     1    19
  4.0291136875076972E-01 a        80     0     4     1    20
 -4.7084014311367599E-02 a        81     0     5     1     1
 -8.5951347329517189E-02 a        82     0     5     1     2
 -1.2295452765941492E-01 a        83     0     5     1     3
 -3.9926805662164877E-01 a        84     0     5     1     4
 -1.8691318666196116E-01 a        85     0     5     1     5
  2.9962328107370748E-02 a        86     0     5     1     6
  4.4600556288827448E-02 a        87     0     5     1     7
  3.8648164756917264E-01 a        88     0     5     1     8
  3.7665558646214271E-02 a        89     0     5     1     9
  7.7581710215257130E-02 a        90     0     5     1    10
  2.0883177693951638E-01 a        91     0     5     1    11
 -1.9122811691985730E-01 a        92     0     5     1    12
  2.0558789377669723E-01 a        93     0     5     1    13
 -9.7837249358738547E-03 a        94     0     5     1    14
  2.3061889916180153E-01 a        95     0     5     1    15
  2.8222606098658581E-01 a        96     0     5     1    16
 -1.6860177918633512E-01 a        97     0     5     1    17
 -8.4515461918204735E-02 a        98     0     5     1    18
  1.0246809063108969E-01 a        99     0     5     1    19
  8.8636082822972515E-02 a       100     0     5     1    20
  1.9832535748390714E-01 a       101     0     6     1     1
  1.8792617717671567E-01 a       102     0     6     1     2
  1.6298395024559212E-01 a       103     0     6     1     3
 -2.9211456812794284E-01 a       104     0     6     1     4
  1.5454168190946016E-01 a       105     0     6     1     5
  4.9711996697313278E-02 a       106     0     6     1     6
  3.8675451100377056E-01 a       107     0     6     1     7
 -1.5154590503529847E-01 a       108     0     6     1     8
 -1.1003586260439570E-01 a       109     0     6     1     9
  1.3967034279646737E-01 a       110     0     6     1    10
  6.5839934570190092E-02 a       111     0     6     1    11
 -1.8048813697799226E-01 a       112     0     6     1    12
 -4.2996188812349651E-01 a       113     0     6     1    13
 -1.3664627550587838E-01 a       114     0     6     1    14
 -2.0168674044781054E-01 a       115     0     6     1    15
 -3.3494715101169226E-01 a       116     0     6     1    16
  1.6656426568493640E-01 a       117     0     6     1    17
 -3.4344439217382600E-01 a       118     0     6     1    18
 -1.2359815029757477E-01 a       119     0     6     1    19
  2.6607207629725155E-01 a       120     0     6     1    20
  2.4869780086681434E-03 a       121     0     7     1     1
  2.5884374538932442E-02 a       122     0     7     1     2
 -2.4420242313147911E-01 a       123     0     7     1     3
  7.4134676498260277E-02 a       124     0     7     1     4
 -4.0133441478945479E-02 a       125     0     7     1     5
  8.5940997167481187E-02 a       126     0     7     1     6
  3.8347106602773773E-01 a       127     0     7     1     7
 -4.2167056782804954E-02 a       128     0     7     1     8
  4.3892411980304419E-01 a       129     0     7     1     9
  4.0098235466357511E-02 a       130     0     7     1    10
  1.5739898338240960E-01 a       131     0     7     1    11
  2.4823488475756539E-01 a       132     0     7     1    12
  1.6227228746506342E-01 a       133     0     7     1    13
 -1.8606486434974334E-01 a       134     0     7     1    14
 -5.9961638776599942E-02 a       135     0     7     1    15
  2.9569401934181266E-01 a       136     0     7     1    16
 -1.8045574817574177E-02 a       137     0     7     1    17
 -1.2721334253164163E-01 a       138     0     7     1    18
  1.7287515692702610E-01 a       139     0     7     1    19
 -9.3214920401581441E-02 a       140     0     7     1    20
  1.4398758610798104E-01 a       141     0     8     1     1
  1.1299204240981447E-02 a       142     0     8     1     2
  1.6260808671781771E-01 a       143     0     8     1     3
  1.3514129391103116E-01 a       144     0     8     1     4
  1.1901235627768740E-01 a       145     0     8     1     5
  7.6289652443443018E-02 a       146     0     8     1     6
 -9.1976416547447613E-03 a       147     0     8     1     7
 -8.0202111917578159E-02 a       148     0     8     1     8
 -2.1806023503883587E-01 a       149     0     8     1     9
  2.5568044315347038E-01 a       150     0     8     1    10
 -2.7531073247858406E-01 a       151     0     8     1    11
  2.0974041478212532E-01 a       152     0     8     1    12
  5.8152358347907185E-01 a       153     0     8     1    13
 -1.6685354625285231E-01 a       154     0     8     1    14
  1.5788501272667424E-01 a       155     0     8     1    15
  1.0199270409176986E-01 a       156     0     8     1    16
 -1.8261930465014942E-01 a       157     0     8     1    17
  1.0801848172589390E-01 a       158     0     8     1    18
 -1.8738028326171860E-01 a       159     0     8     1    19
 -4.3668474474585356E-01 a       160     0     8     1    20
 -3.5828168094628648E-01 a       161     0     9     1     1
 -2.8513983730151399E-01 a       162     0     9     1     2
 -4.5403722652237173E-04 a       163     0     9     1     3
 -1.5395260039781891E-01 a       164     0     9     1     4
  9.4196009174010359E-02 a       165     0     9     1     5
  3.2597595881076621E-02 a       166     0     9     1     6
  6.5641836748519802E-03 a       167     0     9     1     7
  2.1887025666712628E-01 a       168     0     9     1     8
 -2.5867878172657338E-01 a       169     0     9     1     9
  2.0068572344161312E-01 a       170     0     9     1    10
 -2.3660472679191036E-01 a       171     0     9     1    11
 -2.6453060519884214E-01 a       172     0     9     1    12
 -1.1114086079407536E-01 a       173     0     9     1    13
 -4.4267488391517135E-01 a       174     0     9     1    14
 -2.1952529892390871E-01 a       175     0     9     1    15
 -1.1282136505967090E-01 a       176     0     9     1    16
  8.9310357270679153E-02 a       177     0     9     1    17
 -7.5792367454495024E-01 a       178     0     9     1    18
 -2.2073785458592857E-01 a       179     0     9     1    19
  7.7109804138919560E-02 a       180     0     9     1    20
 -2.0159236090167587E-01 a       181     0    10     1     1
  3.9461039251432982E-02 a       182     0    10     1     2
 -4.9185018102385944E-02 a       183     0    10     1     3
 -1.9952177168867366E-02 a       184     0    10     1     4
 -2.9008220846110555E-01 a       185     0    10     1     5
 -1.8935906762126142E-01 a       186     0    10     1     6
  9.6457116979831392E-02 a       187     0    10     1     7
  3.5064482513559384E-02 a       188     0    10     1     8
 -2.4540092192249560E-01 a       189     0    10     1     9
 -2.2886841132660790E-01 a       190     0    10     1    10
 -2.1637578774847149E-01 a       191     0    10     1    11
 -4.3781271161492780E-01 a       192     0    10     1    12
 -3.3698617510756607E-01 a       193     0    10     1    13
  2.5461810107783100E-01 a       194     0    10     1    14
 -7.4184170900880197E-02 a       195     0    10     1    15
 -3.4466641629708389E-01 a       196     0    10     1    16
 -6.4360372396837756E-02 a       197     0    10     1    17
 -1.0447878648608015E-01 a       198     0    10     1    18
  5.7812547292974124E-04 a       199     0    10     1    19
  2.6407968701683376E-01 a       200     0    10     1    20
  1.2427960392937878E-01 a       201     0    11     1     1
  8.2741253231851414E-02 a       202     0    11     1     2
 -1.8828859416218574E-01 a       203     0    11     1     3
  1.5366568595024427E-01 a       204     0    11     1     4
  2.0226640005208199E-01 a       205     0    11     1     5
  2.9983999206489659E-01 a       206     0    11     1     6
  9.1842894251206904E-03 a       207     0    11     1     7
 -2.1681741990039574E-01 a       208     0    11     1     8
 -3.3479477230521365E-01 a       209     0    11     1     9
  2.0469823592831288E-01 a       210     0    11     1    10
  3.7507575223721806E-03 a       211     0    11     1    11
 -2.9197437812645572E-02 a       212     0    11     1    12
 -4.2791782128009270E-02 a       213     0    11     1    13
  1.9826711828092308E-01 a       214     0    11     1    14
  2.8228473180392116E-01 a       215     0    11     1    15
 -3.0037224793063522E-01 a       216     0    11     1    16
  1.8648974460997508E-01 a       217     0    11     1    17
  1.9297883116405154E-01 a       218     0    11     1    18
  1.9171434745598528E-01 a       219     0    11     1    19
 -1.3135084159634683E-01 a       220     0    11     1    20
 -3.6092219714795876E-01 a       221     0    12     1     1
  1.9508470809127013E-01 a       222     0    12     1     2
  2.2959307324180375E-01 a       223     0    12     1     3
  1.5647440026168047E-01 a       224     0    12     1     4
  1.2122075710427226E-01 a       225     0    12     1     5
  3.0628226908243644E-01 a       226     0    12     1     6
  2.6752368148490167E-02 a       227     0    12     1     7
  1.4735972614350645E-01 a       228     0    12     1     8
  1.6764898029792158E-01 a       229     0    12     1     9
 -4.6400653150037531E-02 a       230     0    12     1    10
 -1.0129730644467395E-01 a       231     0    12     1    11
 -2.4146860834446113E-01 a       232     0    12     1    12
 -1.3020339099474516E-02 a       233     0    12     1    13
 -1.8855122171789834E-01 a       234     0    12     1    14
 -1.9817331591763088E-01 a       235     0    12     1    15
 -1.8997563930002442E-01 a       236     0    12     1    16
  2.1665641900587990E-01 a       237     0    12     1    17
  1.3974315167437143E-01 a       238     0    12     1    18
 -2.2126902377254112E-01 a       239     0    12     1    19
 -4.5252742263286759E-02 a       240     0    12     1    20
 -1.3629961298013224E-01 a       241     0    13     1     1
 -1.3775750444347172E-02 a       242     0    13     1     2
  2.1601346981381397E-01 a       243     0    13     1     3
  8.6773695165962908E-02 a       244     0    13     1     4
  6.8413855505808530E-02 a       245     0    13     1     5
  1.6672032985052168E-01 a       246     0    13     1     6
  1.1155910056656940E-01 a       247     0    13     1     7
 -1.1583675223369257E-01 a       248     0    13     1     8
  1.2976875969633331E-01 a       249     0    13     1     9
 -1.0490118049724981E-01 a       250     0    13     1    10
  1.3262054500485099E-01 a       251     0    13     1    11
  1.7489155711450602E-01 a       252     0    13     1    12
  1.0257902804477248E-01 a       253     0    13     1    13
 -3.6677650229929770E-01 a       254     0    13     1    14
  7.0661316371494101E-02 a       255     0    13     1    15
 -2.8237817084714897E-02 a       256     0    13     1    16
 -4.5084807546469777E-02 a       257     0    13     1    17
 -6.8447131386508042E-02 a       258     0    13     1    18
  1.3077880761699140E-01 a       259     0    13     1    19
 -1.3638866347048462E-01 a       260     0    13     1    20
  1.7420699590813798E-01 a       261     0    14     1     1
 -3.1691623480087500E-03 a       262     0    14     1     2
  5.8066366103038808E-02 a       263     0    14     1     3
  1.5817836047018871E-01 a       264     0    14     1     4
  1.1896869579294044E-02 a       265     0    14     1     5
 -1.0731422059692936E-01 a       266     0    14     1     6
  1.5438595035219185E-01 a       267     0    14     1     7
  7.2019452596125716E-02 a       268     0    14     1     8
 -1.2733385261423141E-01 a       269     0    14     1     9
  3.2857575736330469E-01 a       270     0    14     1    10
  2.4011541946867399E-01 a       271     0    14     1    11
  1.4821135463867993E-01 a       272     0    14     1    12
 -7.0392954098909000E-02 a       273     0    14     1    13
 -1.7621884317408629E-01 a       274     0    14     1    14
 -1.7134725965349976E-01 a       275     0    14     1    15
  2.0767594096792855E-02 a       276     0    14     1    16
 -1.3198023438546266E-01 a       277     0    14     1    17
 -4.7725297228331257E-02 a       278     0    14     1    18
 -1.9724592101085930E-01 a       279     0    14     1    19
 -1.1026241847196545E-01 a       280     0    14     1    20
  1.6078732837230306E-01 a       281     0    15     1     1
 -3.1431673429525775E-01 a       282     0    15     1     2
 -9.6182932392885098E-02 a       283     0    15     1     3
  2.1189432591484536E-01 a       284     0    15     1     4
 -9.8397685446343086E-02 a       285     0    15     1     5
  1.8339048404911859E-01 a       286     0    15     1     6
  3.5567698691261712E-01 a       287     0    15     1     7
 -7.2541299845148025E-02 a       288     0    15     1     8
  2.6453253668776361E-01 a       289     0    15     1     9
  3.5359957212404070E-01 a       290     0    15     1    10
 -8.7991126561413405E-03 a       291     0    15     1    11
 -2.7844513434864743E-01 a       292     0    15     1    12
  3.4363543190307218E-02 a       293     0    15     1    13
 -3.2717332325333964E-01 a       294     0    15     1    14
 -1.5835070044720241E-02 a       295     0    15     1    15
  2.3840322209078046E-01 a       296     0    15     1    16
  3.2540300927106559E-02 a       297     0    15     1    17
 -2.1476874512431976E-01 a       298     0    15     1    18
 -3.4252366944299215E-02 a       299     0    15     1    19
 -2.3034568234156697E-01 a       300     0    15     1    20
 -2.9839507882739125E-01 a       301     0    16     1     1
  1.7508230772192099E-03 a       302     0    16     1     2
  1.2235052408006604E-01 a       303     0    16     1     3
 -1.0412503328846719E-01 a       304     0    16     1     4
 -2.7328263395570057E-01 a       305     0    16     1     5
  1.2010585750712864E-01 a       306     0    16     1     6
  1.0405386062833055E-01 a       307     0    16     1     7
  5.3736361944633791E-02 a       308     0    16     1     8
 -5.0338390482267503E-01 a       309     0    16     1     9
 -2.3119858690601608E-01 a       310     0    16     1    10
  2.0335078109856083E-01 a       311     0    16     1    11
 -1.4800096920076161E-01 a       312     0    16     1    12
 -2.1878420213539362E-01 a       313     0    16     1    13
 -2.1510951366761316E-02 a       314     0    16     1    14
  3.5900244541638003E-02 a       315     0    16     1    15
  6.7105893504124436E-02 a       316     0    16     1    16
 -1.0965965210910639E-01 a       317     0    16     1    17
 -8.0153395888033996E-02 a       318     0    16     1    18
 -7.0653332469930108E-02 a       319     0    16     1    19
 -8.4538302423400984E-03 a       320     0    16     1    20
  2.9928844637214812E-02 a       321     0    17     1     1
  9.4343555407789645E-02 a       322     0    17     1     2
 -1.7349615717564279E-01 a       323     0    17     1     3
 -5.5710248942714077E-03 a       324     0    17     1     4
  2.2481818076812932E-01 a       325     0    17     1     5
  5.9486277596398615E-02 a       326     0    17     1     6
 -1.5520499348164940E-01 a       327     0    17     1     7
 -2.6607648223447805E-01 a       328     0    17     1     8
  4.4156456359659819E-02 a       329     0    17     1     9
  1.3826189631355025E-03 a       330     0    17     1    10
 -1.8740106591248934E-01 a       331     0    17     1    11
  4.3569314377234110E-02 a       332     0    17     1    12
  2.7138890864648513E-01 a       333     0    17     1    13
  2.9515711682083397E-02 a       334     0    17     1    14
  1.8811029023273509E-01 a       335     0    17     1    15
 -7.5103769256188363E-02 a       336     0    17     1    16
  1.4717234974308963E-01 a       337     0    17     1    17
  1.4073328401571603E-01 a       338     0    17     1    18
  1.6149571244759206E-01 a       339     0    17     1    19
 -7.2141271684874650E-02 a       340     0    17     1    20
  5.9806076577990808E-02 a       341     0    18     1     1
  1.7785765965786977E-02 a       342     0    18     1     2
 -4.4816097143038469E-02 a       343     0    18     1     3
  2.8408798015389530E-01 a       344     0    18     1     4
 -3.6980342564263961E-02 a       345     0    18     1     5
 -1.3411925755465798E-01 a       346     0    18     1     6
 -4.7281861998896932E-02 a       347     0    18     1     7
 -5.1710808527701407E-02 a       348     0    18     1     8
 -5.5855108833673874E-02 a       349     0    18     1     9
 -2.5406436795487514E-01 a       350     0    18     1    10
  1.2445420832502704E-01 a       351     0    18     1    11
 -2.3361290685706868E-01 a       352     0    18     1    12
 -5.4578294698669857E-02 a       353     0    18     1    13
 -3.4677269476096548E-02 a       354     0    18     1    14
  5.4275753811073559E-02 a       355     0    18     1    15
  1.5134556005274585E-01 a       356     0    18     1    16
  1.2097125654448603E-02 a       357     0    18     1    17
  6.6978983143532289E-02 a       358     0    18     1    18
 -3.2547430363530916E-01 a       359     0    18     1    19
  7.0228101991798283E-02 a       360     0    18     1    20
 -1.8015879183718848E-02 a       361     0    19     1     1
 -1.0041496121286683E-01 a       362     0    19     1     2
 -1.0635967560105429E-01 a       363     0    19     1     3
  8.7529111984135748E-04 a       364     0    19     1     4
  2.1239372416669430E-01 a       365     0    19     1     5
  9.1970080598708523E-02 a       366     0    19     1     6
  4.1165484508375649E-02 a       367     0    19     1     7
 -7.9239016436306153E-02 a       368     0    19     1     8
  1.3688478891401260E-01 a       369     0    19     1     9
 -1.8902039689813126E-02 a       370     0    19     1    10
  1.0471838986766803E-01 a       371     0    19     1    11
  1.3344609642465022E-02 a       372     0    19     1    12
 -5.8517120438404062E-02 a       373     0    19     1    13
 -4.6155065035870087E-02 a       374     0    19     1    14
  2.5311663335256629E-01 a       375     0    19     1    15
 -6.4036025899944685E-02 a       376     0    19     1    16
  5.9981604127925019E-02 a       377     0    19     1    17
 -6.8726254522209915E-02 a       378     0    19     1    18
  3.0772278434380809E-02 a       379     0    19     1    19
  5.6530091862013881E-02 a       380     0    19     1    20
 -2.2915175868506620E-02 a       381     0    20     1     1
  2.0125024628488489E-02 a       382     0    20     1     2
  1.8124340541055439E-01 a       383     0    20     1     3
 -1.0879786795905103E-01 a       384     0    20     1     4
 -1.3471745861000156E-01 a       385     0    20     1     5
  1.9209803693910288E-01 a       386     0    20     1     6
  8.3070978715516733E-02 a       387     0    20     1     7
  1.9784030836319474E-01 a       388     0    20     1     8
  2.5320266009806669E-03 a       389     0    20     1     9
  1.8749332496524265E-01 a       390     0    20     1    10
 -4.3794807748104909E-02 a       391     0    20     1    11
 -2.8041236217741100E-02 a       392     0    20     1    12
 -2.1253370459836340E-01 a       393     0    20     1    13
  8.9217846934981290E-03 a       394     0    20     1    14
  3.3931660823146123E-02 a       395     0    20     1    15
  9.8141662804252891E-02 a       396     0    20     1    16
 -1.1595691106135597E-01 a       397     0    20     1    17
 -2.8095210009694015E-02 a       398     0    20     1    18
 -1.2179031739381227E-01 a       399     0    20     1    19
  8.9877725258859214E-03 a       400     0    20     1    20
  5.6955711686158657E-02 a       401     0    21     1     1
 -3.3206895285229965E-02 a       402     0    21     1     2
  2.5035840992389602E-01 a       403     0    21     1     3
 -2.0750487406971374E-01 a       404     0    21     1     4
 -1.5049878072153059E-02 a       405     0    21     1     5
 -1.6042885113682354E-01 a       406     0    21     1     6
 -3.9018454186326865E-02 a       407     0    21     1     7
  2.3780579206504715E-01 a       408     0    21     1     8
  1.7824787793959743E-01 a       409     0    21     1     9
  1.5373204219511589E-02 a       410     0    21     1    10
 -1.1722700337582081E-02 a       411     0    21     1    11
  3.1798597163397800E-02 a       412     0    21     1    12
  8.8578996043318092E-02 a       413     0    21     1    13
  2.8763265714892468E-02 a       414     0    21     1    14
  1.0537829840856612E-01 a       415     0    21     1    15
 -4.6563330670097228E-02 a       416     0    21     1    16
  8.9028628532588534E-03 a       417     0    21     1    17
  3.8180390464720502E-03 a       418     0    21     1    18
  9.4629767899141418E-02 a       419     0    21     1    19
 -7.3131588448592313E-02 a       420     0    21     1    20
 -1.0575809799633439E-01 a       421     0    22     1     1
  7.7529465388878588E-02 a       422     0    22     1     2
  2.2581670145666405E-01 a       423     0    22     1     3
 -1.4218174915942777E-01 a       424     0    22     1     4
 -1.3014835319471857E-01 a       425     0    22     1     5
 -8.6240967299052909E-02 a       426     0    22     1     6
 -8.5944153521487227E-03 a       427     0    22     1     7
  8.8254633996814227E-02 a       428     0    22     1     8
 -2.1910477791755165E-01 a       429     0    22     1     9
 -8.4760182134252446E-02 a       430     0    22     1    10
  8.0974887771770393E-02 a       431     0    22     1    11
  2.6797478722437172E-02 a       432     0    22     1    12
  1.4870818891887971E-01 a       433     0    22     1    13
 -5.9752614325729758E-02 a       434     0    22     1    14
 -1.6717958682298265E-01 a       435     0    22     1    15
 -2.0702156804736003E-02 a       436     0    22     1    16
  4.1598862975394432E-02 a       437     0    22     1    17
  4.7682310396716622E-03 a       438     0    22     1    18
 -2.4543879521897686E-02 a       439     0    22     1    19
  2.7394722333636988E-03 a       440     0    22     1    20
  1.7922929705083598E-01 a       441     0    23     1     1
 -2.6151709275449665E-02 a       442     0    23     1     2
 -2.1023883485884270E-01 a       443     0    23     1     3
  5.8930453430283143E-02 a       444     0    23     1     4
  3.2768280158573949E-02 a       445     0    23     1     5
 -2.0887528032886232E-01 a       446     0    23     1     6
 -5.6882138390968444E-02 a       447     0    23     1     7
 -2.7828653365435361E-02 a       448     0    23     1     8
  1.8030164378157895E-01 a       449     0    23     1     9
  1.3924532356973776E-01 a       450     0    23     1    10
 -8.4646719144180510E-02 a       451     0    23     1    11
 -3.2830751666707630E-03 a       452     0    23     1    12
  2.6847449731755946E-01 a       453     0    23     1    13
  5.2944767609048114E-02 a       454     0    23     1    14
 -3.3501201818075949E-02 a       455     0    23     1    15
  5.2170790831987453E-02 a       456     0    23     1    16
  7.9580930953062401E-02 a       457     0    23     1    17
  1.2186704420710066E-01 a       458     0    23     1    18
  1.0977913368262962E-01 a       459     0    23     1    19
 -9.0743337810883576E-02 a       460     0    23     1    20
 -8.4603309193397924E-02 a       461     0    24     1     1
  2.2826775058481234E-02 a       462     0    24     1     2
 -1.8811062014057922E-01 a       463     0    24     1     3
 -7.8021298203866912E-02 a       464     0    24     1     4
 -7.2198483017142335E-03 a       465     0    24     1     5
 -1.5084466965847959E-01 a       466     0    24     1     6
 -4.7643136653081737E-02 a       467     0    24     1     7
 -2.3736891717277192E-01 a       468     0    24     1     8
  1.5251846188941767E-01 a       469     0    24     1     9
  5.1459432817059524E-02 a       470     0    24     1    10
  3.2080136451221201E-02 a       471     0    24     1    11
 -1.6032255860529401E-01 a       472     0    24     1    12
  1.3219060329427143E-01 a       473     0    24     1    13
  1.3172878328097490E-01 a       474     0    24     1    14
  2.0281329122953079E-02 a       475     0    24     1    15
  9.1894496804134362E-02 a       476     0    24     1    16
  3.5442683126121116E-02 a       477     0    24     1    17
 -3.1005033294480224E-04 a       478     0    24     1    18
 -7.8172066197575198E-03 a       479     0    24     1    19
  1.7291589608180286E-01 a       480     0    24     1    20
 -1.1718409806463591E-02 a       481     0    25     1     1
 -5.7897788681426525E-02 a       482     0    25     1     2
 -1.2863585427145241E-01 a       483     0    25     1     3
  2.3363273619230993E-02 a       484     0    25     1     4
  6.9134738910298060E-02 a       485     0    25     1     5
  1.2185519910643920E-01 a       486     0    25     1     6
  6.9046347676134920E-02 a       487     0    25     1     7
 -2.4236760254878892E-02 a       488     0    25     1     8
  3.3032365143968151E-02 a       489     0    25     1     9
 -1.3239893533887864E-02 a       490     0    25     1    10
  3.3615679669134639E-02 a       491     0    25     1    11
 -2.5650913200992213E-02 a       492     0    25     1    12
 -4.3065931839507784E-02 a       493     0    25     1    13
  4.8284022295861546E-03 a       494     0    25     1    14
  1.0859489224788359E-01 a       495     0    25     1    15
  2.4127810752600419E-02 a       496     0    25     1    16
 -6.9139117762285249E-02 a       497     0    25     1    17
 -2.7867616136148288E-02 a       498     0    25     1    18
  1.6275349700035267E-02 a       499     0    25     1    19
 -3.3304930180191278E-03 a       500     0    25     1    20
 -1.5969499903899917E-01 a       501     0    26     1     1
  8.2548515770847541E-02 a       502     0    26     1     2
 -2.2032555751137852E-02 a       503     0    26     1     3
  7.0367013970196748E-02 a       504     0    26     1     4
 -7.3075532408716556E-03 a       505     0    26     1     5
  2.7533847283762036E-01 a       506     0    26     1     6
 -1.4155561086102183E-02 a       507     0    26     1     7
 -5.5745809542590542E-02 a       508     0    26     1     8
 -5.8503623319725286E-02 a       509     0    26     1     9
 -7.8897065846144615E-02 a       510     0    26     1    10
 -1.6001296582866123E-01 a       511     0    26     1    11
 -8.8518817118163739E-03 a       512     0    26     1    12
 -2.4528084081809753E-01 a       513     0    26     1    13
  2.3828902075843637E-03 a       514     0    26     1    14
 -2.3353098646548925E-02 a       515     0    26     1    15
 -8.4485615139407472E-02 a       516     0    26     1    16
 -1.8718833862814716E-01 a       517     0    26     1    17
 -8.5348959833024082E-02 a       518     0    26     1    18
 -9.0784209897921117E-02 a       519     0    26     1    19
  7.8386657324900744E-02 a       520     0    26     1    20
  6.0345980438981914E-02 a       521     0    27     1     1
  5.2868172022401329E-02 a       522     0    27     1     2
 -6.1467495493974379E-02 a       523     0    27     1     3
 -3.6150615676263857E-03 a       524     0    27     1     4
  5.7879013515348791E-03 a       525     0    27     1     5
 -7.0725888366324693E-02 a       526     0    27     1     6
 -7.9263649457092245E-02 a       527     0    27     1     7
  9.6989762278946304E-02 a       528     0    27     1     8
 -1.4315663325971393E-03 a       529     0    27     1     9
 -4.2082231547737110E-02 a       530     0    27     1    10
 -9.6140772006607478E-02 a       531     0    27     1    11
  7.5889977401412248E-02 a       532     0    27     1    12
 -1.1828040121423446E-01 a       533     0    27     1    13
  5.1302741653768569E-03 a       534     0    27     1    14
 -1.0807176704290754E-01 a       535     0    27     1    15
 -8.7291386557639100E-02 a       536     0    27     1    16
 -2.9287291635514641E-02 a       537     0    27     1    17
  4.4635035271058589E-02 a       538     0    27     1    18
  4.5161112434024903E-02 a       539     0    27     1    19
 -7.4298229237100269E-03 a       540     0    27     1    20
  6.5573281714240289E-02 a       541     0    28     1     1
 -3.2243301086134608E-02 a       542     0    28     1     2
  8.4882005719328940E-02 a       543     0    28     1     3
 -7.6398248860713225E-02 a       544     0    28     1     4
 -2.3580554912294473E-02 a       545     0    28     1     5
 -1.2725017546111952E-01 a       546     0    28     1     6
  4.5341522424988484E-02 a       547     0    28     1     7
  2.4357822019909246E-02 a       548     0    28     1     8
 -2.7117948555226385E-02 a       549     0    28     1     9
  2.2074600830928839E-02 a       550     0    28     1    10
  1.4721454753506943E-01 a       551     0    28     1    11
 -3.6525705879970241E-02 a       552     0    28     1    12
  3.4845705974735915E-02 a       553     0    28     1    13
 -6.3069442760190142E-03 a       554     0    28     1    14
  1.2922281064780766E-01 a       555     0    28     1    15
  6.0775159806829314E-02 a       556     0    28     1    16
  1.1340100600088283E-01 a       557     0    28     1    17
  1.1322363481283473E-02 a       558     0    28     1    18
 -1.9344763204957399E-02 a       559     0    28     1    19
  1.0036012782599172E-02 a       560     0    28     1    20
  6.7034891972858279E-02 a       561     0    29     1     1
 -5.3117817275282080E-02 a       562     0    29     1     2
  3.3196476029245636E-02 a       563     0    29     1     3
 -1.0835797927631269E-01 a       564     0    29     1     4
 -2.1060545139885919E-02 a       565     0    29     1     5
 -5.9246537531189393E-02 a       566     0    29     1     6
  5.2966908769722168E-03 a       567     0    29     1     7
  1.0610027206718328E-01 a       568     0    29     1     8
  8.9676093817852881E-02 a       569     0    29     1     9
  1.3734220273300071E-01 a       570     0    29     1    10
  2.7978490599709829E-03 a       571     0    29     1    11
 -1.1517916257861038E-02 a       572     0    29     1    12
  7.1382730030812164E-02 a       573     0    29     1    13
  3.3297979864539771E-02 a       574     0    29     1    14
  6.4449539912119061E-02 a       575     0    29     1    15
  8.3296103530019414E-02 a       576     0    29     1    16
  8.0048344584005254E-02 a       577     0    29     1    17
  5.4300543125072452E-02 a       578     0    29     1    18
  4.9539525742631436E-02 a       579     0    29     1    19
 -4.5928065977348963E-02 a       580     0    29     1    20
 -1.9860599112368864E-02 a       581     0    30     1     1
  7.7396739526654421E-03 a       582     0    30     1     2
  1.6909126763250362E-01 a       583     0    30     1     3
  1.0968031372524945E-01 a       584     0    30     1     4
  1.7609768091791458E-02 a       585     0    30     1     5
  1.4181098469208542E-01 a       586     0    30     1     6
  5.9845132353010227E-02 a       587     0    30     1     7
 -2.7980287249231822E-02 a       588     0    30     1     8
 -1.6206932315703151E-01 a       589     0    30     1     9
 -5.3488754608589399E-03 a       590     0    30     1    10
  2.6389166216549985E-02 a       591     0    30     1    11
  1.2379273131407219E-01 a       592     0    30     1    12
  4.8573097004057278E-02 a       593     0    30     1    13
 -9.5416835317017279E-02 a       594     0    30     1    14
 -1.9599816687530391E-01 a       595     0    30     1    15
 -1.1485231931950526E-01 a       596     0    30     1    16
 -5.0605049194271355E-02 a       597     0    30     1    17
 -3.2769396437974815E-02 a       598     0    30     1    18
 -6.2780303146575912E-03 a       599     0    30     1    19
 -7.8917469704175180E-02 a       600     0    30     1    20
  8.6691455533565442E-02 a       601     0    31     1     1
 -5.6110362827643046E-01 a       602     0    31     1     2
  2.3063261102934640E-01 a       603     0    31     1     3
  1.5568999819061327E-01 a       604     0    31     1     4
 -1.8694058558925342E-01 a       605     0    31     1     5
 -1.0559247685888737E-01 a       606     0    31     1     6
 -6.3775590718957365E-01 a       607     0    31     1     7
 -1.9494731591231721E-03 a       608     0    31     1     8
 -4.3990407785640467E-01 a       609     0    31     1     9
  1.2950843076647592E-01 a       610     0    31     1    10
  4.2214052982588524E-01 a       611     0    31     1    11
  1.3677926754301548E-01 a       612     0    31     1    12
 -2.1310604330736749E-01 a       613     0    31     1    13
 -1.1415305867072224E-01 a       614     0    31     1    14
  5.9456626220181941E-01 a       615     0    31     1    15
  6.4217519126977429E-01 a       616     0    31     1    16
 -8.0277392898131544E-02 a       617     0    31     1    17
  1.3378846123005908E-01 a       618     0    31     1    18
 -2.9460367147989724E-01 a       619     0    31     1    19
 -3.1452685130773755E-01 a       620     0    31     1    20
  4.5291769955139594E-01 a       621     0    32     1     1
  4.3557195282134492E-01 a       622     0    32     1     2
  3.2355820679061689E-02 a       623     0    32     1     3
  2.3237781373796695E-01 a       624     0    32     1     4
  4.3835029245739060E-01 a       625     0    32     1     5
 -3.0128199130766489E-02 a       626     0    32     1     6
  3.6256508022263728E-01 a       627     0    32     1     7
 -1.6498925330965228E-01 a       628     0    32     1     8
  3.0904787634861425E-01 a       629     0    32     1     9
 -7.1480796870433705E-01 a       630     0    32     1    10
 -1.4226066677230648E-01 a       631     0    32     1    11
 -1.7614846018879643E-01 a       632     0    32     1    12
 -1.3278415775391750E-01 a       633     0    32     1    13
  2.0601467748006952E-01 a       634     0    32     1    14
 -1.6099953084888374E-02 a       635     0    32     1    15
 -3.6311194823662393E-02 a       636     0    32     1    16
  2.1421924374502463E-01 a       637     0    32     1    17
 -8.5538401450446291E-02 a       638     0    32     1    18
  2.2161524838152719E-01 a       639     0    32     1    19
  7.4676359451940635E-02 a       640     0    32     1    20
 -1.3725734070520734E-01 a       641     0    33     1     1
 -5.8709693523043047E-02 a       642     0    33     1     2
 -6.9497939039769752E-02 a       643     0    33     1     3
  4.0133106711709660E-01 a       644     0    33     1     4
  1.3591540027523025E-01 a       645     0    33     1     5
  9.1480631865383827E-02 a       646     0    33     1     6
  1.3461641280529310E-01 a       647     0    33     1     7
 -7.6654952625779968E-02 a       648     0    33     1     8
 -4.6680145176602572E-02 a       649     0    33     1     9
  1.0383471721320531E-01 a       650     0    33     1    10
  2.5106712877483611E-01 a       651     0    33     1    11
  4.3278644225640478E-01 a       652     0    33     1    12
 -7.1445223063087218E-02 a       653     0    33     1    13
 -1.5397664312160994E-01 a       654     0    33     1    14
  1.6118097478975599E-01 a       655     0    33     1    15
  1.4290317214135306E-01 a       656     0    33     1    16
  1.4110034041907379E-01 a       657     0    33     1    17
 -1.1669342162711742E-01 a       658     0    33     1    18
 -2.8340082078567117E-02 a       659     0    33     1    19
 -5.5631827033920334E-02 a       660     0    33     1    20
 -7.4160310755772368E-02 a       661     0    34     1     1
 -8.9537194911356782E-02 a       662     0    34     1     2
 -1.5169364163486934E-01 a       663     0    34     1     3
 -2.3894710341728558E-02 a       664     0    34     1     4
 -4.2791551133285165E-03 a       665     0    34     1     5
  1.8334116897567013E-03 a       666     0    34     1     6
 -2.5586775052536360E-02 a       667     0    34     1     7
 -1.9522132674230297E-01 a       668     0    34     1     8
 -1.4012212044775213E-01 a       669     0    34     1     9
 -1.5775672666881685E-01 a       670     0    34     1    10
 -1.7196471905974889E-01 a       671     0    34     1    11
  9.8909699324183586E-02 a       672     0    34     1    12
  1.3226569375676786E-01 a       673     0    34     1    13
 -2.3420096045913205E-01 a       674     0    34     1    14
  1.0374219027497530E-01 a       675     0    34     1    15
  1.9192237591722083E-01 a       676     0    34     1    16
 -3.6709692152431350E-01 a       677     0    34     1    17
 -1.6362978074703446E-01 a       678     0    34     1    18
 -1.6428422269733281E-01 a       679     0    34     1    19
  2.1968046577792541E-01 a       680     0    34     1    20
  3.2887988205526447E-01 a       681     0    35     1     1
 -1.1235356022051285E-01 a       682     0    35     1     2
  4.3003402742250751E-01 a       683     0    35     1     3
  1.1619675523082353E-02 a       684     0    35     1     4
 -5.9713251533052437E-02 a       685     0    35     1     5
 -1.2235590322662325E-02 a       686     0    35     1     6
  2.4274795906902871E-01 a       687     0    35     1     7
  2.4474023596085231E-01 a       688     0    35     1     8
  1.2115045787004752E-01 a       689     0    35     1     9
 -4.7719496486407376E-01 a       690     0    35     1    10
 -5.8030933768424857E-03 a       691     0    35     1    11
 -1.4883083722400042E-01 a       692     0    35     1    12
 -4.6175566987266443E-02 a       693     0    35     1    13
 -2.7470693568462956E-01 a       694     0    35     1    14
 -3.3047748400883975E-01 a       695     0    35     1    15
  1.2859938784457006E-01 a       696     0    35     1    16
 -2.0896788076544170E-02 a       697     0    35     1    17
 -1.5268680594310685E-01 a       698     0    35     1    18
 -4.0585153675705261E-02 a       699     0    35     1    19
 -3.9924870063043544E-01 a       700     0    35     1    20
  1.0844141557067927E-01 a       701     0    36     1     1
  1.6748508170526560E-01 a       702     0    36     1     2
 -1.7082603767601184E-01 a       703     0    36     1     3
  2.9619806591286263E-01 a       704     0    36     1     4
  4.5117530275699380E-01 a       705     0    36     1     5
 -5.5458166545768989E-02 a       706     0    36     1     6
  3.3273489999534017E-01 a       707     0    36     1     7
  1.9045892347541754E-01 a       708     0    36     1     8
  1.7148760468504787E-01 a       709     0    36     1     9
  9.9049173958201620E-02 a       710     0    36     1    10
  1.0757292204362152E-01 a       711     0    36     1    11
 -2.4276973580179553E-01 a       712     0    36     1    12
 -2.1822620458352221E-01 a       713     0    36     1    13
 -8.2213443495193134E-02 a       714     0    36     1    14
 -1.1425642908537775E-01 a       715     0    36     1    15
 -3.2202011016474302E-01 a       716     0    36     1    16
 -1.0856246344445026E-02 a       717     0    36     1    17
  1.5832498282903668E-01 a       718     0    36     1    18
  1.9723005045454611E-01 a       719     0    36     1    19
 -1.2933998582085751E-01 a       720     0    36     1    20
  6.0421461075743907E-02 a       721     0    37     1     1
 -7.2089649860986138E-01 a       722     0    37     1     2
  5.6124599201021107E-02 a       723     0    37     1     3
 -5.4204491025762869E-01 a       724     0    37     1     4
 -3.1720084364803136E-01 a       725     0    37     1     5
 -1.4009475547111550E-01 a       726     0    37     1     6
 -4.7427019251636826E-01 a       727     0    37     1     7
 -2.6118819807415300E-01 a       728     0    37     1     8
 -2.8321046106671743E-01 a       729     0    37     1     9
  4.3969359609022679E-01 a       730     0    37     1    10
  1.7435161462450588E-01 a       731     0    37     1    11
  4.1683022223301214E-01 a       732     0    37     1    12
  6.2587707945997523E-02 a       733     0    37     1    13
 -2.7930011718874087E-01 a       734     0    37     1    14
 -1.8499361225044597E-01 a       735     0    37     1    15
  4.9491797362946392E-02 a       736     0    37     1    16
  2.6631889913042889E-01 a       737     0    37     1    17
 -5.7051451472725101E-01 a       738     0    37     1    18
 -3.9030719101133932E-01 a       739     0    37     1    19
  5.7748369729056434E-02 a       740     0    37     1    20
 -7.8791132068640357E-02 a       741     0    38     1     1
 -6.4966469081220155E-02 a       742     0    38     1     2
 -1.0675592747717609E-01 a       743     0    38     1     3
 -4.1560280975899311E-02 a       744     0    38     1     4
 -2.9425919108398435E-01 a       745     0    38     1     5
  6.4147796275227056E-02 a       746     0    38     1     6
 -1.4375243766372012E-02 a       747     0    38     1     7
  1.5054502627893086E-02 a       748     0    38     1     8
  9.7999620186845146E-02 a       749     0    38     1     9
  3.4088626993967552E-01 a       750     0    38     1    10
  2.1422278729003641E-01 a       751     0    38     1    11
 -7.9154672060362460E-02 a       752     0    38     1    12
 -1.3146383801908462E-01 a       753     0    38     1    13
 -1.9129295318240183E-01 a       754     0    38     1    14
 -1.6729726969321370E-03 a       755     0    38     1    15
  1.1283873346063898E-01 a       756     0    38     1    16
  5.5555599624547862E-02 a       757     0    38     1    17
  1.1832322146513571E-01 a       758     0    38     1    18
 -1.6388201584434079E-02 a       759     0    38     1    19
  2.1265102844331592E-02 a       760     0    38     1    20
 -2.3901886625467370E-01 a       761     0    39     1     1
  2.5847400551427097E-01 a       762     0    39     1     2
  7.4359779423871800E-02 a       763     0    39     1     3
  1.6508068509074975E-01 a       764     0    39     1     4
 -2.8819458031573958E-01 a       765     0    39     1     5
  1.6451358013401191E-01 a       766     0    39     1     6
  6.5649827377448483E-02 a       767     0    39     1     7
  5.0238298120752334E-01 a       768     0    39     1     8
  2.0024385289230694E-02 a       769     0    39     1     9
 -2.0356576672580395E-01 a       770     0    39     1    10
 -8.7108636942828596E-02 a       771     0    39     1    11
 -6.0007244845901649E-02 a       772     0    39     1    12
 -2.6808857718524198E-01 a       773     0    39     1    13
  3.4942770876355805E-01 a       774     0    39     1    14
  4.6010577940884201E-02 a       775     0    39     1    15
 -3.6519242244719813E-01 a       776     0    39     1    16
 -8.3979356357599663E-02 a       777     0    39     1    17
  5.2971508439364590E-01 a       778     0    39     1    18
  2.7365637715806318E-01 a       779     0    39     1    19
 -2.6406674359605409E-01 a       780     0    39     1    20
 -4.0045782600473578E-01 a       781     0    40     1     1
 -3.7659564479396174E-01 a       782     0    40     1     2
  1.2243705271626555E-01 a       783     0    40     1     3
  3.2659136057382306E-02 a       784     0    40     1     4
 -1.6580021417630425E-01 a       785     0    40     1     5
 -1.6970223191078629E-01 a       786     0    40     1     6
 -1.8839853922533004E-01 a       787     0    40     1     7
  9.7901485992611670E-02 a       788     0    40     1     8
  1.0216013629270825E-01 a       789     0    40     1     9
  2.0548299273175469E-01 a       790     0    40     1    10
 -1.5311424582940020E-01 a       791     0    40     1    11
  5.3606166202618999E-01 a       792     0    40     1    12
  5.8356318162277425E-03 a       793     0    40     1    13
  3.6023832900780417E-01 a       794     0    40     1    14
 -1.3819143907383299E-01 a       795     0    40     1    15
  1.4533757455444726E-01 a       796     0    40     1    16
  4.5379446311978454E-02 a       797     0    40     1    17
  5.4491191648993498E-01 a       798     0    40     1    18
  2.4626400777661586E-01 a       799     0    40     1    19
  2.4142532352420695E-01 a       800     0    40     1    20
 -1.3190009839415082E-01 a       801     0    41     1     1
  1.8164846698038594E-02 a       802     0    41     1     2
  3.5051333769453010E-04 a       803     0    41     1     3
 -1.7891114645796979E-01 a       804     0    41     1     4
 -3.0943188062388438E-01 a       805     0    41     1     5
  3.2986216419733033E-01 a       806     0    41     1     6
  1.2837934083978825E-01 a       807     0    41     1     7
  2.1170833897592156E-01 a       808     0    41     1     8
  2.1480871680081209E-01 a       809     0    41     1     9
  2.8478079062372835E-01 a       810     0    41     1    10
 -1.7797489852307030E-01 a       811     0    41     1    11
 -8.3189908991113795E-02 a       812     0    41     1    12
  5.3764430395408687E-03 a       813     0    41     1    13
  2.4202276997049066E-01 a       814     0    41     1    14
  4.3311925181323895E-02 a       815     0    41     1    15
  9.2198640513822566E-02 a       816     0    41     1    16
 -2.2939006491650157E-01 a       817     0    41     1    17
  2.5456052814513402E-01 a       818     0    41     1    18
 -3.0759211529240091E-02 a       819     0    41     1    19
  6.2115893712983414E-02 a       820     0    41     1    20
  9.8699914244664622E-02 a       821     0    42     1     1
 -6.4387984771685378E-02 a       822     0    42     1     2
 -1.4944196464943871E-02 a       823     0    42     1     3
 -3.1354167629548749E-02 a       824     0    42     1     4
  3.0032586299828057E-01 a       825     0    42     1     5
 -3.5454508408679236E-01 a       826     0    42     1     6
 -2.8219703583200567E-01 a       827     0    42     1     7
  2.8469271487692988E-02 a       828     0    42     1     8
 -5.6272218616615945E-02 a       829     0    42     1     9
 -3.6239407501689480E-01 a       830     0    42     1    10
 -1.6428783851233897E-01 a       831     0    42     1    11
 -5.8002633874843910E-02 a       832     0    42     1    12
 -5.6802378720770990E-04 a       833     0    42     1    13
 -8.9838711262411816E-02 a       834     0    42     1    14
  1.2148275192625726E-02 a       835     0    42     1    15
 -4.3227250298526247E-02 a       836     0    42     1    16
  1.1351237990586455E-01 a       837     0    42     1    17
 -3.1910433188335541E-01 a       838     0    42     1    18
 -2.3572587508475080E-02 a       839     0    42     1    19
  1.3318891878392403E-01 a       840     0    42     1    20
  1.6850884820957976E-01 a       841     0    43     1     1
  2.2476613593158647E-02 a       842     0    43     1     2
  1.8838939519566247E-01 a       843     0    43     1     3
 -2.0471746884873834E-01 a       844     0    43     1     4
 -1.6298475901088508E-01 a       845     0    43     1     5
  2.9905583311755513E-01 a       846     0    43     1     6
 -1.4899298012645806E-01 a       847     0    43     1     7
 -3.9048334448476038E-02 a       848     0    43     1     8
  3.5796130312182241E-02 a       849     0    43     1     9
  6.4963033162945674E-02 a       850     0    43     1    10
  2.1584263440308743E-01 a       851     0    43     1    11
  8.1353130020843434E-02 a       852     0    43     1    12
 -2.3359090217103926E-01 a       853     0    43     1    13
 -4.5107152462880551E-02 a       854     0    43     1    14
 -2.7296009538228000E-01 a       855     0    43     1    15
  1.6324135565902390E-01 a       856     0    43     1    16
  8.2594298203723052E-03 a       857     0    43     1    17
  3.4199334297350281E-01 a       858     0    43     1    18
  1.7629263877486954E-02 a       859     0    43     1    19
 -1.1057933049848888E-01 a       860     0    43     1    20
 -2.1384073174225274E-01 a       861     0    44     1     1
 -4.2120345670936653E-03 a       862     0    44     1     2
 -1.2052250870656479E-01 a       863     0    44     1     3
  1.2482698048019369E-01 a       864     0    44     1     4
 -8.6928840287966824E-02 a       865     0    44     1     5
  6.3940927966894670E-02 a       866     0    44     1     6
  1.8014034571425974E-01 a       867     0    44     1     7
  7.9992061741084100E-02 a       868     0    44     1     8
  2.1501374453887795E-01 a       869     0    44     1     9
  1.1615860576666878E-01 a       870     0    44     1    10
  8.7424436709768807E-03 a       871     0    44     1    11
  8.0460014216021218E-03 a       872     0    44     1    12
  1.7833789536752812E-01 a       873     0    44     1    13
  3.3187257423715061E-02 a       874     0    44     1    14
 -2.9795684903123541E-02 a       875     0    44     1    15
 -1.9111472934262949E-01 a       876     0    44     1    16
 -1.4692447320529442E-01 a       877     0    44     1    17
  1.4164433256158879E-01 a       878     0    44     1    18
 -7.3907745447179323E-03 a       879     0    44     1    19
 -6.4677482638031665E-03 a       880     0    44     1    20
 -1.7020453992484436E-01 a       881     0    45     1     1
 -3.3641999720559063E-02 a       882     0    45     1     2
 -8.1892956770241318E-02 a       883     0    45     1     3
  1.2503186364644708E-01 a       884     0    45     1     4
  2.7366504105713707E-01 a       885     0    45     1     5
 -2.8099030202222491E-01 a       886     0    45     1     6
 -8.7468071902636710E-02 a       887     0    45     1     7
  5.9609677891171012E-02 a       888     0    45     1     8
 -4.4768649889433187E-02 a       889     0    45     1     9
 -1.3621801136858808E-01 a       890     0    45     1    10
 -3.5470508110442034E-01 a       891     0    45     1    11
 -9.0079684433155324E-02 a       892     0    45     1    12
  3.5214131984054799E-02 a       893     0    45     1    13
  5.8526549458630554E-02 a       894     0    45     1    14
  1.0123583313842685E-01 a       895     0    45     1    15
 -1.6529192080824126E-01 a       896     0    45     1    16
 -1.8931561063662974E-01 a       897     0    45     1    17
 -2.5389808980005224E-01 a       898     0    45     1    18
  5.9695697656121240E-02 a       899     0    45     1    19
  2.1168147760883643E-01 a       900     0    45     1    20
 -4.1623179058057807E-03 a       901     0    46     1     1
  2.0239029531964572E-01 a       902     0    46     1     2
 -2.2367705806422572E-01 a       903     0    46     1     3
 -3.6286751000146739E-01 a       904     0    46     1     4
 -1.2561202771443480E-01 a       905     0    46     1     5
 -8.9353979971097605E-02 a       906     0    46     1     6
 -7.1824735560027622E-02 a       907     0    46     1     7
 -2.7103910795201861E-02 a       908     0    46     1     8
 -2.0315275177715997E-01 a       909     0    46     1     9
  2.8444732907760662E-02 a       910     0    46     1    10
 -2.0797266324964242E-01 a       911     0    46     1    11
  9.4293724074196561E-02 a       912     0    46     1    12
  9.1538612377502104E-02 a       913     0    46     1    13
  1.7725111486987927E-01 a       914     0    46     1    14
 -6.1361634106806590E-02 a       915     0    46     1    15
  7.0040742733144187E-02 a       916     0    46     1    16
  9.3021804293184768E-02 a       917     0    46     1    17
 -5.6458114669361979E-02 a       918     0    46     1    18
 -3.5218062569745190E-02 a       919     0    46     1    19
  1.8148115222403113E-01 a       920     0    46     1    20
 -4.1855604247329015E-01 a       921     0    47     1     1
  2.7579001212550497E-01 a       922     0    47     1     2
  2.8976599690684269E-02 a       923     0    47     1     3
 -1.1050332116755573E-02 a       924     0    47     1     4
 -3.1208161172683258E-01 a       925     0    47     1     5
  5.0542605039859756E-01 a       926     0    47     1     6
 -1.9963807679078499E-01 a       927     0    47     1     7
  3.5905988194707812E-02 a       928     0    47     1     8
  6.2891715045996865E-01 a       929     0    47     1     9
  1.7928726985636129E-01 a       930     0    47     1    10
  1.3184236231703456E-01 a       931     0    47     1    11
  2.9730015467434954E-02 a       932     0    47     1    12
  4.4968488022123415E-01 a       933     0    47     1    13
 -6.6802947948714124E-03 a       934     0    47     1    14
 -3.9501890142409307E-01 a       935     0    47     1    15
  3.9478514423937661E-01 a       936     0    47     1    16
 -1.2128531153922233E-01 a       937     0    47     1    17
  6.5615851961029403E-01 a       938     0    47     1    18
  1.7077710880440228E-01 a       939     0    47     1    19
 -8.0094725644039105E-02 a       940     0    47     1    20
  2.4453973624334477E-02 a       941     0    48     1     1
 -5.0998305295285956E-02 a       942     0    48     1     2
 -2.9232696935646812E-02 a       943     0    48     1     3
  1.3167201161045372E-01 a       944     0    48     1     4
  6.7668599672891933E-02 a       945     0    48     1     5
  6.3443536564363301E-02 a       946     0    48     1     6
  1.9946878972930401E-01 a       947     0    48     1     7
 -7.5361650024550197E-02 a       948     0    48     1     8
 -5.1625399958955084E-02 a       949     0    48     1     9
 -1.9417323720827240E-01 a       950     0    48     1    10
  5.7816802435144719E-02 a       951     0    48     1    11
 -1.0466002611520317E-02 a       952     0    48     1    12
  3.5941418339723204E-02 a       953     0    48     1    13
 -3.3634024518999349E-02 a       954     0    48     1    14
  1.0967798791234654E-01 a       955     0    48     1    15
  7.1092893663489004E-02 a       956     0    48     1    16
 -1.5855044689544445E-01 a       957     0    48     1    17
 -3.7680737419262970E-02 a       958     0    48     1    18
  7.1545540053437245E-02 a       959     0    48     1    19
 -8.2831482844765617E-02 a       960     0    48     1    20
  3.3142798796144995E-01 a       961     0    49     1     1
 -1.2875153460573280E-01 a       962     0    49     1     2
  8.0151396622601748E-02 a       963     0    49     1     3
  3.1806807660891867E-01 a       964     0    49     1     4
  2.8818114104722614E-01 a       965     0    49     1     5
 -3.3708871587727229E-01 a       966     0    49     1     6
 -2.8723620669527824E-02 a       967     0    49     1     7
 -1.6513912133370615E-01 a       968     0    49     1     8
  5.8883792440654524E-02 a       969     0    49     1     9
 -1.3227625429174589E-01 a       970     0    49     1    10
 -2.2334674732754697E-01 a       971     0    49     1    11
 -3.4302603506928375E-02 a       972     0    49     1    12
  9.0120291845907419E-02 a       973     0    49     1    13
 -1.0125768642997196E-01 a       974     0    49     1    14
 -1.9742236232507013E-01 a       975     0    49     1    15
 -3.1265910386008858E-02 a       976     0    49     1    16
 -6.1320241747993172E-02 a       977     0    49     1    17
 -3.7105182677328669E-01 a       978     0    49     1    18
 -1.2018113741568677E-01 a       979     0    49     1    19
  1.0963308216966167E-01 a       980     0    49     1    20
 -5.1680861138033676E-02 a       981     0    50     1     1
  1.6733165707866299E-01 a       982     0    50     1     2
 -1.0423648205086032E-02 a       983     0    50     1     3
 -2.6668295558562283E-01 a       984     0    50     1     4
 -2.0554973207134281E-01 a       985     0    50     1     5
 -2.5014317035449796E-01 a       986     0    50     1     6
 -1.6289541035072855E-01 a       987     0    50     1     7
 -3.8765908661105486E-01 a       988     0    50     1     8
  3.2522657264093319E-01 a       989     0    50     1     9
  4.3473101300119756E-02 a       990     0    50     1    10
  1.8757132936949589E-01 a       991     0    50     1    11
  3.0463615460656367E-02 a       992     0    50     1    12
  2.7265278412009614E-01 a       993     0    50     1    13
  1.0009225645088717E-01 a       994     0    50     1    14
  1.5985586702632523E-01 a       995     0    50     1    15
 -4.0392834255334498E-01 a       996     0    50     1    16
 -3.3683134186111652E-01 a       997     0    50     1    17
 -1.9835093962862191E-01 a       998     0    50     1    18
 -8.9724629207087472E-02 a       999     0    50     1    19
 -5.5994161143503023E-02 a      1000     0    50     1    20
 -2.4230502808760390E-01 b      1001     1     1
  1.3772543022561983E+00 b      1002     1     2
 -8.9123278213949852E-01 b      1003     1     3
  5.4316284069838343E-02 b      1004     1     4
  8.1467034580060116E-01 b      1005     1     5
  1.6614480651406618E-01 b      1006     1     6
  5.4825219640404066E-01 b      1007     1     7
 -8.1764969155089440E-01 b      1008     1     8
  8.7546421704679134E-02 b      1009     1     9
  9.7134806565027543E-01 b      1010     1    10
  2.0916793375866244E-01 b      1011     1    11
 -2.9839051408580342E-01 b      1012     1    12
 -1.2030584668752480E+00 b      1013     1    13
 -3.0229713180627893E-01 b      1014     1    14
  3.8199228147170888E-01 b      1015     1    15
 -1.9506181239161713E-01 b      1016     1    16
  4.7302179973648183E-02 b      1017     1    17
 -8.4773904222629914E-01 b      1018     1    18
  1.1414942454427210E+00 b      1019     1    19
 -1.2360811215926937E-01 b      1020     1    20
  5.9938901836929248E-01 a      1021     1     1     2     1
 -1.6964579336259385E-02 a      1022     1     1     2     2
  1.8634995163266097E-01 a      1023     1     1     2     3
 -6.5856448537258394E-01 a      1024     1     1     2     4
  6.4286038602828466E-01 a      1025     1     1     2     5
 -2.4557671044344440E-01 a      1026     1     1     2     6
  1.9447039820176701E-01 a      1027     1     1     2     7
  2.4648901158329428E-01 a      1028     1     1     2     8
  4.4675279379680760E-01 a      1029     1     1     2     9
 -5.3158475550399376E-01 a      1030     1     1     2    10
  1.7112778774343493E-01 a      1031     1     1     2    11
 -3.1335082515131446E-01 a      1032     1     1     2    12
 -5.8663844191431991E-01 a      1033     1     1     2    13
 -6.1914980783152052E-01 a      1034     1     1     2    14
  5.2100830399373917E-02 a      1035     1     1     2    15
  7.9347340430289112E-02 a      1036     1     1     2    16
  4.9582777709986092E-01 a      1037     1     1     2    17
 -1.6188244942145830E-01 a      1038     1     1     2    18
 -8.0759618517022083E-02 a      1039     1     1     2    19
 -4.5419000555500744E-01 a      1040     1     1     2    20
 -3.1184355078320192E-01 a      1041     1     2     2     1
 -8.0216078557158965E-01 a      1042     1     2     2     2
  5.6183910336602549E-01 a      1043     1     2     2     3
 -7.8503474259413050E-02 a      1044     1     2     2     4
 -1.6038059197979782E-01 a      1045     1     2     2     5
  4.7682958612281262E-01 a      1046     1     2     2     6
 -4.8093960736197666E-01 a      1047     1     2     2     7
  1.5059948238495674E-01 a      1048     1     2     2     8
 -1.8006099042753237E-01 a      1049     1     2     2     9
  3.9892075197067800E-01 a      1050     1     2     2    10
 -2.4897303965590305E-02 a      1051     1     2     2    11
 -5.4821913659065646E-01 a      1052     1     2     2    12
  5.1471060638771576E-02 a      1053     1     2     2    13
  1.5361950814463393E-01 a      1054     1     2     2    14
 -2.4404607676397602E-01 a      1055     1     2     2    15
  3.8613578244647323E-01 a      1056     1     2     2    16
 -6.7111965644432239E-02 a      1057     1     2     2    17
  4.1414225370040403E-01 a      1058     1     2     2    18
 -3.9649473099046512E-01 a      1059     1     2     2    19
  2.2194362114038202E-01 a      1060     1     2     2    20
 -2.1375427281149567E-01 a      1061     1     3     2     1
 -3.3179837727460121E-01 a      1062     1     3     2     2
 -3.3550320638518660E-01 a      1063     1     3     2     3
 -4.9794504314718008E-01 a      1064     1     3     2     4
  3.7539714751492015E-01 a      1065     1     3     2     5
  3.8201219517061391E-01 a      1066     1     3     2     6
  8.7902875148294091E-02 a      1067     1     3     2     7
  1.3672540886001255E-01 a      1068     1     3     2     8
  1.9842458319119657E-01 a      1069     1     3     2     9
  1.5776119681007067E-01 a      1070     1     3     2    10
 -4.1505936444597158E-01 a      1071     1     3     2    11
  1.0993189621635997E-02 a      1072     1     3     2    12
  3.8311180777865822E-01 a      1073     1     3     2    13
  6.3916256602223331E-01 a      1074     1     3     2    14
 -9.8732487358979076E-02 a      1075     1     3     2    15
 -4.5672488911561715E-01 a      1076     1     3     2    16
  6.8309414922128497E-02 a      1077     1     3     2    17
 -2.8863933593059371E-01 a      1078     1     3     2    18
  4.5551609933286726E-02 a      1079     1     3     2    19
 -5.2054334133726701E-03 a      1080     1     3     2    20
  4.5712758283265559E-01 a      1081     1     4     2     1
 -2.5672923861460674E-02 a      1082     1     4     2     2
 -3.1713499428065517E-01 a      1083     1     4     2     3
  3.2538395561419065E-01 a      1084     1     4     2     4
  3.1712228804941134E-01 a      1085     1     4     2     5
  5.5828942293338268E-01 a      1086     1     4     2     6
 -3.7252658671885604E-02 a      1087     1     4     2     7
 -3.3758876486168005E-01 a      1088     1     4     2     8
  4.5819289424435666E-01 a      1089     1     4     2     9
  6.2102980717733780E-01 a      1090     1     4     2    10
 -3.2852034465449598E-02 a      1091     1     4     2    11
  1.1429077641893211E-01 a      1092     1     4     2    12
  2.5985617511894504E-01 a      1093     1     4     2    13
 -2.4443251882633926E-01 a      1094     1     4     2    14
 -1.4802433786396232E-01 a      1095     1     4     2    15
 -2.5729840752876543E-01 a      1096     1     4     2    16
 -4.3521926715002957E-01 a      1097     1     4     2    17
 -4.5293420128842410E-01 a      1098     1     4     2    18
 -2.9121571466484969E-01 a      1099     1     4     2    19
 -2.0395901532175015E-01 a      1100     1     4     2    20
 -5.4121523154242701E-01 a      1101     1     5     2     1
 -5.0791406527540750E-01 a      1102     1     5     2     2
 -5.1717544248546223E-02 a      1103     1     5     2     3
 -5.0957548891445192E-01 a      1104     1     5     2     4
  1.6762957893364686E-01 a      1105     1     5     2     5
  6.0400438980135737E-02 a      1106     1     5     2     6
 -1.9928954497485951E-01 a      1107     1     5     2     7
  5.9512787567378556E-01 a      1108     1     5     2     8
 -1.5152655006800231E-01 a      1109     1     5     2     9
  1.5651954384096448E-01 a      1110     1     5     2    10
  4.2625969270252995E-01 a      1111     1     5     2    11
 -4.6378419633824280E-01 a      1112     1     5     2    12
 -1.0655317180289671E-01 a      1113     1     5     2    13
  3.1661898481162470E-01 a      1114     1     5     2    14
  4.5822596769601104E-01 a      1115     1     5     2    15
  2.2699373379405915E-01 a      1116     1     5     2    16
 -3.9159253407779487E-01 a      1117     1     5     2    17
  2.3799952543967406E-01 a      1118     1     5     2    18
  4.2573115928286942E-01 a      1119     1     5     2    19
 -3.3940882571486591E-01 a      1120     1     5     2    20
 -5.3117214200817491E-02 a      1121     1     6     2     1
 -2.5865544626516135E-01 a      1122     1     6     2     2
 -2.2212261101886208E-01 a      1123     1     6     2     3
 -1.8169581546675606E-01 a      1124     1     6     2     4
  3.8492327477425625E-01 a      1125     1     6     2     5
 -3.4391374145385928E-01 a      1126     1     6     2     6
  5.1144615954495032E-01 a      1127     1     6     2     7
  8.0606165640493610E-02 a      1128     1     6     2     8
  3.6388181060059482E-01 a      1129     1     6     2     9
 -2.4482112489082677E-02 a      1130     1     6     2    10
  5.1482140221129358E-01 a      1131     1     6     2    11
  3.0361604399629183E-01 a      1132     1     6     2    12
 -3.9230769922471098E-01 a      1133     1     6     2    13
  4.8890445139568828E-01 a      1134     1     6     2    14
 -3.0198432140621784E-01 a      1135     1     6     2    15
 -3.2159575122904904E-01 a      1136     1     6     2    16
 -3.3517107045738270E-01 a      1137     1     6     2    17
 -9.6680751867609646E-02 a      1138     1     6     2    18
 -5.8420954135401759E-01 a      1139     1     6     2    19
 -4.6905525724718250E-01 a      1140     1     6     2    20
 -1.3664806354806522E-01 a      1141     1     7     2     1
 -1.2920208412474127E-01 a      1142     1     7     2     2
  3.8954498259047876E-01 a      1143     1     7     2     3
  3.6699771252847091E-01 a      1144     1     7     2     4
  2.9985837063914594E-01 a      1145     1     7     2     5
  5.2254154492584737E-01 a      1146     1     7     2     6
 -1.9318611000296576E-01 a      1147     1     7     2     7
 -2.9539652983830006E-01 a      1148     1     7     2     8
  4.8940791875267203E-01 a      1149     1     7     2     9
  9.7581652181523898E-02 a      1150     1     7     2    10
  2.3516194718689262E-01 a      1151     1     7     2    11
  1.2609315106232916E-01 a      1152     1     7     2    12
 -8.5110895299661274E-02 a      1153     1     7     2    13
  8.3946465269004830E-02 a      1154     1     7     2    14
  7.3568658797444481E-02 a      1155     1     7     2    15
  4.6139014250080723E-01 a      1156     1     7     2    16
 -4.2986290910258262E-01 a      1157     1     7     2    17
 -5.5644320289276239E-01 a      1158     1     7     2    18
 -1.3026716443475245E-01 a      1159     1     7     2    19
 -1.8195121024876795E-03 a      1160     1     7     2    20
  4.9009395206058554E-01 a      1161     1     8     2     1
  3.3583213570417114E-01 a      1162     1     8     2     2
 -5.3309619504052785E-01 a      1163     1     8     2     3
  2.6733006691382050E-01 a      1164     1     8     2     4
 -2.2698957474816223E-01 a      1165     1     8     2     5
 -4.9206203908462720E-01 a      1166     1     8     2     6
 -6.4444108715278767E-02 a      1167     1     8     2     7
 -3.1174651439382506E-01 a      1168     1     8     2     8
  6.1547898772012521E-01 a      1169     1     8     2     9
  4.0245190604102909E-01 a      1170     1     8     2    10
  6.3029090219162837E-02 a      1171     1     8     2    11
 -1.6069255823383446E-01 a      1172     1     8     2    12
  1.4278117587911560E-01 a      1173     1     8     2    13
  6.0266781243049439E-01 a      1174     1     8     2    14
 -2.8308830560106513E-01 a      1175     1     8     2    15
 -4.5255770728266120E-01 a      1176     1     8     2    16
  7.8320806390254669E-02 a      1177     1     8     2    17
 -5.9671402572215093E-01 a      1178     1     8     2    18
 -4.6616448800400612E-01 a      1179     1     8     2    19
  3.9542745667098173E-01 a      1180     1     8     2    20
  2.7987680686626115E-01 a      1181     1     9     2     1
 -3.0722240143952556E-01 a      1182     1     9     2     2
 -4.8982983763497384E-01 a      1183     1     9     2     3
 -1.1287107698748603E-02 a      1184     1     9     2     4
 -1.6242055791125773E-01 a      1185     1     9     2     5
 -3.7952945188864362E-01 a      1186     1     9     2     6
  4.1071928820075548E-01 a      1187     1     9     2     7
  4.7365017551166255E-01 a      1188     1     9     2     8
 -6.9555096133558869E-01 a      1189     1     9     2     9
  3.0217039436385484E-01 a      1190     1     9     2    10
  6.0663623009659395E-01 a      1191     1     9     2    11
 -9.3721531524330187E-03 a      1192     1     9     2    12
  8.1454991301318969E-01 a      1193     1     9     2    13
  7.6518776438114688E-01 a      1194     1     9     2    14
 -3.7056981644008774E-01 a      1195     1     9     2    15
 -3.2041398785618685E-01 a      1196     1     9     2    16
  1.7576492530849508E-01 a      1197     1     9     2    17
  1.3598209045978310E-01 a      1198     1     9     2    18
  2.8553465263104488E-01 a      1199     1     9     2    19
  2.0070453876206484E-01 a      1200     1     9     2    20
  2.0055763175460479E-03 a      1201     1    10     2     1
 -7.5196083422965843E-01 a      1202     1    10     2     2
 -4.8109247747218163E-02 a      1203     1    10     2     3
  1.3741153403053105E-01 a      1204     1    10     2     4
  5.7183092014626447E-01 a      1205     1    10     2     5
 -4.2090822879514883E-01 a      1206     1    10     2     6
 -6.5522215852689636E-01 a      1207     1    10     2     7
 -2.5383540390719977E-01 a      1208     1    10     2     8
 -3.4783411687523791E-01 a      1209     1    10     2     9
  2.5121145974573744E-01 a      1210     1    10     2    10
 -3.9624703205910417E-01 a      1211     1    10     2    11
 -4.5032348857717791E-01 a      1212     1    10     2    12
 -2.7869072848475557E-01 a      1213     1    10     2    13
  2.9089153021496017E-01 a      1214     1    10     2    14
  5.9641931939459258E-01 a      1215     1    10     2    15
  3.3661555599046916E-01 a      1216     1    10     2    16
  2.1386268124927610E-02 a      1217     1    10     2    17
 -1.2256733596428233E-01 a      1218     1    10     2    18
 -5.2735556998358253E-02 a      1219     1    10     2    19
  1.5101721290840189E-01 a      1220     1    10     2    20
  7.2075411633118336E-01 a      1221     1    11     2     1
  1.5112842241804347E-01 a      1222     1    11     2     2
 -6.9625895502149915E-01 a      1223     1    11     2     3
  5.8961005416804613E-01 a      1224     1    11     2     4
 -1.9617467539335021E-02 a      1225     1    11     2     5
 -3.6943259920768669E-02 a      1226     1    11     2     6
  4.6812439692165192E-01 a      1227     1    11     2     7
  5.3878398707215136E-01 a      1228     1    11     2     8
  2.0309193424189039E-03 a      1229     1    11     2     9
 -1.1907258689581350E-01 a      1230     1    11     2    10
 -1.3438074145076617E-01 a      1231     1    11     2    11
  1.0975119541166738E-01 a      1232     1    11     2    12
  3.1078339232071250E-01 a      1233     1    11     2    13
 -5.4182955999612614E-01 a      1234     1    11     2    14
 -6.4262840547084543E-01 a      1235     1    11     2    15
 -6.5009003924360792E-02 a      1236     1    11     2    16
  2.0735966525304361E-01 a      1237     1    11     2    17
  3.7479223859135946E-01 a      1238     1    11     2    18
 -3.4591945381836714E-01 a      1239     1    11     2    19
  1.5885008740033044E-01 a      1240     1    11     2    20
  6.2006757461362583E-01 a      1241     1    12     2     1
  2.4274522153133901E-01 a      1242     1    12     2     2
  4.9833834797326149E-01 a      1243     1    12     2     3
 -3.4003298881045424E-01 a      1244     1    12     2     4
 -4.0697864656230043E-01 a      1245     1    12     2     5
  2.8428607147673363E-01 a      1246     1    12     2     6
  2.3280170419608295E-01 a      1247     1    12     2     7
  1.4573349123375534E-01 a      1248     1    12     2     8
 -2.5510281534464502E-01 a      1249     1    12     2     9
  4.6392028565926302E-01 a      1250     1    12     2    10
  1.5221147385317066E-01 a      1251     1    12     2    11
 -5.9056917141310050E-01 a      1252     1    12     2    12
  1.2454345570324393E-01 a      1253     1    12     2    13
  2.5214530675290447E-02 a      1254     1    12     2    14
  6.1573427421275373E-01 a      1255     1    12     2    15
  6.1033562161392874E-01 a      1256     1    12     2    16
 -4.8318295207363693E-01 a      1257     1    12     2    17
  5.8813860840510594E-02 a      1258     1    12     2    18
  4.2696711885859967E-01 a      1259     1    12     2    19
 -1.9936494876249714E-01 a      1260     1    12     2    20
 -1.5212348562282285E-01 a      1261     1    13     2     1
 -1.2961974633036533E-01 a      1262     1    13     2     2
 -1.2999595893907759E-01 a      1263     1    13     2     3
  6.4607921968322757E-01 a      1264     1    13     2     4
  3.6829380985634086E-01 a      1265     1    13     2     5
 -2.6391626740132329E-01 a      1266     1    13     2     6
  4.2395587739621154E-01 a      1267     1    13     2     7
 -2.6973097840775467E-01 a      1268     1    13     2     8
  4.3711914506483013E-01 a      1269     1    13     2     9
  1.8566094062401289E-01 a      1270     1    13     2    10
 -3.2475425681051651E-01 a      1271     1    13     2    11
  5.0765126064705908E-03 a      1272     1    13     2    12
  7.3116470891965338E-02 a      1273     1    13     2    13
  2.6346389287098627E-02 a      1274     1    13     2    14
 -3.3054273450624927E-01 a      1275     1    13     2    15
  3.2451569314212347E-01 a      1276     1    13     2    16
 -1.5244112989727587E-01 a      1277     1    13     2    17
  5.1690309445665261E-01 a      1278     1    13     2    18
 -2.9446239161349963E-01 a      1279     1    13     2    19
 -9.0015819738578395E-01 a      1280     1    13     2    20
 -5.2587894276247560E-01 a      1281     1    14     2     1
 -1.8436685867593619E-01 a      1282     1    14     2     2
 -1.1242583931371361E-01 a      1283     1    14     2     3
  4.2454508797727164E-01 a      1284     1    14     2     4
  2.0708475041701349E-01 a      1285     1    14     2     5
 -4.2672321950551251E-01 a      1286     1    14     2     6
  2.7922874152913230E-01 a      1287     1    14     2     7
  6.1923943618836338E-02 a      1288     1    14     2     8
 -6.0746734648166623E-01 a      1289     1    14     2     9
  2.3906193218349341E-02 a      1290     1    14     2    10
 -6.4081758090155005E-01 a      1291     1    14     2    11
  4.3850488843421070E-01 a      1292     1    14     2    12
  5.8186661384846683E-01 a      1293     1    14     2    13
 -3.5447189674120388E-01 a      1294     1    14     2    14
 -1.3967319052369753E-01 a      1295     1    14     2    15
 -3.9573752691790326E-01 a      1296     1    14     2    16
  7.5392775627263842E-01 a      1297     1    14     2    17
  4.3822647441717144E-01 a      1298     1    14     2    18
  6.6259144529446064E-03 a      1299     1    14     2    19
  1.8260224992525312E-01 a      1300     1    14     2    20
 -3.3950859806516487E-01 a      1301     1    15     2     1
  3.6858415528682537E-01 a      1302     1    15     2     2
  4.5731957033888637E-01 a      1303     1    15     2     3
 -2.9172805535990132E-01 a      1304     1    15     2     4
  3.4351718408296300E-01 a      1305     1    15     2     5
  8.7918156178224682E-02 a      1306     1    15     2     6
 -1.0481287901005280E-01 a      1307     1    15     2     7
 -1.1646954858913060E-01 a      1308     1    15     2     8
 -6.5591622128432514E-01 a      1309     1    15     2     9
  1.8541853569112610E-01 a      1310     1    15     2    10
  1.1186810312618745E-01 a      1311     1    15     2    11
 -8.6039893372418866E-02 a      1312     1    15     2    12
 -8.1388388340747886E-01 a      1313     1    15     2    13
  3.1995790409943314E-01 a      1314     1    15     2    14
  4.5296300247373233E-01 a      1315     1    15     2    15
 -2.5565532432811539E-01 a      1316     1    15     2    16
 -1.0575528437166751E-01 a      1317     1    15     2    17
 -9.9902504365096123E-02 a      1318     1    15     2    18
 -3.8192298964001725E-01 a      1319     1    15     2    19
 -4.2288316724435372E-02 a      1320     1    15     2    20
  1.9658375670240377E-01 a      1321     1    16     2     1
 -5.9694814456494283E-01 a      1322     1    16     2     2
 -3.4646059479060853E-01 a      1323     1    16     2     3
 -6.1597751889051833E-01 a      1324     1    16     2     4
  1.1080935737787224E-01 a      1325     1    16     2     5
  2.6479755560086599E-01 a      1326     1    16     2     6
 -9.2379781447183548E-02 a      1327     1    16     2     7
  2.0672858825240742E-01 a      1328     1    16     2     8
  1.1065205051823065E-01 a      1329     1    16     2     9
  4.4551258623726586E-01 a      1330     1    16     2    10
 -4.2693583342100833E-01 a      1331     1    16     2    11
 -4.9330249179235802E-01 a      1332     1    16     2    12
  5.7924785568113113E-01 a      1333     1    16     2    13
 -6.9550416661705428E-01 a      1334     1    16     2    14
  1.5434117256821106E-01 a      1335     1    16     2    15
  3.4434582374939021E-01 a      1336     1    16     2    16
 -2.7681068203351731E-02 a      1337     1    16     2    17
 -4.5095115425814902E-01 a      1338     1    16     2    18
  4.3921038243265764E-01 a      1339     1    16     2    19
 -3.4398807313126900E-01 a      1340     1    16     2    20
 -1.5820034509531924E-01 a      1341     1    17     2     1
 -1.6881056988133480E-01 a      1342     1    17     2     2
  1.3468470712305865E-02 a      1343     1    17     2     3
  7.5411930124479898E-01 a      1344     1    17     2     4
 -5.1242050607740963E-01 a      1345     1    17     2     5
 -5.1385997539534933E-01 a      1346     1    17     2     6
  5.9005872987690340E-02 a      1347     1    17     2     7
 -6.1931265628758037E-01 a      1348     1    17     2     8
 -5.4857482877120178E-01 a      1349     1    17     2     9
  3.5670074696753379E-01 a      1350     1    17     2    10
  1.9428747288012227E-01 a      1351     1    17     2    11
  3.9256784170354442E-01 a      1352     1    17     2    12
 -2.8021766189362041E-01 a      1353     1    17     2    13
 -5.6253475161563515E-01 a      1354     1    17     2    14
 -3.0694751551911298E-01 a      1355     1    17     2    15
 -2.2292457801281315E-01 a      1356     1    17     2    16
  1.1778366873952210E-01 a      1357     1    17     2    17
  1.7095706716963052E-01 a      1358     1    17     2    18
 -6.7490190246019011E-01 a      1359     1    17     2    19
 -1.2976145548389392E-01 a      1360     1    17     2    20
  1.5926609455319967E-02 a      1361     1    18     2     1
  4.8646974790257347E-01 a      1362     1    18     2     2
  6.6852627698691069E-01 a      1363     1    18     2     3
  1.4693537949005647E-01 a      1364     1    18     2     4
 -5.5085058575998336E-01 a      1365     1    18     2     5
 -3.7318366744427361E-01 a      1366     1    18     2     6
 -1.0048230621044670E-01 a      1367     1    18     2     7
 -3.1752234064369972E-01 a      1368     1    18     2     8
 -2.0646535797791343E-01 a      1369     1    18     2     9
 -2.0235307432848523E-01 a      1370     1    18     2    10
  6.7136967783515566E-01 a      1371     1    18     2    11
  6.7579675516685445E-01 a      1372     1    18     2    12
 -1.5077056880209086E-01 a      1373     1    18     2    13
  1.4744899540573446E-02 a      1374     1    18     2    14
  6.4688781211044200E-01 a      1375     1    18     2    15
 -6.3915891372381195E-01 a      1376     1    18     2    16
 -1.5466971470430671E-01 a      1377     1    18     2    17
 -1.6787278198724445E-01 a      1378     1    18     2    18
 -3.6019636565634205E-01 a      1379     1    18     2    19
 -7.9742776300894724E-01 a      1380     1    18     2    20
  2.2070041942301474E-01 a      1381     1    19     2     1
  2.1038939477187327E-02 a      1382     1    19     2     2
  5.3638073976607940E-03 a      1383     1    19     2     3
 -6.8615055615397735E-01 a      1384     1    19     2     4
 -3.3695435522681833E-01 a      1385     1    19     2     5
  4.0331003201726995E-01 a      1386     1    19     2     6
 -4.9589096938855531E-01 a      1387     1    19     2     7
 -7.7969677050440600E-01 a      1388     1    19     2     8
 -6.9369060574799013E-01 a      1389     1    19     2     9
  8.6014883189152247E-01 a      1390     1    19     2    10
  9.2619067125492238E-01 a      1391     1    19     2    11
 -3.2805857489228391E-01 a      1392     1    19     2    12
 -6.6444788440227942E-01 a      1393     1    19     2    13
 -6.7756156913582222E-01 a      1394     1    19     2    14
  1.5786197357883527E-01 a      1395     1    19     2    15
 -3.2896296920275381E-01 a      1396     1    19     2    16
  7.1158391286704692E-01 a      1397     1    19     2    17
 -1.8404153064545486E-02 a      1398     1    19     2    18
  4.5055312649810067E-02 a      1399     1    19     2    19
  6.3930716245231778E-01 a      1400     1    19     2    20
 -1.7817138636769803E-02 a      1401     1    20     2     1
  4.7121355630976591E-01 a      1402     1    20     2     2
 -5.8870925862282952E-01 a      1403     1    20     2     3
 -6.0893569609386189E-01 a      1404     1    20     2     4
 -8.6851307179527451E-02 a      1405     1    20     2     5
  7.1310725968362257E-02 a      1406     1    20     2     6
  5.4597222624787167E-01 a      1407     1    20     2     7
 -1.3088068841006734E-01 a      1408     1    20     2     8
 -4.1060764961049756E-01 a      1409     1    20     2     9
  2.7657016303057275E-01 a      1410     1    20     2    10
 -1.8160446070051967E-01 a      1411     1    20     2    11
 -4.2690987919850443E-01 a      1412     1    20     2    12
  7.7548517783474297E-02 a      1413     1    20     2    13
  5.4675074053257211E-01 a      1414     1    20     2    14
 -4.0923271649515630E-01 a      1415     1    20     2    15
  3.0800585846225914E-01 a      1416     1    20     2    16
 -1.5272431471620220E-02 a      1417     1    20     2    17
 -5.0563237347318379E-01 a      1418     1    20     2    18
 -3.0070103342840077E-01 a      1419     1    20     2    19
 -5.3163629087175768E-01 a      1420     1    20     2    20
 -1.5390319323834645E+00 b      1421     2     1
  7.7652702857231873E-02 b      1422     2     2
 -1.3015101666502698E+00 b      1423     2     3
  8.3837132023279859E-01 b      1424     2     4
 -1.4743581364047649E+00 b      1425     2     5
  9.1032977419496852E-01 b      1426     2     6
  4.0630619359725534E-01 b      1427     2     7
 -1.5253211530195907E+00 b      1428     2     8
  1.1424936560562826E+00 b      1429     2     9
  7.2577842340176768E-01 b      1430     2    10
  6.2096564572922142E-01 b      1431     2    11
 -2.4615306387023464E-01 b      1432     2    12
  9.0070938539722178E-01 b      1433     2    13
  3.2514356058186911E-01 b      1434     2    14
 -9.2472568808020661E-01 b      1435     2    15
 -2.4006005821896537E-02 b      1436     2    16
 -9.6952715350583396E-01 b      1437     2    17
  1.6053461416125958E+00 b      1438     2    18
 -1.4712921331418034E+00 b      1439     2    19
 -6.1985846687748147E-01 b      1440     2    20
 -1.2937819710351375E-01 a      1441     2     1     3     1
  1.1002107667460552E+00 a      1442     2     2     3     1
 -5.9969074327360028E-01 a      1443     2     3     3     1
  1.2156666805423751E-01 a      1444     2     4     3     1
 -3.0283949200787980E-01 a      1445     2     5     3     1
 -1.4375435707464271E-01 a      1446     2     6     3     1
  7.3442877723911559E-01 a      1447     2     7     3     1
  9.3595886510217430E-01 a      1448     2     8     3     1
  3.2029668675380074E-03 a      1449     2     9     3     1
 -1.1126281602935253E+00 a      1450     2    10     3     1
 -6.7790071774362703E-01 a      1451     2    11     3     1
  1.2736628358762567E+00 a      1452     2    12     3     1
  5.5478645854495655E-02 a      1453     2    13     3     1
 -1.1828430150402699E-03 a      1454     2    14     3     1
  8.3552486005876214E-01 a      1455     2    15     3     1
 -5.1762674642302019E-02 a      1456     2    16     3     1
 -5.5832451379790225E-02 a      1457     2    17     3     1
 -8.1672515651562583E-01 a      1458     2    18     3     1
 -8.9811022672126845E-02 a      1459     2    19     3     1
 -6.2863189940534436E-01 a      1460     2    20     3     1
  6.4043396257605889E-01 b      1461     3     1
