################################################################################
# Neural network connection values (weights and biases).
################################################################################
# Col  Name       Description
################################################################################
# 1    connection Neural network connection value.
# 2    t          Connection type (a = weight, b = bias).
# 3    index      Index enumerating weights.
# 4    l_s        Starting point layer (end point layer for biases).
# 5    n_s        Starting point neuron in starting layer (end point neuron for biases).
# 6    l_e        End point layer.
# 7    n_e        End point neuron in end layer.
################################################################################
#                      1 2         3     4     5     6     7
#             connection t     index   l_s   n_s   l_e   n_e
############################################################
  1.1542826791404873E-01 a         1     0     1     1     1
 -1.7032902719487538E-02 a         2     0     1     1     2
 -3.5249652771790246E-01 a         3     0     1     1     3
 -5.2267818711915492E-02 a         4     0     1     1     4
  7.0502881630836678E-02 a         5     0     1     1     5
 -8.9455867122489513E-02 a         6     0     1     1     6
  1.7437538786568732E-01 a         7     0     1     1     7
  3.2120668887092901E-01 a         8     0     1     1     8
  9.9860141377184408E-02 a         9     0     1     1     9
 -1.7640664706199854E-01 a        10     0     1     1    10
  2.2531469039559524E-01 a        11     0     1     1    11
 -1.0960296280267338E-01 a        12     0     1     1    12
  9.7983730981298117E-02 a        13     0     1     1    13
 -2.0023809848436799E-01 a        14     0     1     1    14
 -1.3556546181144977E-01 a        15     0     1     1    15
  7.9836437609923372E-02 a        16     0     1     1    16
 -2.8304613294131237E-01 a        17     0     1     1    17
  2.1391131034698752E-01 a        18     0     1     1    18
 -3.2915121037534162E-01 a        19     0     1     1    19
  6.6549357677181342E-02 a        20     0     1     1    20
 -3.6044141262863733E-01 a        21     0     2     1     1
  2.2685134854750189E-01 a        22     0     2     1     2
 -1.9843191352596316E-02 a        23     0     2     1     3
  9.9676191335007311E-02 a        24     0     2     1     4
 -9.3095088672951645E-02 a        25     0     2     1     5
 -1.0834981547395392E-01 a        26     0     2     1     6
 -4.2643063608586085E-01 a        27     0     2     1     7
  8.5896621820709881E-02 a        28     0     2     1     8
 -6.6090334991756497E-02 a        29     0     2     1     9
  6.8065249840266365E-02 a        30     0     2     1    10
 -3.4713506607747241E-01 a        31     0     2     1    11
  2.0624690114742850E-01 a        32     0     2     1    12
  8.4605815301870446E-02 a        33     0     2     1    13
  1.5343227442934085E-01 a        34     0     2     1    14
 -3.5636859969616275E-01 a        35     0     2     1    15
  3.2325949489409517E-01 a        36     0     2     1    16
  2.4099512373121532E-01 a        37     0     2     1    17
 -4.4504082610392792E-02 a        38     0     2     1    18
  2.5784084260770795E-01 a        39     0     2     1    19
  2.3296827257164957E-01 a        40     0     2     1    20
 -5.8815753339527536E-02 a        41     0     3     1     1
 -1.9785085441850023E-01 a        42     0     3     1     2
  1.8842034732760690E-01 a        43     0     3     1     3
 -1.2274433575943479E-01 a        44     0     3     1     4
 -1.8639043718933326E-01 a        45     0     3     1     5
  2.7574214351170856E-01 a        46     0     3     1     6
 -1.2132492045835630E-01 a        47     0     3     1     7
 -2.0124864931782921E-02 a        48     0     3     1     8
  9.2328523881451949E-02 a        49     0     3     1     9
 -1.0415074627374026E-01 a        50     0     3     1    10
 -2.4396180205070681E-01 a        51     0     3     1    11
  1.3757592344630920E-01 a        52     0     3     1    12
 -6.8613669690271065E-02 a        53     0     3     1    13
  3.5503224921976873E-01 a        54     0     3     1    14
  8.7801976086607281E-02 a        55     0     3     1    15
 -1.2270577571274491E-01 a        56     0     3     1    16
  7.1017983755683869E-02 a        57     0     3     1    17
  4.1078947212814285E-02 a        58     0     3     1    18
  3.6520592043255980E-02 a        59     0     3     1    19
  1.1455300702192292E-01 a        60     0     3     1    20
 -4.3404742507145194E-01 a        61     0     4     1     1
 -4.3110692066075729E-01 a        62     0     4     1     2
  1.5081057866799916E-01 a        63     0     4     1     3
 -1.0540198077067879E-01 a        64     0     4     1     4
 -5.1543128512032133E-01 a        65     0     4     1     5
 -1.4479624345576512E-02 a        66     0     4     1     6
  3.8351257783831993E-01 a        67     0     4     1     7
 -1.9094052374240120E-01 a        68     0     4     1     8
  3.1145506316316494E-02 a        69     0     4     1     9
  4.2146059006720471E-01 a        70     0     4     1    10
  6.2245417597087338E-01 a        71     0     4     1    11
 -1.0551786981813485E-01 a        72     0     4     1    12
 -5.9135598634514459E-02 a        73     0     4     1    13
 -4.9165950842860107E-01 a        74     0     4     1    14
  2.3935794207843106E-01 a        75     0     4     1    15
  1.8036807218111472E-01 a        76     0     4     1    16
 -8.0068727132183926E-01 a        77     0     4     1    17
  2.8772575867923422E-01 a        78     0     4     1    18
 -3.4061948347960884E-02 a        79     0     4     1    19
  5.2942011835093417E-01 a        80     0     4     1    20
  1.2937325972505159E-01 a        81     0     5     1     1
  1.9728399732183471E-01 a        82     0     5     1     2
  4.9834889846022706E-01 a        83     0     5     1     3
 -3.1069709276516022E-01 a        84     0     5     1     4
 -3.7615536992607940E-01 a        85     0     5     1     5
  5.8316324064833414E-01 a        86     0     5     1     6
  3.7771154059837786E-01 a        87     0     5     1     7
  2.0060807070212608E-01 a        88     0     5     1     8
  2.1219155687173627E-01 a        89     0     5     1     9
 -4.1037535091922109E-02 a        90     0     5     1    10
  2.4776662574881367E-01 a        91     0     5     1    11
  1.1567504126274417E-01 a        92     0     5     1    12
 -4.8426984584689559E-01 a        93     0     5     1    13
  7.5440367034570910E-02 a        94     0     5     1    14
  3.8694651405354419E-01 a        95     0     5     1    15
 -5.0538881735811647E-01 a        96     0     5     1    16
 -1.2786549346306342E-01 a        97     0     5     1    17
  2.9267289298896204E-01 a        98     0     5     1    18
 -1.3367916686155720E-01 a        99     0     5     1    19
 -1.3883172986880679E-01 a       100     0     5     1    20
  1.5508976451807863E-01 a       101     0     6     1     1
 -1.5938099324725469E-01 a       102     0     6     1     2
 -1.1843755279197728E-01 a       103     0     6     1     3
 -3.5999315404534094E-01 a       104     0     6     1     4
 -1.4702048551644883E-01 a       105     0     6     1     5
 -2.5068350723838562E-01 a       106     0     6     1     6
  1.5489781284880103E-01 a       107     0     6     1     7
  2.3433208609901160E-01 a       108     0     6     1     8
 -3.3316117692501412E-01 a       109     0     6     1     9
 -1.1125573942614334E-01 a       110     0     6     1    10
 -2.1577285285822742E-01 a       111     0     6     1    11
 -3.9877284719063814E-03 a       112     0     6     1    12
  2.8440832886033551E-01 a       113     0     6     1    13
 -2.6705422957014509E-03 a       114     0     6     1    14
  1.4087387491300460E-01 a       115     0     6     1    15
 -1.1592192281516468E-03 a       116     0     6     1    16
  2.5996960589000595E-01 a       117     0     6     1    17
  1.0930912152681266E-01 a       118     0     6     1    18
  3.0683757026653352E-01 a       119     0     6     1    19
  2.0759223961059031E-01 a       120     0     6     1    20
  6.7156619007944607E-01 a       121     0     7     1     1
  6.4055576088307020E-01 a       122     0     7     1     2
 -9.2811476042274077E-02 a       123     0     7     1     3
  3.3442797882127651E-01 a       124     0     7     1     4
  6.4845802886032222E-01 a       125     0     7     1     5
  3.1632095839159874E-01 a       126     0     7     1     6
 -9.7170991068856949E-01 a       127     0     7     1     7
 -3.2189746458114876E-01 a       128     0     7     1     8
  2.3312873323219087E-03 a       129     0     7     1     9
 -5.8765189520768302E-01 a       130     0     7     1    10
 -2.9401198380821603E-01 a       131     0     7     1    11
  4.4717475559263736E-01 a       132     0     7     1    12
  5.3463866354342214E-02 a       133     0     7     1    13
 -2.1032232984147065E-01 a       134     0     7     1    14
 -4.8875273562057708E-01 a       135     0     7     1    15
 -3.1160389587353110E-01 a       136     0     7     1    16
  3.9769539090502209E-01 a       137     0     7     1    17
 -4.5035958466264975E-01 a       138     0     7     1    18
  3.2450287857940036E-01 a       139     0     7     1    19
 -2.0602902245326268E-01 a       140     0     7     1    20
 -2.7348024851444014E-01 a       141     0     8     1     1
 -8.6227217622788413E-02 a       142     0     8     1     2
 -9.6014479161267471E-02 a       143     0     8     1     3
  2.4970992670960410E-01 a       144     0     8     1     4
 -7.0036048246570212E-02 a       145     0     8     1     5
 -1.5413856486622002E-01 a       146     0     8     1     6
 -1.6334974305293118E-01 a       147     0     8     1     7
  5.9935278833856326E-02 a       148     0     8     1     8
  1.2054683269276618E-01 a       149     0     8     1     9
  1.9375362894887471E-01 a       150     0     8     1    10
 -1.2379728370152498E-01 a       151     0     8     1    11
  1.2792710833018303E-01 a       152     0     8     1    12
  2.1444661220648875E-01 a       153     0     8     1    13
  9.0346633416397995E-02 a       154     0     8     1    14
  5.4838880367985149E-02 a       155     0     8     1    15
  2.4216684434391272E-01 a       156     0     8     1    16
  1.5349830402182901E-01 a       157     0     8     1    17
 -1.9712036207824571E-01 a       158     0     8     1    18
  1.6041578808256654E-01 a       159     0     8     1    19
  6.4046161481856725E-02 a       160     0     8     1    20
 -3.2103884919842229E-02 a       161     0     9     1     1
 -5.5626420081656101E-02 a       162     0     9     1     2
 -2.2576397844224705E-01 a       163     0     9     1     3
  4.3099611446458858E-01 a       164     0     9     1     4
  4.4106889004119590E-02 a       165     0     9     1     5
 -1.1370745835683788E-01 a       166     0     9     1     6
 -2.3623553565101825E-02 a       167     0     9     1     7
 -3.0427508388843022E-01 a       168     0     9     1     8
 -4.9426859950985663E-01 a       169     0     9     1     9
 -2.9064152222737913E-03 a       170     0     9     1    10
  9.9934340890647247E-02 a       171     0     9     1    11
  9.2574414114312220E-02 a       172     0     9     1    12
 -1.9462969734866992E-01 a       173     0     9     1    13
  3.4368236628142368E-01 a       174     0     9     1    14
  9.5406049380821881E-02 a       175     0     9     1    15
  1.3224506497034291E-01 a       176     0     9     1    16
 -2.0871846668650412E-01 a       177     0     9     1    17
 -1.3819958746021266E-01 a       178     0     9     1    18
  5.4522394424802244E-02 a       179     0     9     1    19
  7.5516604328852113E-02 a       180     0     9     1    20
 -5.0755584687403843E-01 a       181     0    10     1     1
 -5.2527047590934028E-01 a       182     0    10     1     2
 -4.5802127372198818E-02 a       183     0    10     1     3
 -5.2221414163251034E-01 a       184     0    10     1     4
 -1.6293186830743300E-01 a       185     0    10     1     5
 -2.3235380929973551E-01 a       186     0    10     1     6
  7.9337272835446182E-01 a       187     0    10     1     7
  2.4469940258188427E-01 a       188     0    10     1     8
 -2.4400680538802685E-01 a       189     0    10     1     9
  2.2019605223254748E-01 a       190     0    10     1    10
  2.9585099338773335E-01 a       191     0    10     1    11
 -5.7168206557107741E-02 a       192     0    10     1    12
  6.1813714235328041E-02 a       193     0    10     1    13
 -5.0588803897160688E-02 a       194     0    10     1    14
 -2.9316336624417710E-02 a       195     0    10     1    15
  9.6164317838873623E-02 a       196     0    10     1    16
 -5.1457540273991875E-01 a       197     0    10     1    17
  2.1975134536265489E-01 a       198     0    10     1    18
  6.4441445151609822E-02 a       199     0    10     1    19
  3.3460712610119840E-02 a       200     0    10     1    20
  1.8019113040009624E-01 a       201     0    11     1     1
  7.7511887696698631E-02 a       202     0    11     1     2
  3.0330112961024097E-01 a       203     0    11     1     3
 -6.7558693397675354E-02 a       204     0    11     1     4
 -3.9693709847603226E-01 a       205     0    11     1     5
  1.3113589964690514E-01 a       206     0    11     1     6
 -1.1249208356766006E-01 a       207     0    11     1     7
  2.1725582845892427E-01 a       208     0    11     1     8
  8.9272617415371514E-02 a       209     0    11     1     9
  1.9348144991094393E-01 a       210     0    11     1    10
  1.8467553427124217E-01 a       211     0    11     1    11
 -2.1943307929408393E-01 a       212     0    11     1    12
 -4.3937809417947643E-02 a       213     0    11     1    13
  7.8625789257580070E-02 a       214     0    11     1    14
 -1.6779239871771642E-02 a       215     0    11     1    15
 -1.7937460715583803E-01 a       216     0    11     1    16
 -5.8225734454165845E-02 a       217     0    11     1    17
  7.3260531037532356E-02 a       218     0    11     1    18
 -4.7421077134133897E-02 a       219     0    11     1    19
 -1.4220631221661459E-01 a       220     0    11     1    20
  1.3314953090398401E-01 a       221     0    12     1     1
 -2.9372285920863384E-01 a       222     0    12     1     2
 -3.8255607617921329E-02 a       223     0    12     1     3
 -1.0817916045060517E-01 a       224     0    12     1     4
  7.1772319773565255E-02 a       225     0    12     1     5
  2.2377713243234473E-01 a       226     0    12     1     6
 -2.3088156759726791E-01 a       227     0    12     1     7
  9.7213296979740502E-02 a       228     0    12     1     8
 -9.7462549333242138E-02 a       229     0    12     1     9
 -1.6468204982486426E-02 a       230     0    12     1    10
 -3.0009296318900353E-01 a       231     0    12     1    11
 -2.9646107203461997E-01 a       232     0    12     1    12
 -1.3344048400327285E-01 a       233     0    12     1    13
  6.7618457840882606E-02 a       234     0    12     1    14
  1.1435652601603360E-02 a       235     0    12     1    15
  2.3877246972799743E-01 a       236     0    12     1    16
  1.3667579930406204E-01 a       237     0    12     1    17
  2.8539676373402001E-01 a       238     0    12     1    18
 -2.8806036669797941E-01 a       239     0    12     1    19
 -1.8277453530670507E-01 a       240     0    12     1    20
  3.5896300350691174E-01 a       241     0    13     1     1
  1.3447775454524177E-01 a       242     0    13     1     2
 -1.4676632652008173E-01 a       243     0    13     1     3
  3.8715496964981089E-01 a       244     0    13     1     4
  4.5907196522696016E-02 a       245     0    13     1     5
  6.8990838074434666E-02 a       246     0    13     1     6
 -4.7895769256845311E-01 a       247     0    13     1     7
 -4.1276960814378744E-01 a       248     0    13     1     8
  3.4038169138341479E-01 a       249     0    13     1     9
  7.1101681067513273E-02 a       250     0    13     1    10
  4.4018304465201087E-02 a       251     0    13     1    11
 -1.6711120965152437E-01 a       252     0    13     1    12
  1.2310303230809940E-02 a       253     0    13     1    13
 -3.1550029688706099E-01 a       254     0    13     1    14
 -1.1695685982539701E-02 a       255     0    13     1    15
  5.9931473437180215E-02 a       256     0    13     1    16
 -1.7373392646229396E-01 a       257     0    13     1    17
 -7.4605096017081263E-02 a       258     0    13     1    18
 -8.3169473530300114E-03 a       259     0    13     1    19
  2.6737011536371186E-01 a       260     0    13     1    20
 -1.2147418901318993E-01 a       261     0    14     1     1
  1.8025330966263665E-02 a       262     0    14     1     2
 -1.4905207414737570E-01 a       263     0    14     1     3
 -1.7079259888862408E-01 a       264     0    14     1     4
 -8.5153004633157531E-02 a       265     0    14     1     5
  1.0674303492319968E-01 a       266     0    14     1     6
  5.7855261531830876E-02 a       267     0    14     1     7
  6.8967021701481016E-02 a       268     0    14     1     8
 -1.0490250133180193E-01 a       269     0    14     1     9
 -1.6709882856072472E-01 a       270     0    14     1    10
 -7.3515421250655758E-02 a       271     0    14     1    11
  1.1455096669652017E-01 a       272     0    14     1    12
 -2.8157178676592853E-03 a       273     0    14     1    13
  1.4666264879909011E-01 a       274     0    14     1    14
  9.8087837177869411E-02 a       275     0    14     1    15
  5.4661971847885092E-02 a       276     0    14     1    16
  1.9550763056799939E-01 a       277     0    14     1    17
  1.1423158278671740E-01 a       278     0    14     1    18
 -1.7537921570103990E-01 a       279     0    14     1    19
  1.5341164692745650E-02 a       280     0    14     1    20
  3.9447431012992216E-02 a       281     0    15     1     1
 -1.3996036165670103E-01 a       282     0    15     1     2
 -1.6782406680076159E-01 a       283     0    15     1     3
 -1.7006507369274407E-01 a       284     0    15     1     4
  1.5429314811111119E-01 a       285     0    15     1     5
 -2.9455866221221455E-01 a       286     0    15     1     6
 -4.1949775255668738E-03 a       287     0    15     1     7
  7.5948185688953868E-02 a       288     0    15     1     8
 -2.5056411372292703E-01 a       289     0    15     1     9
  6.0271853449600676E-02 a       290     0    15     1    10
  9.6263037808620042E-02 a       291     0    15     1    11
 -2.0727485402884516E-01 a       292     0    15     1    12
  1.7565912417454635E-01 a       293     0    15     1    13
  1.7122575563604542E-01 a       294     0    15     1    14
  2.5617707099826387E-02 a       295     0    15     1    15
  2.4667500888478300E-02 a       296     0    15     1    16
  3.9727117267867196E-04 a       297     0    15     1    17
  1.0729074551002774E-01 a       298     0    15     1    18
  4.4514974513759048E-02 a       299     0    15     1    19
  6.4676270108847050E-02 a       300     0    15     1    20
 -2.2861895352109263E-01 a       301     0    16     1     1
 -1.7712933041134579E-01 a       302     0    16     1     2
  1.7585805156970635E-01 a       303     0    16     1     3
 -1.2903049491063143E-01 a       304     0    16     1     4
  2.2574179573806716E-01 a       305     0    16     1     5
 -4.4916369694208119E-02 a       306     0    16     1     6
  2.2197297999665203E-01 a       307     0    16     1     7
  1.8375253422885790E-01 a       308     0    16     1     8
 -1.0436522231679725E-01 a       309     0    16     1     9
 -1.1648347147818350E-01 a       310     0    16     1    10
  3.5890673312506748E-02 a       311     0    16     1    11
  1.7669505275998981E-01 a       312     0    16     1    12
 -3.5853419577495681E-02 a       313     0    16     1    13
  5.6791096191702063E-02 a       314     0    16     1    14
 -1.6734806170263933E-01 a       315     0    16     1    15
 -2.2364030987893614E-02 a       316     0    16     1    16
  3.0830553155173017E-02 a       317     0    16     1    17
 -1.6264309267831953E-01 a       318     0    16     1    18
  1.1690733353751015E-02 a       319     0    16     1    19
 -2.8219244974453089E-01 a       320     0    16     1    20
  6.7828456184399685E-02 a       321     0    17     1     1
  1.2515726309928843E-01 a       322     0    17     1     2
  2.2500363251428532E-01 a       323     0    17     1     3
  7.1667805660836290E-02 a       324     0    17     1     4
 -1.0893080921454960E-01 a       325     0    17     1     5
 -8.1941660886811749E-02 a       326     0    17     1     6
 -1.6879577030017595E-01 a       327     0    17     1     7
  1.8793005860490866E-01 a       328     0    17     1     8
  6.3902996197017586E-02 a       329     0    17     1     9
  1.9846059125294949E-01 a       330     0    17     1    10
  4.8531331593457031E-02 a       331     0    17     1    11
  8.4289508385528650E-02 a       332     0    17     1    12
 -4.8573468213338232E-03 a       333     0    17     1    13
 -1.8836799498163245E-02 a       334     0    17     1    14
  1.0791851175941633E-01 a       335     0    17     1    15
 -2.1196438041576342E-03 a       336     0    17     1    16
 -5.4877485170037911E-02 a       337     0    17     1    17
 -7.0632923538926657E-03 a       338     0    17     1    18
 -2.6796316565072930E-03 a       339     0    17     1    19
 -1.6352629833627785E-02 a       340     0    17     1    20
 -4.2851280638065654E-02 a       341     0    18     1     1
 -5.1003097847132431E-02 a       342     0    18     1     2
  8.0507260327765992E-02 a       343     0    18     1     3
  1.2665271040910664E-01 a       344     0    18     1     4
 -5.4737941069404036E-02 a       345     0    18     1     5
  9.3600903005488401E-02 a       346     0    18     1     6
  1.7276202219468031E-04 a       347     0    18     1     7
 -5.1518084926270337E-02 a       348     0    18     1     8
  1.4729498417841944E-01 a       349     0    18     1     9
 -6.5226993507300518E-02 a       350     0    18     1    10
 -7.5470186273791859E-02 a       351     0    18     1    11
  8.2204097418024938E-02 a       352     0    18     1    12
 -1.1799521470059454E-01 a       353     0    18     1    13
 -7.2071569318400877E-02 a       354     0    18     1    14
  8.3826704436537530E-02 a       355     0    18     1    15
  7.5043921892144275E-03 a       356     0    18     1    16
 -2.7202890354319182E-02 a       357     0    18     1    17
 -3.7596836308830907E-02 a       358     0    18     1    18
  1.6657422742089925E-01 a       359     0    18     1    19
  6.3957130300243248E-02 a       360     0    18     1    20
  7.3796377170028765E-02 a       361     0    19     1     1
  6.1586389242430969E-02 a       362     0    19     1     2
 -5.9606818959445224E-02 a       363     0    19     1     3
  3.8556712001290433E-02 a       364     0    19     1     4
 -3.4389432568022259E-02 a       365     0    19     1     5
  3.7158532141390872E-02 a       366     0    19     1     6
 -5.8467170229153424E-02 a       367     0    19     1     7
 -2.3516999983674963E-01 a       368     0    19     1     8
  2.6053776204313905E-01 a       369     0    19     1     9
  1.8751713223520527E-01 a       370     0    19     1    10
  5.4541842759640934E-02 a       371     0    19     1    11
 -2.1014292303150578E-02 a       372     0    19     1    12
  2.7701637107492398E-02 a       373     0    19     1    13
 -1.6395971331002868E-01 a       374     0    19     1    14
  1.6375841216528833E-01 a       375     0    19     1    15
  1.1724995581659379E-02 a       376     0    19     1    16
 -2.0050361486871607E-01 a       377     0    19     1    17
 -8.8683066830343455E-03 a       378     0    19     1    18
 -1.8663711298628819E-02 a       379     0    19     1    19
  1.6109795631302870E-01 a       380     0    19     1    20
 -3.2607645831704550E-02 a       381     0    20     1     1
  8.1681735866388452E-02 a       382     0    20     1     2
 -1.0405634168792162E-01 a       383     0    20     1     3
 -1.0715370952249603E-01 a       384     0    20     1     4
 -8.0803472849143049E-02 a       385     0    20     1     5
  8.9426685323511515E-02 a       386     0    20     1     6
  5.0845981764226555E-02 a       387     0    20     1     7
  1.8669059098298631E-02 a       388     0    20     1     8
 -1.0474949682170921E-01 a       389     0    20     1     9
 -1.6001583295378582E-01 a       390     0    20     1    10
 -5.3095568757965853E-02 a       391     0    20     1    11
  6.9382828174169034E-02 a       392     0    20     1    12
  7.7723945449963000E-03 a       393     0    20     1    13
  6.3033967652340275E-02 a       394     0    20     1    14
  5.4686599991814445E-02 a       395     0    20     1    15
 -3.2277637817359574E-02 a       396     0    20     1    16
  6.6065485009628458E-02 a       397     0    20     1    17
  1.2247461860886437E-01 a       398     0    20     1    18
  2.9023881365278250E-02 a       399     0    20     1    19
  1.1073945763234623E-01 a       400     0    20     1    20
  1.8769564904272990E-03 a       401     0    21     1     1
 -3.4304515755412910E-03 a       402     0    21     1     2
 -2.8653875334661164E-03 a       403     0    21     1     3
  9.2589818466218360E-02 a       404     0    21     1     4
  1.1636647939425018E-01 a       405     0    21     1     5
 -1.0612951064638711E-01 a       406     0    21     1     6
 -6.9250817414590798E-02 a       407     0    21     1     7
  1.3473268877371136E-01 a       408     0    21     1     8
 -3.1119159248880660E-02 a       409     0    21     1     9
  1.8363535767058975E-01 a       410     0    21     1    10
  5.6241251068252431E-02 a       411     0    21     1    11
  1.5431832689029219E-02 a       412     0    21     1    12
  3.6131679898590098E-02 a       413     0    21     1    13
  2.3507891649929636E-03 a       414     0    21     1    14
  4.4241307969605792E-02 a       415     0    21     1    15
  1.1039992628475179E-01 a       416     0    21     1    16
 -6.4626669118509075E-02 a       417     0    21     1    17
 -5.3658227339806658E-02 a       418     0    21     1    18
 -1.2519088654168481E-01 a       419     0    21     1    19
 -6.9667944081059224E-03 a       420     0    21     1    20
 -7.1208871402863180E-02 a       421     0    22     1     1
 -1.2166935729333818E-01 a       422     0    22     1     2
  5.0537058782570837E-02 a       423     0    22     1     3
  9.2045356585428131E-02 a       424     0    22     1     4
  1.1912292993755791E-01 a       425     0    22     1     5
 -1.1390515175866887E-03 a       426     0    22     1     6
  7.8862140883158377E-02 a       427     0    22     1     7
  4.8613729124366588E-02 a       428     0    22     1     8
 -2.2196379851385031E-01 a       429     0    22     1     9
 -1.8795058220337799E-01 a       430     0    22     1    10
 -3.9879079163596454E-02 a       431     0    22     1    11
 -4.3553784634826849E-02 a       432     0    22     1    12
 -6.0365451445823740E-02 a       433     0    22     1    13
  9.7146732097986632E-02 a       434     0    22     1    14
 -1.6084714816093915E-01 a       435     0    22     1    15
  2.0946780928556663E-03 a       436     0    22     1    16
  1.6211189470150511E-01 a       437     0    22     1    17
 -3.3985705534058996E-02 a       438     0    22     1    18
  1.0439573569461143E-01 a       439     0    22     1    19
 -1.1532249624588137E-01 a       440     0    22     1    20
  7.6731549507259730E-02 a       441     0    23     1     1
  3.0330044250711671E-02 a       442     0    23     1     2
  1.9878351555397571E-02 a       443     0    23     1     3
 -5.5831878269447209E-02 a       444     0    23     1     4
 -5.3711721318697211E-02 a       445     0    23     1     5
 -8.9862898838024036E-02 a       446     0    23     1     6
 -1.2325171628268572E-01 a       447     0    23     1     7
  1.0880190572594929E-01 a       448     0    23     1     8
  4.9051420697751287E-03 a       449     0    23     1     9
  1.1618121299842155E-01 a       450     0    23     1    10
  7.0362099396562832E-03 a       451     0    23     1    11
 -2.3167329578325641E-02 a       452     0    23     1    12
  1.4160252370268269E-02 a       453     0    23     1    13
  3.0655000332883198E-02 a       454     0    23     1    14
 -3.4666352008045687E-02 a       455     0    23     1    15
  2.9234278679604805E-02 a       456     0    23     1    16
  3.0660580225068106E-02 a       457     0    23     1    17
  2.4444573763181685E-02 a       458     0    23     1    18
 -1.2621155289123950E-01 a       459     0    23     1    19
 -1.2008322301996188E-01 a       460     0    23     1    20
 -3.2426164540825725E-02 a       461     0    24     1     1
 -8.5832858140553137E-02 a       462     0    24     1     2
  5.0923435274221135E-02 a       463     0    24     1     3
  4.0990782823547935E-02 a       464     0    24     1     4
  3.1731130261391009E-02 a       465     0    24     1     5
  1.2256778830171224E-01 a       466     0    24     1     6
  4.3321468047335991E-02 a       467     0    24     1     7
 -1.8442576691824500E-01 a       468     0    24     1     8
  5.3614003736689016E-02 a       469     0    24     1     9
 -6.8387028379424369E-02 a       470     0    24     1    10
  2.3445503127902962E-02 a       471     0    24     1    11
  1.7202645300501668E-02 a       472     0    24     1    12
 -4.7685345968771234E-02 a       473     0    24     1    13
 -8.5012148632740814E-02 a       474     0    24     1    14
 -8.4067561908012220E-02 a       475     0    24     1    15
 -7.1561055125772377E-02 a       476     0    24     1    16
 -3.6365215715800002E-02 a       477     0    24     1    17
  1.3161691258609417E-03 a       478     0    24     1    18
  1.6463448234964304E-01 a       479     0    24     1    19
 -5.0811492139817276E-02 a       480     0    24     1    20
  8.0109193613877600E-03 a       481     0    25     1     1
  2.4961820119115685E-02 a       482     0    25     1     2
  1.1933179652491644E-02 a       483     0    25     1     3
 -1.4193390123005710E-02 a       484     0    25     1     4
 -9.3298090152521537E-02 a       485     0    25     1     5
  6.5472199920425925E-02 a       486     0    25     1     6
  2.8442621689319145E-02 a       487     0    25     1     7
 -8.6211720622023480E-02 a       488     0    25     1     8
  1.6488073991851837E-01 a       489     0    25     1     9
  2.8063327532330949E-02 a       490     0    25     1    10
  2.4098796037511888E-02 a       491     0    25     1    11
 -7.9675935131974622E-03 a       492     0    25     1    12
  5.5510982322105572E-02 a       493     0    25     1    13
 -4.5778904140776622E-02 a       494     0    25     1    14
  6.6676022644162850E-02 a       495     0    25     1    15
 -1.0255156506891891E-01 a       496     0    25     1    16
 -8.8632845170645319E-02 a       497     0    25     1    17
 -5.5291900001050741E-02 a       498     0    25     1    18
  2.7329039758696029E-02 a       499     0    25     1    19
  9.5844748598816962E-02 a       500     0    25     1    20
 -3.2718727444235950E-02 a       501     0    26     1     1
  4.9395060959272777E-02 a       502     0    26     1     2
 -9.9718177576767712E-03 a       503     0    26     1     3
  3.8599927706777254E-02 a       504     0    26     1     4
 -5.6876635071770230E-02 a       505     0    26     1     5
  3.8826606037089609E-02 a       506     0    26     1     6
  5.3288959041439023E-02 a       507     0    26     1     7
  3.2521792251018561E-02 a       508     0    26     1     8
 -2.9491582820728702E-03 a       509     0    26     1     9
 -1.0149356128224971E-01 a       510     0    26     1    10
  7.6253429751549145E-04 a       511     0    26     1    11
  6.1151530071537404E-02 a       512     0    26     1    12
 -3.1716218230818218E-03 a       513     0    26     1    13
 -4.5677726306701395E-02 a       514     0    26     1    14
  3.8455471992761656E-02 a       515     0    26     1    15
 -4.7257772556613856E-02 a       516     0    26     1    16
 -5.2594856684216658E-02 a       517     0    26     1    17
  2.2065618127894007E-02 a       518     0    26     1    18
  1.5334580063023395E-01 a       519     0    26     1    19
  1.7313144501198238E-01 a       520     0    26     1    20
  1.2071739860024702E-04 a       521     0    27     1     1
  7.6465067203923725E-03 a       522     0    27     1     2
 -9.6365978761221820E-03 a       523     0    27     1     3
  9.4622229772165875E-02 a       524     0    27     1     4
 -1.1256243793328968E-01 a       525     0    27     1     5
 -1.4125077747328092E-02 a       526     0    27     1     6
  3.4360168693166937E-02 a       527     0    27     1     7
  4.9478806250694042E-02 a       528     0    27     1     8
 -3.4221366201010302E-02 a       529     0    27     1     9
  8.8264187628983078E-03 a       530     0    27     1    10
 -1.8131505105150037E-02 a       531     0    27     1    11
 -5.3215965071816425E-02 a       532     0    27     1    12
  3.6106011574572085E-02 a       533     0    27     1    13
  2.9036716989266350E-02 a       534     0    27     1    14
 -1.1251908330544475E-02 a       535     0    27     1    15
 -3.4142500034325472E-02 a       536     0    27     1    16
 -6.9266431047794860E-03 a       537     0    27     1    17
 -1.4063362883294945E-02 a       538     0    27     1    18
  1.7393643733825737E-01 a       539     0    27     1    19
  1.4263565819938540E-01 a       540     0    27     1    20
 -1.1636289619391864E-02 a       541     0    28     1     1
 -4.8054557995381234E-02 a       542     0    28     1     2
  7.3017886932937766E-03 a       543     0    28     1     3
  2.8832682019139192E-02 a       544     0    28     1     4
  4.2687904902057587E-02 a       545     0    28     1     5
  8.4280856615438406E-03 a       546     0    28     1     6
  2.6339667223174667E-02 a       547     0    28     1     7
 -3.9129778152656808E-02 a       548     0    28     1     8
 -4.9729810430587176E-02 a       549     0    28     1     9
 -3.8956405427628536E-02 a       550     0    28     1    10
 -3.1948888941349757E-02 a       551     0    28     1    11
 -4.9880188475770020E-02 a       552     0    28     1    12
 -1.5459871769254225E-02 a       553     0    28     1    13
  5.1374442413536732E-02 a       554     0    28     1    14
 -4.0615544414844419E-02 a       555     0    28     1    15
 -3.0975562451960774E-03 a       556     0    28     1    16
  6.3167332742989232E-02 a       557     0    28     1    17
 -1.2918320596901140E-02 a       558     0    28     1    18
  2.3548899630271878E-02 a       559     0    28     1    19
 -4.4536213472023134E-02 a       560     0    28     1    20
  1.1358502698655182E-02 a       561     0    29     1     1
  3.5511729238670575E-02 a       562     0    29     1     2
  4.0066759494680269E-02 a       563     0    29     1     3
 -5.0914025158060421E-02 a       564     0    29     1     4
  1.8164459496149268E-02 a       565     0    29     1     5
 -4.1943223050685950E-02 a       566     0    29     1     6
 -8.6177356233689842E-02 a       567     0    29     1     7
  5.5253155881696353E-02 a       568     0    29     1     8
  5.6533521697181281E-02 a       569     0    29     1     9
  1.1355425740225998E-01 a       570     0    29     1    10
  4.0772973907250272E-02 a       571     0    29     1    11
  7.6149645989162490E-02 a       572     0    29     1    12
 -4.9031801355108066E-03 a       573     0    29     1    13
 -3.6603470089123673E-02 a       574     0    29     1    14
  4.6074634104517113E-02 a       575     0    29     1    15
  7.4250160420758590E-02 a       576     0    29     1    16
 -3.3994994015351720E-02 a       577     0    29     1    17
  5.8319336508861463E-03 a       578     0    29     1    18
 -1.4856094551090843E-01 a       579     0    29     1    19
 -8.1224989032674097E-02 a       580     0    29     1    20
  1.3104599487277955E-03 a       581     0    30     1     1
 -2.4829425347826780E-02 a       582     0    30     1     2
 -1.2769701178534684E-03 a       583     0    30     1     3
 -1.9079074295578004E-02 a       584     0    30     1     4
  5.4599415340528791E-02 a       585     0    30     1     5
 -1.1887076239864991E-02 a       586     0    30     1     6
 -1.9533755053602768E-02 a       587     0    30     1     7
 -1.6525910000891996E-02 a       588     0    30     1     8
  1.7897884809167722E-02 a       589     0    30     1     9
  2.1682980652416284E-03 a       590     0    30     1    10
 -3.0367930594088484E-03 a       591     0    30     1    11
 -5.4646278413593874E-04 a       592     0    30     1    12
 -1.2771348859179485E-02 a       593     0    30     1    13
  5.2395483602318360E-04 a       594     0    30     1    14
  7.5513188421173980E-03 a       595     0    30     1    15
  1.7864491885654973E-02 a       596     0    30     1    16
  9.1736432991451171E-03 a       597     0    30     1    17
 -3.2382754247236304E-04 a       598     0    30     1    18
 -7.1626314643998185E-02 a       599     0    30     1    19
 -5.7868996817482393E-02 a       600     0    30     1    20
  4.6348850560556602E-03 a       601     0    31     1     1
  1.8556539595837332E-01 a       602     0    31     1     2
  1.3517144904782896E-01 a       603     0    31     1     3
 -1.0740204995470126E-01 a       604     0    31     1     4
 -1.5362555822653781E-01 a       605     0    31     1     5
 -1.0501332099181453E-01 a       606     0    31     1     6
  2.0877649051750510E-01 a       607     0    31     1     7
 -2.7086504604537560E-02 a       608     0    31     1     8
  3.2144578742511959E-01 a       609     0    31     1     9
 -6.0661380866894196E-02 a       610     0    31     1    10
 -1.7962883584599107E-01 a       611     0    31     1    11
  2.4146954788965397E-01 a       612     0    31     1    12
  7.8666672789568820E-02 a       613     0    31     1    13
  1.2722603885024975E-01 a       614     0    31     1    14
  1.3534329443793572E-01 a       615     0    31     1    15
  5.7574640353303140E-02 a       616     0    31     1    16
  8.2191349726781229E-02 a       617     0    31     1    17
  8.8108389646314497E-02 a       618     0    31     1    18
 -2.7726859692184552E-01 a       619     0    31     1    19
 -9.8325618973570506E-02 a       620     0    31     1    20
  1.2524330970238556E-01 a       621     0    32     1     1
  2.6625341850757565E-02 a       622     0    32     1     2
  7.4718834330837411E-02 a       623     0    32     1     3
  4.7839422783671598E-01 a       624     0    32     1     4
 -2.2560428122018386E-01 a       625     0    32     1     5
  2.9281399279427645E-01 a       626     0    32     1     6
 -4.7797584538658583E-01 a       627     0    32     1     7
  3.4384393065457486E-01 a       628     0    32     1     8
 -1.3141901401799619E-01 a       629     0    32     1     9
  1.1857309765123532E-01 a       630     0    32     1    10
  3.1090662548347492E-01 a       631     0    32     1    11
 -4.6290173079885510E-01 a       632     0    32     1    12
 -3.7127500809745861E-01 a       633     0    32     1    13
  1.9743662184259597E-01 a       634     0    32     1    14
 -5.7798284741035522E-01 a       635     0    32     1    15
  8.2795213887384075E-02 a       636     0    32     1    16
  1.0595338631294673E-01 a       637     0    32     1    17
  1.5989699185568182E-01 a       638     0    32     1    18
 -7.1110924199325872E-03 a       639     0    32     1    19
 -2.5007119650731463E-01 a       640     0    32     1    20
 -1.8536294821432507E-02 a       641     0    33     1     1
 -1.5707221181905270E-01 a       642     0    33     1     2
 -1.4195992472620794E-01 a       643     0    33     1     3
  2.0662944513516127E-01 a       644     0    33     1     4
 -3.6470408362454958E-02 a       645     0    33     1     5
 -1.4075440201464641E-03 a       646     0    33     1     6
  1.8454740992013866E-01 a       647     0    33     1     7
 -9.8383136359329118E-03 a       648     0    33     1     8
  1.1213296949795953E-01 a       649     0    33     1     9
 -1.6775778467110944E-01 a       650     0    33     1    10
 -1.6713427659857605E-01 a       651     0    33     1    11
 -1.4154799769259199E-01 a       652     0    33     1    12
 -2.9258527721655919E-02 a       653     0    33     1    13
  1.1532231077860557E-01 a       654     0    33     1    14
  6.6600055053078866E-02 a       655     0    33     1    15
 -7.9327300469209092E-02 a       656     0    33     1    16
  3.6249590734863779E-02 a       657     0    33     1    17
 -2.3213178015749108E-02 a       658     0    33     1    18
  6.4761369141263870E-03 a       659     0    33     1    19
 -5.4752235344406437E-02 a       660     0    33     1    20
  6.6607595466546904E-02 a       661     0    34     1     1
 -1.5647062117296612E-01 a       662     0    34     1     2
 -3.3410222714085192E-01 a       663     0    34     1     3
 -5.0555741889212469E-02 a       664     0    34     1     4
  6.8168699982254921E-01 a       665     0    34     1     5
 -5.4736147948890945E-01 a       666     0    34     1     6
  2.2518555265396600E-01 a       667     0    34     1     7
 -3.0859535324594634E-01 a       668     0    34     1     8
  9.7821422239657202E-02 a       669     0    34     1     9
 -1.0067919889939800E-02 a       670     0    34     1    10
 -3.6858374038618780E-01 a       671     0    34     1    11
 -5.5276444354670461E-02 a       672     0    34     1    12
  2.9424095618176122E-01 a       673     0    34     1    13
 -2.0240830504519852E-01 a       674     0    34     1    14
  1.5749092996775052E-01 a       675     0    34     1    15
  1.5175676938999064E-01 a       676     0    34     1    16
 -1.5077607996522008E-01 a       677     0    34     1    17
 -1.7696028437016023E-01 a       678     0    34     1    18
 -2.2568775081794942E-01 a       679     0    34     1    19
  2.0188141316789388E-01 a       680     0    34     1    20
 -5.0091274657284739E-02 a       681     0    35     1     1
  2.1212584738113327E-01 a       682     0    35     1     2
  1.2019143963581612E-01 a       683     0    35     1     3
 -2.6909048676530284E-01 a       684     0    35     1     4
 -1.4835121324380229E-01 a       685     0    35     1     5
  2.1152081554098767E-01 a       686     0    35     1     6
  6.2184486267019182E-02 a       687     0    35     1     7
 -1.5696498347101995E-01 a       688     0    35     1     8
  2.1116711484482534E-02 a       689     0    35     1     9
 -9.7009516764370765E-02 a       690     0    35     1    10
  4.1456148166227719E-01 a       691     0    35     1    11
  1.2865554897091500E-02 a       692     0    35     1    12
 -1.5454760109740115E-01 a       693     0    35     1    13
 -1.8250919375645661E-01 a       694     0    35     1    14
 -5.2784474024469584E-02 a       695     0    35     1    15
 -1.5683894666811068E-01 a       696     0    35     1    16
  1.2118081452199282E-01 a       697     0    35     1    17
  2.3342870446617542E-01 a       698     0    35     1    18
 -1.6907529532034248E-02 a       699     0    35     1    19
 -1.0665917324975325E-02 a       700     0    35     1    20
  1.1236330197856866E-01 a       701     0    36     1     1
 -1.5798234420375998E-01 a       702     0    36     1     2
 -1.3956916599302849E-01 a       703     0    36     1     3
 -5.7502543281058728E-02 a       704     0    36     1     4
  2.9221713882716099E-01 a       705     0    36     1     5
  1.1722196037982702E-01 a       706     0    36     1     6
 -7.1814894889774938E-02 a       707     0    36     1     7
 -2.7950672081991856E-01 a       708     0    36     1     8
 -7.2018381419852354E-02 a       709     0    36     1     9
 -1.4051318202118286E-02 a       710     0    36     1    10
 -9.9672396228335416E-02 a       711     0    36     1    11
 -2.8148874266461656E-02 a       712     0    36     1    12
  5.3590811183970063E-02 a       713     0    36     1    13
 -4.5462092178503638E-02 a       714     0    36     1    14
 -1.7080209331410015E-01 a       715     0    36     1    15
 -2.6863793069817454E-01 a       716     0    36     1    16
  4.1950819551961225E-03 a       717     0    36     1    17
 -3.0612343642406398E-01 a       718     0    36     1    18
  1.3922503942442127E-01 a       719     0    36     1    19
  3.7563335506153655E-03 a       720     0    36     1    20
 -6.2413132109292035E-01 a       721     0    37     1     1
 -8.2720861465326603E-02 a       722     0    37     1     2
  3.2796809003970119E-02 a       723     0    37     1     3
 -2.7230265419155830E-01 a       724     0    37     1     4
 -5.8745450098962859E-01 a       725     0    37     1     5
 -2.9049638466776367E-01 a       726     0    37     1     6
  8.2502401842960349E-01 a       727     0    37     1     7
  3.5412730589560437E-01 a       728     0    37     1     8
  6.9119195165063929E-02 a       729     0    37     1     9
 -1.1480824496114601E-01 a       730     0    37     1    10
  2.1919840862663889E-01 a       731     0    37     1    11
  3.4631949096827780E-01 a       732     0    37     1    12
 -3.8472970911398605E-02 a       733     0    37     1    13
 -3.0506142738520109E-01 a       734     0    37     1    14
  6.4879099011364150E-01 a       735     0    37     1    15
  2.3362769974496445E-01 a       736     0    37     1    16
  1.2105400354262399E-01 a       737     0    37     1    17
  8.7604363807352870E-02 a       738     0    37     1    18
  1.0277624175576279E-01 a       739     0    37     1    19
  9.3314071878422597E-02 a       740     0    37     1    20
  6.6577049641548230E-02 a       741     0    38     1     1
  1.4639489310321255E-01 a       742     0    38     1     2
  3.5336878546431104E-02 a       743     0    38     1     3
 -2.7376626361674775E-02 a       744     0    38     1     4
  1.1803443248038177E-01 a       745     0    38     1     5
 -6.6908757903301336E-02 a       746     0    38     1     6
 -1.9225114168604446E-01 a       747     0    38     1     7
  1.4441195457603237E-01 a       748     0    38     1     8
 -1.9455522827419869E-01 a       749     0    38     1     9
  1.0318583621200889E-02 a       750     0    38     1    10
 -8.9948912190096195E-02 a       751     0    38     1    11
  1.5677223214448194E-01 a       752     0    38     1    12
  6.3442538272924939E-02 a       753     0    38     1    13
  1.2137644525945926E-01 a       754     0    38     1    14
 -6.5754019486978427E-02 a       755     0    38     1    15
 -2.1144089657658110E-02 a       756     0    38     1    16
  6.6968341319656580E-02 a       757     0    38     1    17
 -7.5941509197369972E-02 a       758     0    38     1    18
 -1.3932406322896645E-01 a       759     0    38     1    19
 -3.6785539950602422E-02 a       760     0    38     1    20
  6.5803691447469378E-02 a       761     0    39     1     1
  7.5680128500983893E-02 a       762     0    39     1     2
  1.5841337389628452E-01 a       763     0    39     1     3
  1.2340627729259301E-01 a       764     0    39     1     4
  7.9213860265718139E-02 a       765     0    39     1     5
  5.3615927221223263E-02 a       766     0    39     1     6
 -3.2046284915475931E-01 a       767     0    39     1     7
  5.9664182809965475E-03 a       768     0    39     1     8
  5.5096187887959690E-02 a       769     0    39     1     9
  1.3919073734395043E-01 a       770     0    39     1    10
 -1.2256131890532647E-01 a       771     0    39     1    11
  2.5586597343256356E-01 a       772     0    39     1    12
 -6.4082868600908893E-02 a       773     0    39     1    13
  2.4547510501826234E-01 a       774     0    39     1    14
  6.2429028226659813E-02 a       775     0    39     1    15
 -8.4035071876055051E-02 a       776     0    39     1    16
 -2.7430269546257118E-03 a       777     0    39     1    17
 -8.7170164420559637E-02 a       778     0    39     1    18
  7.6541602800526687E-02 a       779     0    39     1    19
 -7.3864465143545516E-03 a       780     0    39     1    20
 -1.6447265771405167E-01 a       781     0    40     1     1
 -1.1535203878028661E-02 a       782     0    40     1     2
  6.3048563211634726E-02 a       783     0    40     1     3
 -1.3236809127864310E-01 a       784     0    40     1     4
 -2.1530586369156268E-01 a       785     0    40     1     5
 -2.5842591625659095E-01 a       786     0    40     1     6
 -4.6707771041090952E-02 a       787     0    40     1     7
  1.2051931065264607E-01 a       788     0    40     1     8
 -1.1784678374400077E-01 a       789     0    40     1     9
  3.1681062068296273E-01 a       790     0    40     1    10
  2.6688209490152331E-01 a       791     0    40     1    11
  9.8351086366868110E-02 a       792     0    40     1    12
  3.5838614672091429E-01 a       793     0    40     1    13
  4.7554635331904576E-03 a       794     0    40     1    14
  1.7577867696450006E-01 a       795     0    40     1    15
  2.1061344379147276E-01 a       796     0    40     1    16
  4.0500738430880862E-01 a       797     0    40     1    17
  5.4392062387277701E-02 a       798     0    40     1    18
  2.0125663227996576E-01 a       799     0    40     1    19
 -1.7973621258218529E-02 a       800     0    40     1    20
 -5.6945817188172439E-02 a       801     0    41     1     1
 -4.2612105836748009E-02 a       802     0    41     1     2
  1.6451940343617963E-01 a       803     0    41     1     3
 -1.0031345257364122E-02 a       804     0    41     1     4
  5.3950111190394320E-02 a       805     0    41     1     5
  2.0905797188975905E-01 a       806     0    41     1     6
  7.8982798975708202E-02 a       807     0    41     1     7
 -2.3062567855703542E-01 a       808     0    41     1     8
  1.8239635244793137E-01 a       809     0    41     1     9
  4.7755682033358775E-02 a       810     0    41     1    10
 -8.1134088978432727E-03 a       811     0    41     1    11
  5.0189610938441903E-02 a       812     0    41     1    12
  3.9482326718609392E-02 a       813     0    41     1    13
  1.9798672584586452E-02 a       814     0    41     1    14
 -1.1986726852423836E-02 a       815     0    41     1    15
 -1.4452801712282828E-01 a       816     0    41     1    16
 -7.2292845083623530E-03 a       817     0    41     1    17
 -1.9859422708094063E-01 a       818     0    41     1    18
  3.4956397752139913E-02 a       819     0    41     1    19
 -1.5528017215961282E-01 a       820     0    41     1    20
 -3.7732692253959282E-02 a       821     0    42     1     1
 -6.7585021603476458E-02 a       822     0    42     1     2
 -1.7473056401532736E-01 a       823     0    42     1     3
 -7.0373818233683758E-02 a       824     0    42     1     4
 -8.8769164854684182E-02 a       825     0    42     1     5
 -3.8956644475213749E-02 a       826     0    42     1     6
  7.5555969495219630E-02 a       827     0    42     1     7
  1.5302299406844644E-01 a       828     0    42     1     8
 -2.6842689667296743E-01 a       829     0    42     1     9
 -1.6083617229222705E-02 a       830     0    42     1    10
  1.1066119568248525E-01 a       831     0    42     1    11
 -1.1474400450537246E-01 a       832     0    42     1    12
 -1.0729350816039790E-01 a       833     0    42     1    13
 -9.4943300998809238E-02 a       834     0    42     1    14
  1.1377466272853545E-01 a       835     0    42     1    15
  2.0259364228053667E-01 a       836     0    42     1    16
 -6.2713707095472162E-03 a       837     0    42     1    17
  2.8856013811479381E-01 a       838     0    42     1    18
 -5.6365546760628882E-02 a       839     0    42     1    19
  1.5280816043514914E-01 a       840     0    42     1    20
 -4.8687125041284550E-02 a       841     0    43     1     1
 -1.3079831576386572E-02 a       842     0    43     1     2
  9.4935781279250786E-02 a       843     0    43     1     3
  1.8405098906736209E-01 a       844     0    43     1     4
 -7.5360198815724852E-02 a       845     0    43     1     5
  4.3055729252676339E-02 a       846     0    43     1     6
  5.4654156297044183E-02 a       847     0    43     1     7
 -1.8052583791062593E-01 a       848     0    43     1     8
  1.2685973257179789E-01 a       849     0    43     1     9
 -1.4329998353593643E-01 a       850     0    43     1    10
 -4.5127815650413718E-02 a       851     0    43     1    11
 -1.8988406210155265E-01 a       852     0    43     1    12
  1.7978690391128913E-02 a       853     0    43     1    13
  4.1659006930984115E-02 a       854     0    43     1    14
  7.5565357926315899E-02 a       855     0    43     1    15
 -1.8244999251595515E-01 a       856     0    43     1    16
  2.5415187183039891E-02 a       857     0    43     1    17
 -1.6839278945947646E-02 a       858     0    43     1    18
  5.3453679132825921E-02 a       859     0    43     1    19
  4.0532217753671135E-03 a       860     0    43     1    20
 -4.3856557537342916E-03 a       861     0    44     1     1
  2.3085389870880818E-01 a       862     0    44     1     2
  1.1720775946434789E-01 a       863     0    44     1     3
 -2.0242143056670917E-01 a       864     0    44     1     4
 -1.2120699599019100E-01 a       865     0    44     1     5
  1.4786796968717575E-01 a       866     0    44     1     6
 -1.3904481178005570E-01 a       867     0    44     1     7
  5.0593675075842441E-02 a       868     0    44     1     8
 -2.5911311845715872E-02 a       869     0    44     1     9
 -7.5322397491501922E-02 a       870     0    44     1    10
 -7.4388831750666864E-02 a       871     0    44     1    11
  9.5687108847178737E-02 a       872     0    44     1    12
  2.1003903890772635E-01 a       873     0    44     1    13
  2.4472598603194801E-01 a       874     0    44     1    14
  1.8006995066338999E-01 a       875     0    44     1    15
 -1.7750042990262346E-01 a       876     0    44     1    16
  8.2871475393465427E-02 a       877     0    44     1    17
  3.7376955760728595E-02 a       878     0    44     1    18
  3.0602752045450782E-02 a       879     0    44     1    19
  9.8937261203829271E-02 a       880     0    44     1    20
 -7.5892453361102633E-02 a       881     0    45     1     1
  6.3410809447668803E-02 a       882     0    45     1     2
  2.3458598769753133E-01 a       883     0    45     1     3
  6.4420851650085792E-02 a       884     0    45     1     4
  2.4231279999801014E-01 a       885     0    45     1     5
 -3.1601267772094516E-02 a       886     0    45     1     6
 -7.5696999158904765E-02 a       887     0    45     1     7
  3.9255670066372636E-02 a       888     0    45     1     8
  3.3159191201291505E-01 a       889     0    45     1     9
  1.2642034524839707E-01 a       890     0    45     1    10
  6.0336919841367270E-02 a       891     0    45     1    11
  4.2037501323364718E-01 a       892     0    45     1    12
  1.3545879922498014E-02 a       893     0    45     1    13
 -1.5577149524347766E-01 a       894     0    45     1    14
 -1.5411090890182927E-01 a       895     0    45     1    15
 -7.2415698965122316E-02 a       896     0    45     1    16
 -1.2322444774060277E-01 a       897     0    45     1    17
 -2.4870558188330263E-01 a       898     0    45     1    18
  1.4612747026542428E-01 a       899     0    45     1    19
 -1.7700104564203062E-01 a       900     0    45     1    20
 -4.9312974851244772E-02 a       901     0    46     1     1
 -3.0154021261164358E-03 a       902     0    46     1     2
 -2.1470013832829756E-02 a       903     0    46     1     3
  8.0199906355075026E-02 a       904     0    46     1     4
 -1.2035210943625732E-01 a       905     0    46     1     5
 -4.3172472215711688E-02 a       906     0    46     1     6
  4.7950051944857297E-02 a       907     0    46     1     7
  1.6370889917108256E-01 a       908     0    46     1     8
 -2.3024555669028540E-01 a       909     0    46     1     9
  6.8148467978494345E-02 a       910     0    46     1    10
  1.2476419510581427E-02 a       911     0    46     1    11
 -1.4476438087912374E-01 a       912     0    46     1    12
  7.0677953819143990E-02 a       913     0    46     1    13
  2.2511174372359272E-01 a       914     0    46     1    14
 -8.2270774866221325E-03 a       915     0    46     1    15
  6.4250979467265878E-02 a       916     0    46     1    16
  4.7713930405404711E-02 a       917     0    46     1    17
  2.0179809777829869E-01 a       918     0    46     1    18
  1.7271145692897885E-01 a       919     0    46     1    19
 -8.0881273123010300E-02 a       920     0    46     1    20
  2.9579121069861330E-01 a       921     0    47     1     1
  2.2222267404588678E-01 a       922     0    47     1     2
  2.7619113784295990E-01 a       923     0    47     1     3
 -8.3386082998972474E-02 a       924     0    47     1     4
  1.1561739128963979E+00 a       925     0    47     1     5
  3.4567034045864681E-01 a       926     0    47     1     6
 -3.5231071001104286E-01 a       927     0    47     1     7
 -5.7509439834342346E-01 a       928     0    47     1     8
  7.3306562616159074E-02 a       929     0    47     1     9
 -1.0439689067051368E-01 a       930     0    47     1    10
 -4.1885180310055964E-01 a       931     0    47     1    11
 -1.1819756026139522E-01 a       932     0    47     1    12
 -5.2132476629285759E-02 a       933     0    47     1    13
  1.7701586932751537E-01 a       934     0    47     1    14
  1.3976672978426204E-02 a       935     0    47     1    15
 -1.8327282234538952E-01 a       936     0    47     1    16
  2.3159193383263749E-01 a       937     0    47     1    17
 -3.5777573339588592E-01 a       938     0    47     1    18
 -3.2341349148841181E-01 a       939     0    47     1    19
 -1.8204377724127940E-01 a       940     0    47     1    20
 -2.0769608670694082E-02 a       941     0    48     1     1
 -9.3408462298740016E-02 a       942     0    48     1     2
  1.0131446525746210E-03 a       943     0    48     1     3
 -7.2583594966298959E-02 a       944     0    48     1     4
 -3.2653950219360392E-02 a       945     0    48     1     5
  8.1945670356770750E-02 a       946     0    48     1     6
  9.5627843346815275E-02 a       947     0    48     1     7
 -9.4995879677072501E-02 a       948     0    48     1     8
  1.3666281641635444E-01 a       949     0    48     1     9
 -9.0281232825625418E-02 a       950     0    48     1    10
  2.1557533429589219E-02 a       951     0    48     1    11
 -1.5879414826450633E-01 a       952     0    48     1    12
  1.4262436152701763E-02 a       953     0    48     1    13
  2.0898192692345351E-02 a       954     0    48     1    14
 -1.5537945245207093E-03 a       955     0    48     1    15
 -8.0048530984591207E-02 a       956     0    48     1    16
  1.4947088834142358E-02 a       957     0    48     1    17
 -1.9449229502271948E-02 a       958     0    48     1    18
 -5.1527131390390203E-02 a       959     0    48     1    19
 -8.3444986713189853E-02 a       960     0    48     1    20
  3.3368248220257538E-02 a       961     0    49     1     1
 -8.1006385344820145E-02 a       962     0    49     1     2
 -1.7407712293392175E-01 a       963     0    49     1     3
  4.4027372553721439E-02 a       964     0    49     1     4
 -4.4990499879551221E-01 a       965     0    49     1     5
 -2.4051777524448044E-02 a       966     0    49     1     6
  1.0729073189157422E-01 a       967     0    49     1     7
  1.3476463348292413E-02 a       968     0    49     1     8
  2.7780520720656905E-02 a       969     0    49     1     9
 -1.3221825444519308E-01 a       970     0    49     1    10
  2.9155101174351411E-01 a       971     0    49     1    11
 -1.7181620620547039E-01 a       972     0    49     1    12
 -1.4252838038986349E-02 a       973     0    49     1    13
 -2.8542084394676920E-01 a       974     0    49     1    14
 -3.6591087859049887E-01 a       975     0    49     1    15
  5.8676030426423970E-02 a       976     0    49     1    16
 -1.5021811658908513E-01 a       977     0    49     1    17
  2.0803623241789701E-01 a       978     0    49     1    18
 -1.3022192943906929E-01 a       979     0    49     1    19
  4.6587344395457767E-02 a       980     0    49     1    20
  2.2625229694471582E-01 a       981     0    50     1     1
  1.0619974167680585E-01 a       982     0    50     1     2
 -3.1992113797505062E-01 a       983     0    50     1     3
 -4.2865438650722781E-01 a       984     0    50     1     4
  5.8040330634153137E-01 a       985     0    50     1     5
 -1.7644598925842109E-01 a       986     0    50     1     6
  1.9746812086152715E-01 a       987     0    50     1     7
 -3.9696768381562353E-01 a       988     0    50     1     8
  8.6177236299597212E-02 a       989     0    50     1     9
  7.0400378093253682E-02 a       990     0    50     1    10
 -6.1301639515815087E-01 a       991     0    50     1    11
 -3.4133228865384968E-01 a       992     0    50     1    12
 -1.8216645176653665E-01 a       993     0    50     1    13
  4.9064555986811739E-02 a       994     0    50     1    14
 -9.1893269696304861E-02 a       995     0    50     1    15
  9.0998582302048034E-02 a       996     0    50     1    16
 -5.7876751660636015E-02 a       997     0    50     1    17
 -6.1272057280820046E-02 a       998     0    50     1    18
 -2.0604721545994467E-01 a       999     0    50     1    19
 -2.1149072818488834E-01 a      1000     0    50     1    20
  1.2621260862789585E+00 b      1001     1     1
 -1.1548904266690385E+00 b      1002     1     2
 -4.7525766978821538E-01 b      1003     1     3
  5.7364881100949161E-01 b      1004     1     4
  1.1351266832455924E+00 b      1005     1     5
  7.2653405818119088E-01 b      1006     1     6
  1.1313929016478477E+00 b      1007     1     7
  9.0758448373711809E-01 b      1008     1     8
  3.7189203852596325E-01 b      1009     1     9
 -8.1741283978155199E-01 b      1010     1    10
 -2.3815544754806650E-01 b      1011     1    11
 -9.9313817955876971E-01 b      1012     1    12
  8.5836888530990230E-01 b      1013     1    13
  1.0557521122098461E-01 b      1014     1    14
  1.0750697359990538E+00 b      1015     1    15
  2.3753940216320951E-01 b      1016     1    16
 -2.6017221477267405E-01 b      1017     1    17
 -7.5017187239505637E-02 b      1018     1    18
 -5.8579787512545545E-01 b      1019     1    19
 -1.1109091730575107E-01 b      1020     1    20
 -1.5392424533042576E-01 a      1021     1     1     2     1
 -5.5642490938380862E-01 a      1022     1     1     2     2
 -6.4042249431260423E-01 a      1023     1     1     2     3
  3.7084675703535230E-01 a      1024     1     1     2     4
 -3.6115910482874619E-01 a      1025     1     1     2     5
  1.1672448237036055E-01 a      1026     1     1     2     6
 -4.1423272481108936E-01 a      1027     1     1     2     7
 -7.9072392914398704E-01 a      1028     1     1     2     8
  1.2494304200022589E-01 a      1029     1     1     2     9
  8.3301442126621893E-04 a      1030     1     1     2    10
 -4.2411831568376213E-01 a      1031     1     1     2    11
  4.6498937729691842E-01 a      1032     1     1     2    12
  2.4993469061975840E-01 a      1033     1     1     2    13
  1.5188207629015693E-01 a      1034     1     1     2    14
 -2.6673557241549140E-01 a      1035     1     1     2    15
 -9.1282195230659935E-01 a      1036     1     1     2    16
  1.0925562781919858E-01 a      1037     1     1     2    17
 -1.4796325870351035E-01 a      1038     1     1     2    18
 -4.4625539281899929E-01 a      1039     1     1     2    19
 -3.5216251889541039E-01 a      1040     1     1     2    20
 -6.1055180657945574E-01 a      1041     1     2     2     1
 -3.0632152412288310E-01 a      1042     1     2     2     2
  5.0671626870316810E-01 a      1043     1     2     2     3
  3.3099005376908613E-01 a      1044     1     2     2     4
 -8.7436742725709185E-02 a      1045     1     2     2     5
 -3.5476713318817393E-01 a      1046     1     2     2     6
  7.0579123174641478E-01 a      1047     1     2     2     7
 -6.3376910625070434E-02 a      1048     1     2     2     8
  3.2069128924313528E-01 a      1049     1     2     2     9
 -1.5974761102021301E-01 a      1050     1     2     2    10
 -2.1232955900819822E-01 a      1051     1     2     2    11
 -2.1264552929798564E-01 a      1052     1     2     2    12
 -1.6154047553896256E-01 a      1053     1     2     2    13
  4.6990960970733367E-02 a      1054     1     2     2    14
 -6.1326714884761846E-01 a      1055     1     2     2    15
 -6.7175268106574171E-01 a      1056     1     2     2    16
 -2.7081001150269440E-01 a      1057     1     2     2    17
  4.1440764641771460E-01 a      1058     1     2     2    18
 -5.2213751149114473E-01 a      1059     1     2     2    19
 -4.2603935010228761E-01 a      1060     1     2     2    20
 -8.9191101805838313E-01 a      1061     1     3     2     1
 -7.2960925384451458E-03 a      1062     1     3     2     2
  2.3799220988598457E-01 a      1063     1     3     2     3
  1.2593780876929975E-01 a      1064     1     3     2     4
  1.3959905830027039E-01 a      1065     1     3     2     5
  7.0457307041828987E-01 a      1066     1     3     2     6
 -2.2801752764745423E-01 a      1067     1     3     2     7
 -4.9817127705821729E-01 a      1068     1     3     2     8
 -2.2104136318162271E-02 a      1069     1     3     2     9
 -1.4641410454827227E-02 a      1070     1     3     2    10
 -3.0165492685485022E-02 a      1071     1     3     2    11
 -2.4158911479226775E-02 a      1072     1     3     2    12
 -6.1636132615359729E-01 a      1073     1     3     2    13
 -3.7875825331173046E-01 a      1074     1     3     2    14
  1.9548594633342900E-01 a      1075     1     3     2    15
  2.3170445630651165E-01 a      1076     1     3     2    16
 -5.3481397053154112E-01 a      1077     1     3     2    17
  2.6446058862314159E-01 a      1078     1     3     2    18
 -2.6750534296418410E-01 a      1079     1     3     2    19
 -6.5872277892789255E-01 a      1080     1     3     2    20
 -3.5485727135493367E-01 a      1081     1     4     2     1
  3.4602095320073328E-01 a      1082     1     4     2     2
  1.8587585981836460E-02 a      1083     1     4     2     3
 -4.0580170808335636E-01 a      1084     1     4     2     4
 -1.5828669660473182E-01 a      1085     1     4     2     5
  6.4152500692620917E-01 a      1086     1     4     2     6
  3.5556853087704604E-01 a      1087     1     4     2     7
 -4.6933616005857902E-02 a      1088     1     4     2     8
 -6.4191515705804691E-01 a      1089     1     4     2     9
 -4.7660867896179099E-01 a      1090     1     4     2    10
 -4.4575603557970622E-01 a      1091     1     4     2    11
 -1.8247189221607024E-01 a      1092     1     4     2    12
 -3.5116240013485639E-01 a      1093     1     4     2    13
 -2.0167887878076382E-01 a      1094     1     4     2    14
 -1.0533682127061222E-01 a      1095     1     4     2    15
 -2.6796706888783783E-01 a      1096     1     4     2    16
  1.9690445721307281E-01 a      1097     1     4     2    17
 -9.8496035942789023E-02 a      1098     1     4     2    18
 -4.4815049860559042E-01 a      1099     1     4     2    19
 -4.0435850793776751E-01 a      1100     1     4     2    20
 -4.1745426359282134E-01 a      1101     1     5     2     1
 -3.4019334511181087E-01 a      1102     1     5     2     2
 -3.1354044362462724E-01 a      1103     1     5     2     3
 -9.2943532407328625E-02 a      1104     1     5     2     4
 -8.0128760037354108E-01 a      1105     1     5     2     5
 -2.8693398273793341E-01 a      1106     1     5     2     6
 -4.8991409668481872E-01 a      1107     1     5     2     7
 -1.1405325670055870E-01 a      1108     1     5     2     8
 -3.7496709763381414E-01 a      1109     1     5     2     9
  3.7507722461356918E-01 a      1110     1     5     2    10
 -3.4767274221106792E-01 a      1111     1     5     2    11
  1.4103618487128863E-01 a      1112     1     5     2    12
  1.1227904279266467E-01 a      1113     1     5     2    13
 -1.0580348770397892E-01 a      1114     1     5     2    14
  4.0342288965215889E-01 a      1115     1     5     2    15
 -1.7127647554209166E-01 a      1116     1     5     2    16
 -7.8701861882853139E-03 a      1117     1     5     2    17
  1.2113944847211476E-01 a      1118     1     5     2    18
 -2.7653601026337965E-01 a      1119     1     5     2    19
 -3.7605931012770338E-01 a      1120     1     5     2    20
 -2.8269024449804597E-01 a      1121     1     6     2     1
 -3.2620364738898988E-01 a      1122     1     6     2     2
 -3.5560434237816113E-01 a      1123     1     6     2     3
 -2.0468632828024164E-01 a      1124     1     6     2     4
  3.1613745574800045E-01 a      1125     1     6     2     5
  2.4917220150215888E-01 a      1126     1     6     2     6
 -2.3512806551597104E-01 a      1127     1     6     2     7
 -4.0609613786704601E-01 a      1128     1     6     2     8
 -4.3124276882498536E-01 a      1129     1     6     2     9
 -3.1005256652670976E-01 a      1130     1     6     2    10
 -4.6730890723260332E-01 a      1131     1     6     2    11
  3.9023795624189117E-01 a      1132     1     6     2    12
 -5.2542668855083208E-01 a      1133     1     6     2    13
  8.5565128026904469E-02 a      1134     1     6     2    14
 -5.0181688379272871E-01 a      1135     1     6     2    15
 -5.9646324496856828E-01 a      1136     1     6     2    16
 -4.8362047301669919E-01 a      1137     1     6     2    17
  2.5242005600360007E-01 a      1138     1     6     2    18
  2.6897702399445583E-01 a      1139     1     6     2    19
 -3.9829880224124875E-01 a      1140     1     6     2    20
  8.1476519866279495E-01 a      1141     1     7     2     1
  7.2984657966694422E-01 a      1142     1     7     2     2
  6.1778853233656095E-01 a      1143     1     7     2     3
  1.2624831252208743E-01 a      1144     1     7     2     4
  4.2812120463573794E-01 a      1145     1     7     2     5
  5.6831601832588585E-01 a      1146     1     7     2     6
  2.0286068409194044E-01 a      1147     1     7     2     7
  4.3529234774217301E-01 a      1148     1     7     2     8
 -3.1616856682297795E-01 a      1149     1     7     2     9
 -1.6057178935898689E-01 a      1150     1     7     2    10
 -8.7201870767817968E-01 a      1151     1     7     2    11
 -2.2736034420155013E-01 a      1152     1     7     2    12
  1.5127828345654035E-01 a      1153     1     7     2    13
  1.8260139375680282E-01 a      1154     1     7     2    14
 -5.5180571318323779E-01 a      1155     1     7     2    15
 -3.8571738733237027E-01 a      1156     1     7     2    16
  7.6529975297718322E-01 a      1157     1     7     2    17
  2.1816696180221457E-01 a      1158     1     7     2    18
  3.4853319464386655E-02 a      1159     1     7     2    19
 -2.8108496918352799E-01 a      1160     1     7     2    20
  1.2156062323330545E-01 a      1161     1     8     2     1
 -2.6473839592855852E-01 a      1162     1     8     2     2
  4.2838452320388981E-01 a      1163     1     8     2     3
 -1.6432612236181932E-01 a      1164     1     8     2     4
  5.2098601879639694E-01 a      1165     1     8     2     5
 -2.5724455435071381E-01 a      1166     1     8     2     6
 -8.5678701741103272E-02 a      1167     1     8     2     7
 -5.3599220081199750E-01 a      1168     1     8     2     8
  6.5195491101467062E-01 a      1169     1     8     2     9
  1.7122412222433001E-01 a      1170     1     8     2    10
  4.8617634649274438E-01 a      1171     1     8     2    11
  2.9504383026927122E-01 a      1172     1     8     2    12
  3.2945629948878585E-01 a      1173     1     8     2    13
  6.1865038031877717E-01 a      1174     1     8     2    14
 -1.3189848168963542E-02 a      1175     1     8     2    15
  4.5951262176864216E-01 a      1176     1     8     2    16
 -4.3960052333648414E-01 a      1177     1     8     2    17
  3.1047851124631990E-03 a      1178     1     8     2    18
 -2.8603079195294545E-01 a      1179     1     8     2    19
 -3.3955317718269540E-01 a      1180     1     8     2    20
 -1.7002286002317984E-01 a      1181     1     9     2     1
 -2.3875795070302458E-01 a      1182     1     9     2     2
  2.7475261783125576E-01 a      1183     1     9     2     3
 -2.3869980236645469E-01 a      1184     1     9     2     4
 -4.6274696633656631E-01 a      1185     1     9     2     5
 -4.2628103577363541E-01 a      1186     1     9     2     6
 -4.5588155009806917E-02 a      1187     1     9     2     7
 -4.4674880861997063E-01 a      1188     1     9     2     8
 -4.2788157916074154E-01 a      1189     1     9     2     9
  7.4324461482482851E-01 a      1190     1     9     2    10
 -6.9124931196482831E-02 a      1191     1     9     2    11
  4.4582959709954167E-01 a      1192     1     9     2    12
 -3.5668281164499327E-01 a      1193     1     9     2    13
 -6.1187068619717644E-01 a      1194     1     9     2    14
 -2.7162828702084724E-01 a      1195     1     9     2    15
 -1.0128797957415876E-01 a      1196     1     9     2    16
 -2.1876909566311639E-01 a      1197     1     9     2    17
 -9.9503414108545296E-02 a      1198     1     9     2    18
 -3.9710860485423194E-01 a      1199     1     9     2    19
  3.4757804167160594E-01 a      1200     1     9     2    20
  1.1344493235118469E-01 a      1201     1    10     2     1
  1.9968958315341964E-01 a      1202     1    10     2     2
  5.2033790966869697E-01 a      1203     1    10     2     3
 -6.2860868632095313E-01 a      1204     1    10     2     4
  6.4085975739762069E-01 a      1205     1    10     2     5
  3.2914955008560376E-01 a      1206     1    10     2     6
 -3.5480618402732583E-01 a      1207     1    10     2     7
 -4.7233730078349423E-01 a      1208     1    10     2     8
 -1.2732921251826082E-02 a      1209     1    10     2     9
 -5.7797735234718584E-01 a      1210     1    10     2    10
 -1.5110796318359102E-01 a      1211     1    10     2    11
 -5.7080887343360187E-01 a      1212     1    10     2    12
  3.1035175598704329E-01 a      1213     1    10     2    13
 -2.9131285807248920E-02 a      1214     1    10     2    14
 -3.2476814401540710E-01 a      1215     1    10     2    15
 -3.3734162804253109E-01 a      1216     1    10     2    16
 -5.3114225372915114E-01 a      1217     1    10     2    17
 -1.5269138743464691E-01 a      1218     1    10     2    18
 -3.7333629255651996E-01 a      1219     1    10     2    19
 -5.1369658216272096E-02 a      1220     1    10     2    20
  2.3439678586266788E-01 a      1221     1    11     2     1
 -7.1362692872778477E-01 a      1222     1    11     2     2
 -2.2573957051573626E-01 a      1223     1    11     2     3
  2.3877097359025767E-01 a      1224     1    11     2     4
  2.0664424422466279E-01 a      1225     1    11     2     5
 -6.2060324116162269E-01 a      1226     1    11     2     6
  1.0656884502163251E-01 a      1227     1    11     2     7
 -6.5091014170123918E-01 a      1228     1    11     2     8
 -3.1375597785116498E-02 a      1229     1    11     2     9
  5.3451337354339523E-01 a      1230     1    11     2    10
 -3.6192653334888059E-01 a      1231     1    11     2    11
  2.9591916319798139E-01 a      1232     1    11     2    12
  4.8857827569948509E-01 a      1233     1    11     2    13
 -4.5416816689013839E-01 a      1234     1    11     2    14
  1.4516278743831709E-01 a      1235     1    11     2    15
 -4.1032152013767820E-01 a      1236     1    11     2    16
 -4.8797832272346037E-01 a      1237     1    11     2    17
 -3.3719500345522024E-01 a      1238     1    11     2    18
 -1.3429267287761296E-01 a      1239     1    11     2    19
 -6.7008768090351367E-01 a      1240     1    11     2    20
  6.6827487349831782E-01 a      1241     1    12     2     1
 -3.2098318055503466E-01 a      1242     1    12     2     2
  1.6417474806328525E-01 a      1243     1    12     2     3
 -6.5093669303092916E-01 a      1244     1    12     2     4
  1.8605917265949970E-01 a      1245     1    12     2     5
  8.6496154420871746E-02 a      1246     1    12     2     6
  7.0231263675416128E-02 a      1247     1    12     2     7
  1.0854388808191338E-01 a      1248     1    12     2     8
 -1.2430292501497507E-01 a      1249     1    12     2     9
 -4.7165356749542597E-01 a      1250     1    12     2    10
 -8.6863194329322024E-01 a      1251     1    12     2    11
  2.4192595614203830E-01 a      1252     1    12     2    12
  3.1376923790555888E-01 a      1253     1    12     2    13
  1.6769734566407168E-01 a      1254     1    12     2    14
 -5.0241884685495564E-01 a      1255     1    12     2    15
 -8.8458642315128266E-01 a      1256     1    12     2    16
  7.6159131313322848E-01 a      1257     1    12     2    17
 -4.1848695334256664E-01 a      1258     1    12     2    18
 -2.2373966957961941E-01 a      1259     1    12     2    19
  4.4880969207732914E-02 a      1260     1    12     2    20
  3.6380322633116725E-02 a      1261     1    13     2     1
  2.4054728489815508E-01 a      1262     1    13     2     2
  4.0208749325606458E-01 a      1263     1    13     2     3
 -7.7474103105709069E-01 a      1264     1    13     2     4
  4.4209241721241727E-01 a      1265     1    13     2     5
  6.8130515781330292E-01 a      1266     1    13     2     6
  3.1825187282262947E-02 a      1267     1    13     2     7
 -1.3242469985988639E-01 a      1268     1    13     2     8
  4.4737118032657625E-01 a      1269     1    13     2     9
  4.3572360012472966E-01 a      1270     1    13     2    10
 -1.1489508997121926E-01 a      1271     1    13     2    11
  9.4271975406219821E-01 a      1272     1    13     2    12
  3.5494159652859852E-01 a      1273     1    13     2    13
 -8.5686276651885107E-01 a      1274     1    13     2    14
 -1.2347992371206844E-01 a      1275     1    13     2    15
  3.0508203251337679E-01 a      1276     1    13     2    16
 -2.0904088070012891E-01 a      1277     1    13     2    17
  4.7473044700642159E-01 a      1278     1    13     2    18
 -3.1623215599851384E-01 a      1279     1    13     2    19
 -1.0460965525062683E-01 a      1280     1    13     2    20
  2.2934845690319808E-01 a      1281     1    14     2     1
 -6.9720998596967954E-01 a      1282     1    14     2     2
  2.5096690876554278E-01 a      1283     1    14     2     3
 -8.5743237852188264E-02 a      1284     1    14     2     4
  3.6830670274298732E-01 a      1285     1    14     2     5
 -3.4654144441767420E-01 a      1286     1    14     2     6
 -5.8494399472384562E-01 a      1287     1    14     2     7
 -8.3081605670934611E-01 a      1288     1    14     2     8
 -7.2827509831480275E-01 a      1289     1    14     2     9
  2.4107062581883090E-01 a      1290     1    14     2    10
  3.8725197350936325E-02 a      1291     1    14     2    11
  4.0465879002512598E-02 a      1292     1    14     2    12
  7.3801771996944709E-02 a      1293     1    14     2    13
 -5.1767074903049581E-01 a      1294     1    14     2    14
 -6.8630711764939378E-01 a      1295     1    14     2    15
 -4.5469929710662577E-01 a      1296     1    14     2    16
 -1.0889842818998032E+00 a      1297     1    14     2    17
 -1.6854768726884384E-01 a      1298     1    14     2    18
 -4.2117386309267951E-01 a      1299     1    14     2    19
 -8.3457183778585936E-02 a      1300     1    14     2    20
  6.5234983444083530E-02 a      1301     1    15     2     1
 -3.6783035395052932E-01 a      1302     1    15     2     2
 -7.6550441674570957E-03 a      1303     1    15     2     3
  2.7194834952997232E-01 a      1304     1    15     2     4
  3.6622077218285233E-02 a      1305     1    15     2     5
  4.3682263306991781E-01 a      1306     1    15     2     6
  6.2415210827781076E-01 a      1307     1    15     2     7
 -3.7408590885460585E-02 a      1308     1    15     2     8
  2.0227584142066538E-01 a      1309     1    15     2     9
 -5.3683044296608429E-01 a      1310     1    15     2    10
 -4.2821491355351010E-01 a      1311     1    15     2    11
  3.4996713604489005E-01 a      1312     1    15     2    12
 -2.3241578662947862E-01 a      1313     1    15     2    13
  4.5325055129396286E-01 a      1314     1    15     2    14
 -1.3916312356523997E-01 a      1315     1    15     2    15
 -3.3925726653922239E-01 a      1316     1    15     2    16
 -3.2411905887934117E-01 a      1317     1    15     2    17
  8.8332527394516225E-01 a      1318     1    15     2    18
  3.0939099022351579E-01 a      1319     1    15     2    19
 -2.0220472337629961E-01 a      1320     1    15     2    20
  6.8979665977660076E-01 a      1321     1    16     2     1
 -2.2710137530573024E-01 a      1322     1    16     2     2
 -4.6257808619328167E-01 a      1323     1    16     2     3
  1.7763223282033616E-01 a      1324     1    16     2     4
  4.2805463233252683E-01 a      1325     1    16     2     5
 -1.9801425863726554E-01 a      1326     1    16     2     6
  2.6945426162888791E-01 a      1327     1    16     2     7
  1.1625978370147123E-01 a      1328     1    16     2     8
  6.2356578208487157E-01 a      1329     1    16     2     9
  1.1239299978046742E-01 a      1330     1    16     2    10
 -2.8916228470796873E-01 a      1331     1    16     2    11
  6.8338264115840308E-01 a      1332     1    16     2    12
  5.1178243481649166E-01 a      1333     1    16     2    13
 -5.3957259453580497E-01 a      1334     1    16     2    14
  3.0952584458822130E-01 a      1335     1    16     2    15
 -7.5533098325693881E-02 a      1336     1    16     2    16
 -3.1846922357899593E-01 a      1337     1    16     2    17
  5.0762311777644931E-01 a      1338     1    16     2    18
 -2.5612760686697267E-01 a      1339     1    16     2    19
 -5.6374269566647239E-01 a      1340     1    16     2    20
 -6.6587846070109169E-01 a      1341     1    17     2     1
  5.6379128305251702E-01 a      1342     1    17     2     2
 -5.8219710363806687E-01 a      1343     1    17     2     3
 -5.2293539614592377E-01 a      1344     1    17     2     4
  1.1042096062134572E-01 a      1345     1    17     2     5
 -4.0060534670920445E-01 a      1346     1    17     2     6
  5.9157019131806188E-01 a      1347     1    17     2     7
 -1.9282033050384333E-02 a      1348     1    17     2     8
  4.7158807677515119E-01 a      1349     1    17     2     9
  4.4769817954808300E-01 a      1350     1    17     2    10
 -5.2444691246007313E-01 a      1351     1    17     2    11
  3.2874226397678612E-02 a      1352     1    17     2    12
 -2.3520232958794168E-01 a      1353     1    17     2    13
 -8.4578067322197603E-01 a      1354     1    17     2    14
  4.1652732113708746E-01 a      1355     1    17     2    15
  1.6608438638693174E-01 a      1356     1    17     2    16
  7.1806177813817718E-01 a      1357     1    17     2    17
 -8.6953772227573473E-02 a      1358     1    17     2    18
 -6.6706894667485050E-01 a      1359     1    17     2    19
 -6.0005206039252579E-01 a      1360     1    17     2    20
  2.2634129820159074E-01 a      1361     1    18     2     1
 -8.0577311119603745E-01 a      1362     1    18     2     2
  4.1541672635750193E-01 a      1363     1    18     2     3
 -1.9111766146159942E-01 a      1364     1    18     2     4
 -6.0512271446508059E-01 a      1365     1    18     2     5
  2.8966355785316061E-01 a      1366     1    18     2     6
 -1.5486724855506406E-01 a      1367     1    18     2     7
 -2.9749579485829697E-01 a      1368     1    18     2     8
 -2.3782782076685938E-01 a      1369     1    18     2     9
  4.3950890608974857E-01 a      1370     1    18     2    10
 -1.2850113892115389E-01 a      1371     1    18     2    11
  7.8212668476193870E-01 a      1372     1    18     2    12
  1.5233793728719638E-01 a      1373     1    18     2    13
  3.3806487863248108E-01 a      1374     1    18     2    14
  2.3535477367188221E-01 a      1375     1    18     2    15
  1.9381358265960430E-01 a      1376     1    18     2    16
  2.3116663049002319E-02 a      1377     1    18     2    17
 -6.2775336120310476E-01 a      1378     1    18     2    18
 -3.7060321864476220E-02 a      1379     1    18     2    19
 -2.8314261018842724E-01 a      1380     1    18     2    20
 -2.0888573504721705E-01 a      1381     1    19     2     1
 -9.1195533064110490E-02 a      1382     1    19     2     2
  1.9973505986360157E-01 a      1383     1    19     2     3
  1.7198013414260688E-01 a      1384     1    19     2     4
 -2.9894962457060764E-01 a      1385     1    19     2     5
  1.7028927078124298E-01 a      1386     1    19     2     6
  1.3917053681820973E-01 a      1387     1    19     2     7
 -2.2859836846670359E-01 a      1388     1    19     2     8
 -2.4766443881276079E-01 a      1389     1    19     2     9
  7.5622684910556875E-02 a      1390     1    19     2    10
  1.3472691904942088E-01 a      1391     1    19     2    11
  2.6381978583176752E-01 a      1392     1    19     2    12
 -1.4322117759056821E-01 a      1393     1    19     2    13
 -5.2271836898367385E-01 a      1394     1    19     2    14
  2.7347797694628022E-02 a      1395     1    19     2    15
  1.0081516643157243E-02 a      1396     1    19     2    16
 -2.9292845081458346E-01 a      1397     1    19     2    17
  8.9542851207919064E-02 a      1398     1    19     2    18
 -1.3283931550790403E-03 a      1399     1    19     2    19
 -3.4053151069385207E-01 a      1400     1    19     2    20
  4.7356035768548921E-01 a      1401     1    20     2     1
  6.0839610999139898E-02 a      1402     1    20     2     2
 -5.9540015447672601E-01 a      1403     1    20     2     3
 -1.0950184089624637E-01 a      1404     1    20     2     4
  5.9508529621114026E-02 a      1405     1    20     2     5
 -3.5904891389686322E-01 a      1406     1    20     2     6
 -3.7700973847147562E-01 a      1407     1    20     2     7
  2.7164341329214525E-01 a      1408     1    20     2     8
  3.0292519883716496E-01 a      1409     1    20     2     9
 -1.9321682993032147E-01 a      1410     1    20     2    10
 -3.7828422302788184E-01 a      1411     1    20     2    11
 -3.2919382378968909E-01 a      1412     1    20     2    12
  4.5972241430510730E-01 a      1413     1    20     2    13
  3.0703687485140502E-01 a      1414     1    20     2    14
 -2.2900647062837351E-01 a      1415     1    20     2    15
 -4.2701708845714853E-01 a      1416     1    20     2    16
  4.0320605193759806E-01 a      1417     1    20     2    17
  4.3774055366371634E-01 a      1418     1    20     2    18
  1.7074356461005638E-01 a      1419     1    20     2    19
 -3.0029020943450119E-01 a      1420     1    20     2    20
 -2.3507417306025924E-01 b      1421     2     1
 -5.4212993707920543E-01 b      1422     2     2
 -1.0558081547970828E+00 b      1423     2     3
  3.1761956106847865E-02 b      1424     2     4
 -1.6523888033189182E+00 b      1425     2     5
  9.5912863773407953E-01 b      1426     2     6
 -2.5040092712558182E-01 b      1427     2     7
 -3.6303697306403031E-02 b      1428     2     8
 -4.6501503065395317E-01 b      1429     2     9
 -2.4339317264671281E-01 b      1430     2    10
  1.0753485667655722E+00 b      1431     2    11
 -9.8167593545943233E-01 b      1432     2    12
  2.0371280870614686E-01 b      1433     2    13
 -1.2621482524098668E+00 b      1434     2    14
  8.3506755498159346E-01 b      1435     2    15
  5.4195493580358700E-01 b      1436     2    16
 -3.3179020241962076E-01 b      1437     2    17
  8.0201998530923990E-01 b      1438     2    18
  5.3046044740088405E-01 b      1439     2    19
  6.1586192970327591E-01 b      1440     2    20
  1.8393773567382635E-01 a      1441     2     1     3     1
 -3.7181738554635169E-01 a      1442     2     2     3     1
  4.6958120578481949E-01 a      1443     2     3     3     1
 -5.7007133176230695E-01 a      1444     2     4     3     1
  1.6292794741307453E+00 a      1445     2     5     3     1
 -1.5516602390364276E+00 a      1446     2     6     3     1
  9.1724375879787279E-01 a      1447     2     7     3     1
  6.9476240155580771E-01 a      1448     2     8     3     1
 -3.1669557529318948E-01 a      1449     2     9     3     1
  4.5352597064860473E-01 a      1450     2    10     3     1
  7.1760377864277514E-01 a      1451     2    11     3     1
 -1.1735205786749385E+00 a      1452     2    12     3     1
 -2.8886752359235107E-01 a      1453     2    13     3     1
  1.5074749710044916E-01 a      1454     2    14     3     1
  5.3317239750910361E-01 a      1455     2    15     3     1
 -8.0782154146986807E-01 a      1456     2    16     3     1
 -4.0685031231789165E-01 a      1457     2    17     3     1
 -1.4307022911419529E+00 a      1458     2    18     3     1
  3.1842609691749263E-01 a      1459     2    19     3     1
 -2.5649927597954825E-01 a      1460     2    20     3     1
 -2.0545119296513972E-01 b      1461     3     1
