################################################################################
# Symmetry function scaling data.
################################################################################
# Col  Name     Description
################################################################################
# 1    e_index  Element index.
# 2    sf_index Symmetry function index.
# 3    sf_min   Symmetry function minimum.
# 4    sf_max   Symmetry function maximum.
# 5    sf_mean  Symmetry function mean.
# 6    sf_sigma Symmetry function sigma.
#########################################################################################################################
#        1          2                        3                        4                        5                        6
#  e_index   sf_index                   sf_min                   sf_max                  sf_mean                 sf_sigma
#########################################################################################################################
         1          1   6.0735320762341102E-02   2.5472567508002847E-01   1.3840514778221333E-01   2.4576250700859757E-02
         1          2   0.0000000000000000E+00   6.6408109072818133E-02   1.6641404104366338E-03   4.9311081431908030E-03
         1          3   0.0000000000000000E+00   7.2380035094909881E-02   1.7135538958499158E-03   5.3749240473418931E-03
         1          4   1.9594965644037143E-01   3.4500388734360399E-01   2.6142160214073817E-01   2.2592744217372011E-02
         1          5   1.8837139093301189E-01   7.0810336305531507E-01   4.0407478229376753E-01   7.7832792877313789E-02
         1          6   0.0000000000000000E+00   2.1040695966543679E-01   9.0991967159537602E-03   2.2345555959016557E-02
         1          7   0.0000000000000000E+00   2.1353335005763854E-01   8.8874508354332398E-03   2.2545309560193044E-02
         1          8   3.1170706369887324E-01   5.9475168366074382E-01   4.4906824606828838E-01   5.5290804255591144E-02
         1          9   3.0946312605074822E-01   1.3467838021011793E+00   8.1632197391736938E-01   1.7168456787514205E-01
         1         10   0.0000000000000000E+00   4.8190371562238793E-01   3.3963278783478698E-02   6.6875496799421896E-02
         1         11   0.0000000000000000E+00   4.7579878131881748E-01   3.2430245951419516E-02   6.5115086973077607E-02
         1         12   2.9512751636898454E-01   8.2749174181414153E-01   5.6009586124738187E-01   9.1885738669760977E-02
         1         13   3.6770241552470712E-01   1.9848040897302028E+00   1.2012825785012584E+00   2.7408207039006982E-01
         1         14   0.0000000000000000E+00   7.7386126344752681E-01   8.8832869137621243E-02   1.3662331984075138E-01
         1         15   0.0000000000000000E+00   7.4102366345377813E-01   8.4758283155267775E-02   1.3238147910267181E-01
         1         16   1.9951389317334622E-01   1.0140694249113560E+00   6.0792702057139747E-01   1.3007225048449408E-01
         1         17   3.9605945558288330E-01   2.2818190641216587E+00   1.3665954552400845E+00   3.3816431881396619E-01
         1         18   0.0000000000000000E+00   9.0954852823084442E-01   1.6634753814513989E-01   1.9978304371527644E-01
         1         19   0.0000000000000000E+00   8.7308250103065110E-01   1.6011749552608859E-01   1.9509576311760529E-01
         1         20   1.6680371033096833E-01   1.1404456593882637E+00   6.5293129300425046E-01   1.6592128145610696E-01
         1         21   4.1587695835545729E-01   2.1268306313437892E+00   1.2608728567531005E+00   3.3077198606256686E-01
         1         22   0.0000000000000000E+00   7.9600847729060809E-01   2.2612088434720284E-01   2.1906687560497623E-01
         1         23   0.0000000000000000E+00   7.8363768192101535E-01   2.1959282895414245E-01   2.1517411788216925E-01
         1         24   1.9839249000396317E-01   1.1091875607119457E+00   6.3653197044163268E-01   1.6955462004329486E-01
         1         25   3.3881710927777281E-01   1.6344381037554876E+00   9.5295531317102633E-01   2.5721636561125644E-01
         1         26   0.0000000000000000E+00   5.7487234975344881E-01   2.2487587728080513E-01   1.8432784974694316E-01
         1         27   0.0000000000000000E+00   5.7339293103632882E-01   2.1970457098390170E-01   1.8150472076582580E-01
         1         28   1.7606434923959796E-01   8.8323260800739378E-01   4.9430541083487933E-01   1.3504782127670831E-01
         1         29   2.1428701009104362E-01   1.0007993597212190E+00   5.7604643799258293E-01   1.5786749523589436E-01
         1         30   0.0000000000000000E+00   3.3756362665379747E-01   1.6441938799910533E-01   1.1877962745646577E-01
         1         31   0.0000000000000000E+00   3.4007170130287556E-01   1.6140236576271808E-01   1.1741301868050193E-01
         1         32   1.0076897235771322E-01   5.2437297999336552E-01   2.9354206681052769E-01   8.2717463544139336E-02
         1         33   1.0994324711431180E-01   4.9451194579376240E-01   2.7059472025506282E-01   7.4857863502638886E-02
         1         34   0.0000000000000000E+00   1.6349278601584230E-01   8.8555425074397898E-02   5.7940148749462010E-02
         1         35   0.0000000000000000E+00   1.6281430801336375E-01   8.7400065691309592E-02   5.7625223132519492E-02
         1         36   4.6877855186595915E-02   2.5759077096499111E-01   1.3458681776792583E-01   3.8678922686097621E-02
         1         37   3.8024790615306420E-02   1.8406352244395452E-01   9.6689852552537731E-02   2.6835741460332442E-02
         1         38   0.0000000000000000E+00   5.9938961487453077E-02   3.4981815557477251E-02   2.1107245761711239E-02
         1         39   0.0000000000000000E+00   6.2304783899276427E-02   3.4730606529073671E-02   2.1129893490967642E-02
         1         40   1.5261187942703876E-02   9.7143011427789902E-02   4.7807836214419176E-02   1.3845789315577896E-02
         1         41   2.1177605862296106E-03   6.7367947016679849E-02   2.5373611317642101E-02   1.0347322008900825E-02
         1         42   0.0000000000000000E+00   1.8985996765889718E-02   1.6276712809668323E-03   2.2204757577647164E-03
         1         43   0.0000000000000000E+00   1.9023008642403645E-02   1.5525370660070740E-03   2.1781796477306522E-03
         1         44   6.7656707598227192E-03   1.0457790070836286E-01   4.6064214837418939E-02   1.6104589639729622E-02
         1         45   0.0000000000000000E+00   9.4252578542632220E-03   5.0778244763320776E-04   1.0604735827479995E-03
         1         46   0.0000000000000000E+00   1.9234377592674962E-02   1.0244302036526880E-03   2.1615787312214835E-03
         1         47   0.0000000000000000E+00   2.3718375382765580E-02   2.0999742329374503E-03   3.2134117880519646E-03
         1         48   0.0000000000000000E+00   9.1273734802344610E-03   4.7695565508657536E-04   1.0107720083519869E-03
         1         49   0.0000000000000000E+00   2.4307449687674183E-02   2.0181288312327117E-03   3.1694645484549385E-03
         1         50   7.0381263194463340E-04   3.8015711024590448E-02   1.6498035474795721E-02   6.4310142026700974E-03
         1         51   1.1506618285967251E-02   1.6119032410870449E-01   6.7169625296853747E-02   2.2828933469687160E-02
         1         52   0.0000000000000000E+00   2.2352651636388599E-02   2.6745526832831941E-03   2.7484775045632966E-03
         1         53   0.0000000000000000E+00   2.0933535390774142E-02   2.5305912089563717E-03   2.6381218555861074E-03
         1         54   6.1055047523392143E-02   3.1304743312361505E-01   1.6885192058946780E-01   3.7795550087070515E-02
         1         55   0.0000000000000000E+00   3.0313077202039237E-02   2.8066790912116141E-03   4.6053954993394630E-03
         1         56   0.0000000000000000E+00   1.1887491724242012E-01   1.0411334091117457E-02   1.7531795384597076E-02
         1         57   0.0000000000000000E+00   1.5074609601366105E-02   2.1291601039896981E-03   2.1726897800663269E-03
         1         58   0.0000000000000000E+00   3.0601548416116800E-02   2.6691482240263518E-03   4.4870938480844605E-03
         1         59   0.0000000000000000E+00   1.3254609947707998E-02   1.9819901347055201E-03   2.0156609472882941E-03
         1         60   3.1755909235665299E-03   3.7465450200375200E-02   1.5619064025683693E-02   4.8890640312503056E-03
         1         61   3.8660401735232685E-05   1.6931754455502750E-02   4.7955876790931017E-03   2.4788472984847809E-03
         1         62   0.0000000000000000E+00   7.7133566437633371E-03   3.7181495534559212E-04   8.1828375547839875E-04
         1         63   0.0000000000000000E+00   8.6293786611100175E-03   3.6954503682118340E-04   8.5362552777557682E-04
         1         64   3.0185268529441304E-05   3.4034750857249253E-02   1.3716567665961403E-02   6.5569012611867124E-03
         1         65   0.0000000000000000E+00   3.5479866261621540E-04   6.7180517268266810E-06   2.2513333341740739E-05
         1         66   0.0000000000000000E+00   7.6589920513845939E-04   1.3883710591588439E-05   4.6113431304417146E-05
         1         67   0.0000000000000000E+00   1.4219534214822100E-02   7.5473368256314636E-04   1.8463061793804355E-03
         1         68   0.0000000000000000E+00   3.3341519095729267E-04   5.8807770499531270E-06   1.9349983532700521E-05
         1         69   0.0000000000000000E+00   1.7407740145678134E-02   7.5889247646497614E-04   1.9323969096195427E-03
         1         70   3.0074923198352382E-06   2.2785752750971919E-02   9.4630172921199764E-03   4.7831170919668403E-03
         1         71   7.8230057835198420E-03   8.4564645664395588E-02   3.7513371821646352E-02   1.1906681367690321E-02
         1         72   0.0000000000000000E+00   1.1341177044636448E-02   1.1296878488499989E-03   1.3190761057617166E-03
         1         73   0.0000000000000000E+00   1.1251571347529160E-02   1.0817244215916854E-03   1.3001112094291902E-03
         1         74   4.5081189454942425E-02   2.0625701527044907E-01   1.1848702985638031E-01   2.4681814231031884E-02
         1         75   0.0000000000000000E+00   1.5090717312094024E-02   1.7715954466828961E-03   2.6407017061469730E-03
         1         76   0.0000000000000000E+00   8.3567582929255813E-02   8.2086662832956334E-03   1.3203921435499826E-02
         1         77   0.0000000000000000E+00   5.9401068621915696E-03   7.1560793876462609E-04   7.7680144684646438E-04
         1         78   0.0000000000000000E+00   1.5118024965715720E-02   1.6885690374783063E-03   2.5822899391673682E-03
         1         79   0.0000000000000000E+00   5.0526129016323276E-03   6.6121736331055229E-04   7.1038589388179336E-04
         1         80   1.4982939562866746E-03   1.5445592926614586E-02   6.8511819104237776E-03   1.9841343599252977E-03
         2          1   2.4208856877874018E-09   5.2854357692464000E-02   1.5716881654123758E-03   3.0400185140313997E-03
         2          2   3.5885013212402450E-02   5.2561022016330873E-02   4.3344707220423592E-02   2.0120091517944749E-03
         2          3   2.8213313653632671E-01   3.5482010057558949E-01   3.2076165358400383E-01   8.8243860092444837E-03
         2          4   7.7656836027806873E-10   9.5856219116963581E-03   2.4787090345193080E-04   4.5008967221773388E-04
         2          5   9.3557761852191421E-08   1.4492833808784783E-01   8.5936857872896608E-03   1.2398409388806736E-02
         2          6   1.6875673953302536E-01   2.2616239276205483E-01   1.9525721090965598E-01   6.9666496906132021E-03
         2          7   6.3200952002508581E-01   7.2648754287156225E-01   6.8543799348105683E-01   1.1455779968118756E-02
         2          8   3.2411378417621375E-08   4.0676998433380795E-02   1.9342916129951558E-03   2.6274923925211336E-03
         2          9   2.2046562144049174E-06   2.5548846221955096E-01   3.2076429962174330E-02   3.2838651710114394E-02
         2         10   4.8289213086584942E-01   5.9252948334865962E-01   5.3522776510543280E-01   1.3414315619473392E-02
         2         11   9.1415689839526471E-01   9.8434763255017377E-01   9.5139329672666817E-01   8.2849945317297908E-03
         2         12   8.2239763402917727E-07   1.0578830550675995E-01   9.7637859932649482E-03   9.7907826180478729E-03
         2         13   3.1704276277614772E-05   3.9733603179741273E-01   8.3897709741086735E-02   5.8213232612320850E-02
         2         14   8.4599998441767865E-01   9.5322427505631990E-01   8.9850357080834964E-01   1.3229133065371183E-02
         2         15   9.2049043211808013E-01   9.9778950869229055E-01   9.5852780949471938E-01   9.5125312376508203E-03
         2         16   1.2691717189179158E-05   1.7246607744090403E-01   3.2242102967856401E-02   2.3339418566280423E-02
         2         17   2.7850609957801465E-04   4.8154775059638649E-01   1.5710600824818771E-01   7.2800442915090094E-02
         2         18   9.2289173880865594E-01   9.7172080981008235E-01   9.4677658882849336E-01   5.6813106647214022E-03
         2         19   7.9740545538492713E-01   8.7771652411124079E-01   8.3726754854218299E-01   9.5971740762422000E-03
         2         20   1.1919063822720207E-04   2.1666021714094749E-01   7.0746278994969602E-02   3.5973927210196571E-02
         2         21   1.4962284816465721E-03   5.1130155677383216E-01   2.1355861299458051E-01   6.8652374114623604E-02
         2         22   6.6177256508937765E-01   7.0596831188514797E-01   6.8219309531111161E-01   5.2361829757790980E-03
         2         23   6.5695708208661796E-01   7.1867794647291128E-01   6.8780064645122163E-01   7.3261769831736686E-03
         2         24   6.6634882860348691E-04   2.5615994261925340E-01   1.0527435839131728E-01   3.7264715604239280E-02
         2         25   4.9226797500517240E-03   4.2662411191476646E-01   2.1238277298742703E-01   5.1405168061475263E-02
         2         26   3.9068098992790590E-01   4.3711412556559393E-01   4.1308532812555915E-01   5.5935991220134786E-03
         2         27   4.6174771962636518E-01   4.9754715316656173E-01   4.8046109864473585E-01   4.1027765484221981E-03
         2         28   2.2347189348528138E-03   2.3416419312657505E-01   1.0886037260968479E-01   2.8542820313866013E-02
         2         29   9.9343800776374724E-03   3.0026405780371074E-01   1.5528497755471060E-01   3.1274512104191514E-02
         2         30   2.3449394621154701E-01   2.6519328822739341E-01   2.4950897215635759E-01   3.6388596113241791E-03
         2         31   2.5131853836536994E-01   2.6883693564839756E-01   2.5878559377197724E-01   1.9644726330659288E-03
         2         32   4.6175116891860515E-03   1.6553188325148238E-01   8.0189697212220981E-02   1.8017825139661332E-02
         2         33   1.2320018652794260E-02   1.4541718789181032E-01   8.3635679236931354E-02   1.5358580340116123E-02
         2         34   1.2568327827953427E-01   1.3792341746259457E-01   1.3186726508106605E-01   1.4118022726261391E-03
         2         35   1.0221803694603530E-01   1.1465045356524881E-01   1.0789925530557667E-01   1.4541369264331804E-03
         2         36   5.8890115003991080E-03   7.9414284992702699E-02   4.2875514544507526E-02   9.3330651920467758E-03
         2         37   9.4081776269053456E-03   5.7058778244631722E-02   3.3038381359839636E-02   5.9138329205304348E-03
         2         38   4.8742009153357017E-02   5.1690779778179208E-02   5.0231176600110117E-02   3.6009402459144844E-04
         2         39   3.4411668632849848E-02   4.0085663349858379E-02   3.6968909951115139E-02   6.4975759079033521E-04
         2         40   3.2585147241368600E-03   3.4203462289325755E-02   1.6740761539786490E-02   3.7471381073339843E-03
         2         41   1.4453247841143874E-08   2.0266485022593884E-03   1.6609386345999762E-04   1.4921360248255989E-04
         2         42   5.0154117677657130E-06   1.2114596507817370E-02   1.9747307226628229E-03   1.4750338978293022E-03
         2         43   5.6930972122840383E-06   2.7894983384548801E-02   4.0081988373620375E-03   3.2299105346698365E-03
         2         44   1.9524467091726482E-08   1.3109718841346218E-03   1.5641600107694345E-04   1.2818611856003017E-04
         2         45   6.3663818598335715E-03   9.2180324465526656E-03   7.6644115944889653E-03   3.4219976910778127E-04
         2         46   3.1693773262390326E-02   4.2230741619500481E-02   3.6758439439760010E-02   1.3314356170267103E-03
         2         47   1.9013164597141483E-06   4.5991795453786209E-03   7.2787525752921703E-04   5.0177865704985184E-04
         2         48   3.7528531535482385E-02   5.0239082410970561E-02   4.4404416826929805E-02   1.5314332864791104E-03
         2         49   2.1506242361282722E-06   1.0717532870588830E-02   1.4488562452600014E-03   1.0784428091184575E-03
         2         50   1.2445224226499719E-09   2.5245329611778636E-04   2.6190281059437210E-05   2.3768281794166770E-05
         2         51   4.1297838615149322E-07   1.5330628663396557E-02   1.8655118974358479E-03   1.4614431077322567E-03
         2         52   2.2702645161236101E-05   2.0475432813175879E-02   4.2859188507107298E-03   2.6404879818166908E-03
         2         53   2.5471898879638590E-05   3.6109715973964944E-02   6.7922452188097634E-03   4.6931631625724730E-03
         2         54   8.5461240928504422E-07   2.4500190242638147E-02   3.8377664282431413E-03   2.7220267453736237E-03
         2         55   1.8717648680856701E-02   2.4948424629084524E-02   2.1476835587702435E-02   7.4184188656873187E-04
         2         56   1.3599143702245303E-01   1.6485780262166375E-01   1.5030454525936551E-01   3.5775269809784193E-03
         2         57   9.4485028151690517E-06   6.3929326997645185E-03   1.4719684669634537E-03   8.0904105209694062E-04
         2         58   4.2799902858905572E-02   5.4245563863138439E-02   4.8614396531126626E-02   1.3687329358238946E-03
         2         59   1.0085027311456081E-05   1.0903868950781314E-02   2.3040455151208698E-03   1.3802563200986920E-03
         2         60   1.2368213498460427E-08   1.3069575038823489E-03   1.7455118201533176E-04   1.4144534939641525E-04
         2         61   8.5802678646147084E-12   4.2872864630821752E-05   8.6050023157094367E-07   1.4465673345616870E-06
         2         62   4.1454707533066321E-08   1.4747900379960912E-03   1.5175900264201506E-04   1.4778679073835865E-04
         2         63   7.7035592084540550E-08   4.2192387529671341E-03   4.7585635830661184E-04   4.3922579907869125E-04
         2         64   1.5455920139418728E-11   1.4149165224318220E-05   6.4354696264651479E-07   8.1823006655925209E-07
         2         65   7.8815688835270697E-04   1.4358513638776525E-03   1.0640724319846136E-03   7.7439973717609704E-05
         2         66   8.1906943839899771E-03   1.2003559815341042E-02   1.0030729776360072E-02   4.9402955483896687E-04
         2         67   1.6069494681915913E-08   5.7750406828078191E-04   5.1314816155484636E-05   4.7127978310014370E-05
         2         68   1.3370982407686471E-02   1.8317138979857667E-02   1.5998203730284582E-02   6.3511172691749728E-04
         2         69   3.1526479002037119E-08   1.4853916106626912E-03   1.5592272650206832E-04   1.3184349209883369E-04
         2         70   3.5064092309958007E-12   2.5918904058142273E-06   1.1260298818694115E-07   1.4187645660310922E-07
         2         71   3.7416801247630977E-07   1.1063769334111103E-02   1.4823157862609462E-03   1.1456508935763787E-03
         2         72   1.0768627131314814E-05   7.3355105809743519E-03   1.6791649622884411E-03   9.9691220733107741E-04
         2         73   1.1030154046766372E-05   1.1441502705767286E-02   2.2986882225393356E-03   1.5336610521157548E-03
         2         74   8.0377777166927777E-07   2.2283328544165069E-02   3.4611721731529952E-03   2.4454686239942028E-03
         2         75   9.4529928182672772E-03   1.2541656085217059E-02   1.0817063214204196E-02   3.6292578442928731E-04
         2         76   1.0010749080551948E-01   1.2041967944730669E-01   1.1010568663762652E-01   2.4984279447430144E-03
         2         77   5.5749001788843060E-06   2.3435247236857134E-03   5.2203098867523450E-04   2.7082288453172270E-04
         2         78   1.9023844477763445E-02   2.4325308729066079E-02   2.1657086169241339E-02   6.3624461006978549E-04
         2         79   5.8962671215079879E-06   2.9755317447499943E-03   6.8825052386064448E-04   3.6616290014367998E-04
         2         80   9.4741230140309623E-09   8.7815501737769806E-04   1.1643476776805278E-04   9.1479873084214812E-05
         3          1   1.4916934608349888E-08   6.3417612143573762E-02   1.6183564571915869E-03   3.9554246210916138E-03
         3          2   2.8518459939060087E-01   3.5858233658569755E-01   3.2076165358400388E-01   9.0909192933180723E-03
         3          3   3.4510627095799724E-02   5.0868189861447165E-02   4.2487337531448247E-02   1.9825403264916238E-03
         3          4   2.1849266074049847E-10   4.9774909165020802E-03   2.1558507921049579E-04   3.4291556557457356E-04
         3          5   4.7480764392484089E-07   1.6045752544664613E-01   8.3937035667980605E-03   1.4220505468580894E-02
         3          6   6.3656396346886457E-01   7.3221678270292212E-01   6.8543799348105672E-01   1.1892311236508211E-02
         3          7   1.6370009285633486E-01   2.2098380148428981E-01   1.9230477356469106E-01   6.9150937322428547E-03
         3          8   9.7998882261096822E-09   2.4458554014363823E-02   1.7415794695761642E-03   2.2044499730118411E-03
         3          9   9.2250180725885008E-06   2.6851425204432161E-01   3.0628565620785093E-02   3.4159298095679858E-02
         3         10   9.1106215770386945E-01   9.8722840518273025E-01   9.5139329672666806E-01   8.9920717279537900E-03
         3         11   4.7231135231530930E-01   5.8391713269726042E-01   5.2955654715775646E-01   1.3425078351977740E-02
         3         12   2.6793785499139500E-07   7.3236411383279174E-02   9.0248698506873466E-03   8.8419532840225360E-03
         3         13   1.0958795715285833E-04   3.8413917404313186E-01   8.0049489646641797E-02   5.7648723725167335E-02
         3         14   9.1718902724529094E-01   9.9764237480002449E-01   9.5852780949471938E-01   1.0502631362360635E-02
         3         15   8.3346484366821560E-01   9.4487586160524750E-01   8.9278072332601333E-01   1.3411058076228081E-02
         3         16   4.4696300474401012E-06   1.5644089899880970E-01   3.0393955666697333E-02   2.2233658206156606E-02
         3         17   7.9783889229249308E-04   5.1449433716263149E-01   1.5122207910797261E-01   7.2411792152571597E-02
         3         18   7.8976151162501362E-01   8.8550494939830449E-01   8.3726754854218266E-01   1.0726811514681640E-02
         3         19   9.1829133131075613E-01   9.6571151890924734E-01   9.4393489463248226E-01   6.0016196352080161E-03
         3         20   4.5539717294638547E-05   2.2968110213087709E-01   6.7685028280266485E-02   3.5524691523936863E-02
         3         21   3.5712491989193414E-03   5.2445019924805070E-01   2.0739322734557897E-01   6.9780919407068223E-02
         3         22   6.5449155960697014E-01   7.2522340323236101E-01   6.8780064645122163E-01   8.1896355890080895E-03
         3         23   6.6201234130085851E-01   7.0541132406009532E-01   6.8082719690670912E-01   5.3394325579862066E-03
         3         24   2.8373800977883059E-04   2.7055385128167736E-01   1.0187888232199332E-01   3.7555435018981009E-02
         3         25   9.8710840196560533E-03   4.2700386831282100E-01   2.0749876148479604E-01   5.2239832535629201E-02
         3         26   4.5971827447786739E-01   4.9916676419639527E-01   4.8046109864473585E-01   4.4908151941748563E-03
         3         27   3.8829803687349412E-01   4.3612846664248489E-01   4.1118433303707247E-01   5.8441306352868122E-03
         3         28   1.0825326719547741E-03   2.3863740799688715E-01   1.0632048846211235E-01   2.8994133958949071E-02
         3         29   1.5715790897698648E-02   2.9057687238786345E-01   1.5243556766478930E-01   3.1470993742845274E-02
         3         30   2.5083503905913535E-01   2.6911417315037328E-01   2.5878559377197724E-01   2.0336177094601678E-03
         3         31   2.3186789201272820E-01   2.6365153916137940E-01   2.4784679098060608E-01   3.9392537049275089E-03
         3         32   2.5328121355246199E-03   1.5641969036827280E-01   7.8887824740898657E-02   1.8339560607329546E-02
         3         33   1.5112051780427772E-02   1.4417591790243264E-01   8.2544506486236804E-02   1.5495246060940767E-02
         3         34   1.0210636485319430E-01   1.1462615919694054E-01   1.0789925530557665E-01   1.4907498392221913E-03
         3         35   1.2461726209602485E-01   1.3794666812583595E-01   1.3124553682968892E-01   1.5357406463512087E-03
         3         36   3.6397761131497113E-03   8.5256282930591454E-02   4.2391319132177308E-02   9.4733854869069323E-03
         3         37   8.7428629695839154E-03   5.5689159015595888E-02   3.2801128388569578E-02   5.9914764856218352E-03
         3         38   3.4137417898401856E-02   3.9765985892295588E-02   3.6968909951115132E-02   6.9229151794292785E-04
         3         39   4.8637128881976494E-02   5.1790198453294058E-02   5.0200236930664860E-02   3.6400634562755311E-04
         3         40   3.2175543036499577E-03   3.1052213306692222E-02   1.6593927408639419E-02   3.7812112147304171E-03
         3         41   2.4149622762971965E-08   2.0103067324112362E-03   1.5466334846451414E-04   1.4272707971755370E-04
         3         42   1.3427992744412228E-05   3.0363301572503453E-02   3.9296708058775580E-03   3.4401306177743920E-03
         3         43   1.0184010484437658E-05   1.3443190470599709E-02   1.8821315352999858E-03   1.5364197754777638E-03
         3         44   7.7377760787466622E-09   1.6125871503879039E-03   1.4507374024822571E-04   1.2226832602894679E-04
         3         45   3.8179200888194265E-02   5.0963554093163124E-02   4.4413771998714123E-02   1.5923110524204902E-03
         3         46   3.1130200193395387E-02   4.2282999485206058E-02   3.6368553534086336E-02   1.3376279008178742E-03
         3         47   9.3408708942356184E-07   7.8842336710468110E-03   1.3933770440642821E-03   1.0131719575836506E-03
         3         48   6.2487613759786851E-03   8.9310298300910064E-03   7.5201333233892338E-03   3.3187656576878549E-04
         3         49   8.1646251547078198E-07   3.6780343535127418E-03   6.7654185200182956E-04   4.5966442918154630E-04
         3         50   2.0867754886773480E-10   2.9291270493787147E-04   2.4392620742762973E-05   2.3263372149679848E-05
         3         51   3.5035269087297823E-07   1.6338627466952787E-02   1.7734805591571130E-03   1.4772284231428044E-03
         3         52   5.5845474787064229E-05   3.7818863997998879E-02   6.8707732502942473E-03   4.7031173700935094E-03
         3         53   4.0431107102951094E-05   1.8350120685091991E-02   4.0605091252466545E-03   2.5644567874076236E-03
         3         54   8.9648015173048324E-07   2.3521130173943517E-02   3.6328163942489920E-03   2.7036133638068311E-03
         3         55   4.3596177335755840E-02   5.5714226348339738E-02   4.9117720350848673E-02   1.4237518023805639E-03
         3         56   1.3569873777208610E-01   1.6467668826066659E-01   1.4966907318202652E-01   3.6170764637021820E-03
         3         57   4.9920489437544836E-06   1.2505353732649079E-02   2.3595247163165902E-03   1.4318532305901634E-03
         3         58   1.8319089477820988E-02   2.4059213304667378E-02   2.1088553152078610E-02   7.1694357514439267E-04
         3         59   4.1595443671967110E-06   6.3307296928471228E-03   1.3657235365349789E-03   7.5561095773363435E-04
         3         60   2.7024965339154369E-09   1.5252965639012894E-03   1.6320330634853313E-04   1.3599053336358711E-04
         3         61   5.1843823757717392E-11   4.3172231063644590E-05   7.9736691083726667E-07   1.3750081575411785E-06
         3         62   2.6972450364255002E-07   4.5244682214524677E-03   4.3136907536208075E-04   4.3644104723438608E-04
         3         63   1.2076818237996438E-07   1.6662275866233822E-03   1.4508295877216796E-04   1.6027526229676426E-04
         3         64   1.8644881732361212E-11   1.7375426183134657E-05   5.9891822574787338E-07   8.2012537978036906E-07
         3         65   1.2510526960898587E-02   1.8811183364059764E-02   1.5796770016433443E-02   7.4543440115184135E-04
         3         66   7.7438115924129284E-03   1.2138967680899180E-02   9.8451521132360345E-03   5.2657668970007554E-04
         3         67   9.4897632966858098E-09   1.0549683583279048E-03   1.3787533058672168E-04   1.1553528148856168E-04
         3         68   7.5645209736708630E-04   1.3663939549563237E-03   1.0322163209541936E-03   7.5369564617636637E-05
         3         69   6.8761340358682160E-09   3.6810014024136692E-04   4.7381043073389073E-05   4.2322924607340214E-05
         3         70   4.9300331646108574E-13   2.5287093288961515E-06   1.0473926075806512E-07   1.4425002120987526E-07
         3         71   2.9582104994511529E-07   1.2191761633741893E-02   1.4157565089004326E-03   1.1813510496611790E-03
         3         72   2.5285877150031038E-05   1.1148661629968141E-02   2.3613810508188362E-03   1.4705077743096813E-03
         3         73   1.8915884549600827E-05   7.8973735756076319E-03   1.5961158524823327E-03   9.9195363599609266E-04
         3         74   8.7625006386971172E-07   2.1560472172924030E-02   3.2834946997005966E-03   2.4514612991403928E-03
         3         75   1.9481075618403291E-02   2.5097364821301465E-02   2.1934928674349631E-02   6.6867651598181749E-04
         3         76   9.9834129243947106E-02   1.1981384937938615E-01   1.0983111020832931E-01   2.5345858610068229E-03
         3         77   3.0597704936011273E-06   3.5364731305917931E-03   7.4196630087570005E-04   4.1044126986050080E-04
         3         78   9.2182074134534563E-03   1.1980156775341999E-02   1.0602005273262034E-02   3.4941583075128390E-04
         3         79   2.4990686403989636E-06   1.9365123342257387E-03   4.8133397912003252E-04   2.4893367451476680E-04
         3         80   2.1903049399240477E-09   9.2019575034032910E-04   1.0904550885534540E-04   8.7351574347315622E-05
         4          1   4.3055722375926292E-01   6.5339013682417757E-01   5.2284320428147635E-01   2.9724807062198114E-02
         4          2   0.0000000000000000E+00   1.0545278623278160E-02   5.2490308966291236E-04   9.0180281109449902E-04
         4          3   0.0000000000000000E+00   7.2324281399488675E-03   4.5653310891634411E-04   7.4374156665800288E-04
         4          4   9.4266561984826492E-04   2.7682402962206809E-02   1.0605137279668966E-02   3.7376721617339887E-03
         4          5   6.7767147867267963E-01   1.2344534359952428E+00   8.9813649213657709E-01   7.2712017492992650E-02
         4          6   0.0000000000000000E+00   5.5327285784393200E-02   4.0961469451662111E-03   5.9837536306074175E-03
         4          7   0.0000000000000000E+00   4.2215891066618758E-02   3.6880506414554057E-03   5.2696759999116072E-03
         4          8   8.4742345823993568E-03   1.3478858563389440E-01   5.8411419473345313E-02   1.7590072635657015E-02
         4          9   7.0153197857342831E-01   1.6540070545130467E+00   1.1201917224947640E+00   1.3537164274398522E-01
         4         10   0.0000000000000000E+00   1.8809630104695738E-01   2.0676252691619899E-02   2.6090044263910258E-02
         4         11   0.0000000000000000E+00   1.5430842694244060E-01   1.9111489095573211E-02   2.3973650438534555E-02
         4         12   4.0803386869550866E-02   4.0669561783616720E-01   2.0187760131372426E-01   5.1982058954136046E-02
         4         13   5.9920692977980605E-01   1.9479942109775694E+00   1.2158540411427956E+00   2.1507065362785766E-01
         4         14   0.0000000000000000E+00   4.1520907519128375E-01   6.8277394520166498E-02   7.5212840887304011E-02
         4         15   0.0000000000000000E+00   3.8056726005200109E-01   6.4363670823594329E-02   7.0999248108464044E-02
         4         16   1.1643677347493131E-01   8.1548716977861468E-01   4.4600617439459805E-01   1.0240496110109701E-01
         4         17   5.3696524495048803E-01   2.2326906212027522E+00   1.3058625860085009E+00   2.9404924982097885E-01
         4         18   0.0000000000000000E+00   6.2954101484054437E-01   1.4981564963640623E-01   1.4519051965295113E-01
         4         19   0.0000000000000000E+00   6.1219268519528147E-01   1.4333300106409375E-01   1.3952057260223699E-01
         4         20   2.1202320339682748E-01   1.1593173003978923E+00   6.5095120605630319E-01   1.4773560800850630E-01
         4         21   5.5886356603214216E-01   2.1731268598893565E+00   1.2730639408832654E+00   3.1706653708291899E-01
         4         22   0.0000000000000000E+00   6.8348466971277466E-01   2.2293393541690723E-01   1.9163299785320220E-01
         4         23   0.0000000000000000E+00   6.6229256639943646E-01   2.1574351550539766E-01   1.8652977581238497E-01
         4         24   2.6206043811613000E-01   1.1424887161579629E+00   6.6178130604455176E-01   1.6315753674726519E-01
         4         25   4.8363580560781216E-01   1.6396688736091016E+00   9.8861082166975822E-01   2.5778056023534962E-01
         4         26   0.0000000000000000E+00   5.3859374945349658E-01   2.3052784787933248E-01   1.7779197734151569E-01
         4         27   0.0000000000000000E+00   5.3570132353338185E-01   2.2514926968447316E-01   1.7475913009145203E-01
         4         28   2.3173410697890057E-01   8.6939872052509326E-01   5.0087771312207519E-01   1.3479975690630383E-01
         4         29   2.9619811423671200E-01   1.0143266818613137E+00   5.8708413362105538E-01   1.5754078134042382E-01
         4         30   0.0000000000000000E+00   3.3940157826210521E-01   1.6981347644940908E-01   1.1938942158290770E-01
         4         31   0.0000000000000000E+00   3.3829752603236896E-01   1.6705657003955013E-01   1.1819069452585408E-01
         4         32   1.2536355178325007E-01   5.2082832071694174E-01   2.9655985701666410E-01   8.3233095144712999E-02
         4         33   1.2275310009469341E-01   4.8403136470594749E-01   2.6917363553585166E-01   7.3185675101142988E-02
         4         34   0.0000000000000000E+00   1.6258523043911022E-01   9.0795207270721809E-02   5.9239260997946727E-02
         4         35   0.0000000000000000E+00   1.6217822693343165E-01   8.9769852279904874E-02   5.8910932416313185E-02
         4         36   5.5014118933796929E-02   2.5851626783097387E-01   1.3784203458215749E-01   3.8973292537887609E-02
         4         37   4.4851813410981940E-02   1.8207845932665190E-01   9.5615672428838380E-02   2.5908074032190503E-02
         4         38   0.0000000000000000E+00   5.9689087056528284E-02   3.5451024437194903E-02   2.1790671551029313E-02
         4         39   0.0000000000000000E+00   5.9481035162702672E-02   3.5140081571236423E-02   2.1724541703943560E-02
         4         40   2.0035551111895658E-02   1.0039138039762932E-01   4.8822486081461822E-02   1.3726241469378940E-02
         4         41   4.0640730139110987E-02   1.8361818841148747E-01   9.4067171384711351E-02   1.9368340853458888E-02
         4         42   0.0000000000000000E+00   2.2790102840604155E-02   2.9745073803912137E-03   3.2827465191807687E-03
         4         43   0.0000000000000000E+00   1.9233415297969576E-02   2.7703556093113878E-03   3.0338744320116441E-03
         4         44   4.3768190487841214E-03   6.3170419967336161E-02   2.4663457989787117E-02   8.0808624360943597E-03
         4         45   0.0000000000000000E+00   2.7768371583994562E-03   2.9069612733494945E-04   3.6160637147763776E-04
         4         46   0.0000000000000000E+00   5.3253584206402150E-03   5.7851651326654033E-04   7.1793518665240561E-04
         4         47   0.0000000000000000E+00   2.2496402742832487E-03   2.8021145227414922E-04   2.8424335250893632E-04
         4         48   0.0000000000000000E+00   2.3952927982167195E-03   2.6800376708022741E-04   3.3254969591545516E-04
         4         49   0.0000000000000000E+00   2.2730630490197970E-03   2.6189009143878333E-04   2.6520764318614312E-04
         4         50   1.0635405444579398E-04   5.7375336903849397E-03   1.6370569868337439E-03   7.7244954486433066E-04
         4         51   4.1691177111900117E-02   2.4585877758822153E-01   1.2084896404217542E-01   3.0268993667661896E-02
         4         52   0.0000000000000000E+00   3.7398555877135899E-02   5.4837612934630804E-03   5.9736972718126080E-03
         4         53   0.0000000000000000E+00   3.5729580277272140E-02   5.2298823225650770E-03   5.8016691863047518E-03
         4         54   2.4059791488623437E-02   2.1919556160817552E-01   1.0380494001213056E-01   2.8102710164687031E-02
         4         55   0.0000000000000000E+00   1.4127424222161719E-02   2.0385501691867021E-03   2.2756793610658418E-03
         4         56   0.0000000000000000E+00   4.9303032024662942E-02   7.3688048616576589E-03   8.2157646522112351E-03
         4         57   0.0000000000000000E+00   3.6789521678913129E-03   5.6998768545428425E-04   5.2550587351191862E-04
         4         58   0.0000000000000000E+00   1.2375746668721275E-02   1.8943948796058055E-03   2.1111151409321832E-03
         4         59   0.0000000000000000E+00   3.6673968699290267E-03   5.3263383506552933E-04   4.9249396973428754E-04
         4         60   5.7330201469548607E-04   1.5099451417926546E-02   4.5798881918522986E-03   1.9870395791650305E-03
         4         61   5.6943332146109412E-03   4.9860585329964929E-02   2.5512481287003452E-02   6.1842666820625166E-03
         4         62   0.0000000000000000E+00   7.4095190250630487E-03   6.3371986364768574E-04   8.6472545562675930E-04
         4         63   0.0000000000000000E+00   6.3168461966733522E-03   5.8612304983055822E-04   7.8799899873844908E-04
         4         64   5.4617222594353530E-04   1.4051596572083999E-02   5.3596623700508635E-03   1.8362573670170574E-03
         4         65   0.0000000000000000E+00   3.4559175051016643E-05   1.7826165538558397E-06   2.9226702105902258E-06
         4         66   0.0000000000000000E+00   7.3525558154949666E-05   3.6747362308980134E-06   6.0606111013566987E-06
         4         67   0.0000000000000000E+00   3.5814376553992881E-04   2.6373266880971474E-05   3.4193957021766775E-05
         4         68   0.0000000000000000E+00   3.1387189058387350E-05   1.6100448184127818E-06   2.6550662791782784E-06
         4         69   0.0000000000000000E+00   3.0710402335217218E-04   2.4211716055757124E-05   3.0784904426837908E-05
         4         70   5.2979205769885093E-06   6.5483058630855608E-04   1.4722958917993663E-04   8.6034400151831385E-05
         4         71   1.3560793862709065E-02   1.1481791523627023E-01   5.5287610485486166E-02   1.5468305801606816E-02
         4         72   0.0000000000000000E+00   2.1909585691909289E-02   2.5887953890074938E-03   3.4679711416328303E-03
         4         73   0.0000000000000000E+00   2.2185312970997618E-02   2.5225729542199971E-03   3.4775033744175684E-03
         4         74   1.8982579189769352E-02   1.5602436358608043E-01   7.9825675061224399E-02   2.0152571283003545E-02
         4         75   0.0000000000000000E+00   8.5378610949008484E-03   1.3908470914421782E-03   1.4979870673226879E-03
         4         76   0.0000000000000000E+00   3.8056671498556731E-02   6.0382667291385157E-03   6.6141730940027657E-03
         4         77   0.0000000000000000E+00   1.2592606680356764E-03   2.1914895048418193E-04   1.9772030280795755E-04
         4         78   0.0000000000000000E+00   7.5160590612761615E-03   1.2959594534016293E-03   1.3944910246965745E-03
         4         79   0.0000000000000000E+00   1.1926641455870892E-03   2.0341970587530296E-04   1.8365410195881335E-04
         4         80   2.9704489286796397E-04   7.1436479203779114E-03   2.2932754452536911E-03   9.4492567863692801E-04
