################################################################################
# Neural network connection values (weights and biases).
################################################################################
# Col  Name       Description
################################################################################
# 1    connection Neural network connection value.
# 2    t          Connection type (a = weight, b = bias).
# 3    index      Index enumerating weights.
# 4    l_s        Starting point layer (end point layer for biases).
# 5    n_s        Starting point neuron in starting layer (end point neuron for biases).
# 6    l_e        End point layer.
# 7    n_e        End point neuron in end layer.
################################################################################
#                      1 2         3     4     5     6     7
#             connection t     index   l_s   n_s   l_e   n_e
############################################################
 -3.1761686730628619E-01 a         1     0     1     1     1
  3.2226269731588469E-01 a         2     0     1     1     2
 -1.6722239656879140E-01 a         3     0     1     1     3
  1.2370701614387179E-01 a         4     0     1     1     4
  1.7161468754891865E-01 a         5     0     1     1     5
 -2.3331095730583137E-01 a         6     0     1     1     6
 -7.2362099731368493E-02 a         7     0     1     1     7
 -1.4616607481050170E-01 a         8     0     1     1     8
  1.4379902471279818E-01 a         9     0     1     1     9
 -1.8322894138390347E-01 a        10     0     1     1    10
  1.2315502556261083E-01 a        11     0     1     1    11
  1.5189566667307688E-01 a        12     0     1     1    12
 -6.4697502478522451E-01 a        13     0     1     1    13
  9.5303815675397152E-01 a        14     0     1     1    14
  4.2942098071971635E-01 a        15     0     1     1    15
 -9.2122595838087948E-02 a        16     0     1     1    16
  6.6087352724743600E-02 a        17     0     1     1    17
 -7.5638103874301943E-01 a        18     0     1     1    18
 -1.4621668118424347E-01 a        19     0     1     1    19
  1.1375501446372059E-01 a        20     0     1     1    20
  9.9944960393587804E-03 a        21     0     2     1     1
 -1.8291478374376227E-01 a        22     0     2     1     2
  1.6994952820787858E-02 a        23     0     2     1     3
  4.1653718556243924E-01 a        24     0     2     1     4
 -2.4716605084348220E-01 a        25     0     2     1     5
  1.3087239088886288E-01 a        26     0     2     1     6
  6.0564366857582624E-02 a        27     0     2     1     7
  7.4795422608005724E-01 a        28     0     2     1     8
 -9.7506324976604025E-02 a        29     0     2     1     9
  1.6601517141542585E-01 a        30     0     2     1    10
 -4.2817013098897176E-02 a        31     0     2     1    11
  2.0229549646813458E-01 a        32     0     2     1    12
  1.5341683868428371E-01 a        33     0     2     1    13
 -3.2913378505949781E-01 a        34     0     2     1    14
  4.1771835933165365E-02 a        35     0     2     1    15
  5.8462731742360670E-02 a        36     0     2     1    16
  1.0156767355740268E-01 a        37     0     2     1    17
 -4.7889972939802589E-01 a        38     0     2     1    18
  4.6001714338650584E-01 a        39     0     2     1    19
 -1.0494133156116679E-01 a        40     0     2     1    20
 -1.4746255027337962E-01 a        41     0     3     1     1
 -1.6760545027396329E-01 a        42     0     3     1     2
 -1.7110581255516469E-01 a        43     0     3     1     3
 -2.2819812017133431E-01 a        44     0     3     1     4
 -1.7783658597129770E-01 a        45     0     3     1     5
  6.5448154474537917E-02 a        46     0     3     1     6
  8.0885540080405979E-02 a        47     0     3     1     7
  2.1196197117963680E-01 a        48     0     3     1     8
  1.4249629550647056E-03 a        49     0     3     1     9
  7.7075942757820398E-02 a        50     0     3     1    10
  3.6622117773555318E-01 a        51     0     3     1    11
  1.8466463887628494E-03 a        52     0     3     1    12
  5.3999024330885770E-02 a        53     0     3     1    13
 -2.3918975661288006E-01 a        54     0     3     1    14
 -3.2433695140117574E-01 a        55     0     3     1    15
  2.2241667843919172E-01 a        56     0     3     1    16
 -1.1466634521802622E-03 a        57     0     3     1    17
 -2.4018759124340652E-01 a        58     0     3     1    18
 -1.1706841566850551E-01 a        59     0     3     1    19
 -1.8695458672881984E-01 a        60     0     3     1    20
  3.5491329728746934E-01 a        61     0     4     1     1
  1.5125441488816130E-01 a        62     0     4     1     2
  6.3193392145565253E-01 a        63     0     4     1     3
 -4.1730712329632247E-01 a        64     0     4     1     4
 -7.6292261720964497E-02 a        65     0     4     1     5
 -8.2140689795998229E-02 a        66     0     4     1     6
  1.5170756949201153E-01 a        67     0     4     1     7
 -7.3972682626047739E-02 a        68     0     4     1     8
 -4.3946928579582645E-01 a        69     0     4     1     9
  8.0854073061596681E-03 a        70     0     4     1    10
  2.6704133195907076E-01 a        71     0     4     1    11
 -3.1192426471472584E-01 a        72     0     4     1    12
  9.4617617878659954E-01 a        73     0     4     1    13
  6.9448991153180939E-01 a        74     0     4     1    14
 -7.1360775527872256E-01 a        75     0     4     1    15
  3.9192519206370224E-01 a        76     0     4     1    16
 -5.3186601149766977E-01 a        77     0     4     1    17
  6.6520198869932309E-02 a        78     0     4     1    18
  1.8805354479705969E-01 a        79     0     4     1    19
 -4.2270494803364744E-01 a        80     0     4     1    20
 -1.1789873386260161E-01 a        81     0     5     1     1
  1.3664925041831097E-01 a        82     0     5     1     2
 -1.9402276003707369E-01 a        83     0     5     1     3
 -5.0648494538156486E-01 a        84     0     5     1     4
  5.1282050227584541E-01 a        85     0     5     1     5
 -1.7925522475716543E-01 a        86     0     5     1     6
 -2.0166760668437250E-01 a        87     0     5     1     7
 -4.3290341685944433E-01 a        88     0     5     1     8
  2.9432620419499550E-01 a        89     0     5     1     9
 -3.8089805504080426E-01 a        90     0     5     1    10
  1.1561502089783727E-02 a        91     0     5     1    11
 -4.2367957110862897E-01 a        92     0     5     1    12
  8.3888877121507388E-02 a        93     0     5     1    13
  2.8595621838871266E-01 a        94     0     5     1    14
  1.4824080486511554E-01 a        95     0     5     1    15
 -6.5713812756392864E-01 a        96     0     5     1    16
  1.5643002940708672E-01 a        97     0     5     1    17
  6.6689439047870103E-01 a        98     0     5     1    18
 -2.6528665723458116E-02 a        99     0     5     1    19
 -1.0088627811062668E-01 a       100     0     5     1    20
 -3.1123499474539934E-02 a       101     0     6     1     1
  2.7897372424226807E-01 a       102     0     6     1     2
 -8.5553796985460229E-02 a       103     0     6     1     3
  1.9825387884188117E-01 a       104     0     6     1     4
  2.5449402455546954E-01 a       105     0     6     1     5
  3.9625851529302418E-02 a       106     0     6     1     6
 -3.5083075092419917E-02 a       107     0     6     1     7
 -1.1475799241639675E-01 a       108     0     6     1     8
 -1.4314196274353799E-01 a       109     0     6     1     9
 -3.8979321855654780E-02 a       110     0     6     1    10
  9.9655437776364639E-02 a       111     0     6     1    11
  1.0173512583833781E-01 a       112     0     6     1    12
 -9.4366805529481457E-02 a       113     0     6     1    13
  3.2547216852822253E-01 a       114     0     6     1    14
  9.8999687564477717E-02 a       115     0     6     1    15
 -2.3706239764460427E-01 a       116     0     6     1    16
  1.3239141305061680E-01 a       117     0     6     1    17
 -7.5758908519490183E-03 a       118     0     6     1    18
  9.2354062675314444E-02 a       119     0     6     1    19
 -1.9131101658099811E-01 a       120     0     6     1    20
 -3.1756949834713999E-02 a       121     0     7     1     1
 -5.2981023503443836E-01 a       122     0     7     1     2
 -4.6518969768396928E-01 a       123     0     7     1     3
  1.7528074916856481E-01 a       124     0     7     1     4
 -7.3411219949318499E-02 a       125     0     7     1     5
  4.4904102927261097E-01 a       126     0     7     1     6
 -7.1857892463675174E-02 a       127     0     7     1     7
  2.0354410735566212E-02 a       128     0     7     1     8
  2.6451050331542719E-01 a       129     0     7     1     9
 -2.0576106523241214E-01 a       130     0     7     1    10
 -3.2992334132678697E-01 a       131     0     7     1    11
  5.2007469111959370E-01 a       132     0     7     1    12
 -8.5349953829944025E-01 a       133     0     7     1    13
 -1.1382356702479908E+00 a       134     0     7     1    14
  1.8938963193724018E-01 a       135     0     7     1    15
  7.3124521449749180E-03 a       136     0     7     1    16
  2.7760222155401587E-01 a       137     0     7     1    17
  1.3037649317341443E-01 a       138     0     7     1    18
 -1.7274811540927509E-01 a       139     0     7     1    19
  3.5873635404726356E-01 a       140     0     7     1    20
  1.2978789784081338E-01 a       141     0     8     1     1
  3.1383439787988097E-02 a       142     0     8     1     2
  1.1578788037338866E-01 a       143     0     8     1     3
  6.3431383755201645E-02 a       144     0     8     1     4
 -5.1324797017124735E-01 a       145     0     8     1     5
 -2.5334274674987312E-01 a       146     0     8     1     6
 -6.8563714884050733E-02 a       147     0     8     1     7
 -1.3630067486648599E-02 a       148     0     8     1     8
  2.4319005614295525E-01 a       149     0     8     1     9
  3.6187416409628426E-01 a       150     0     8     1    10
  3.7321361963191640E-01 a       151     0     8     1    11
  4.8420688159185471E-01 a       152     0     8     1    12
  1.6267844248790592E-01 a       153     0     8     1    13
 -1.5798361182070367E-01 a       154     0     8     1    14
  2.5927970145364524E-02 a       155     0     8     1    15
  2.9250123394034561E-02 a       156     0     8     1    16
  4.5190276571635085E-01 a       157     0     8     1    17
 -3.0434257346124965E-01 a       158     0     8     1    18
  2.9800179917757968E-01 a       159     0     8     1    19
 -1.2594943570799713E-01 a       160     0     8     1    20
  5.8468247638824307E-02 a       161     0     9     1     1
 -1.0466639693274382E-01 a       162     0     9     1     2
  1.4183812757914094E-01 a       163     0     9     1     3
  9.7319641562179482E-02 a       164     0     9     1     4
 -2.7648433755672636E-01 a       165     0     9     1     5
 -1.6420366464252437E-01 a       166     0     9     1     6
 -1.7439107865319875E-01 a       167     0     9     1     7
  8.4099515873254357E-02 a       168     0     9     1     8
  1.0299841892859060E-01 a       169     0     9     1     9
  1.4396140762857826E-01 a       170     0     9     1    10
 -1.9580629183201181E-01 a       171     0     9     1    11
 -1.9333339499319827E-01 a       172     0     9     1    12
 -2.2329794014934662E-01 a       173     0     9     1    13
 -1.4829693795898932E-02 a       174     0     9     1    14
 -1.9134779967323212E-01 a       175     0     9     1    15
  2.1665417127859288E-01 a       176     0     9     1    16
 -1.9016154838979535E-01 a       177     0     9     1    17
  9.7889355586873811E-02 a       178     0     9     1    18
 -1.2457585634314691E-01 a       179     0     9     1    19
 -1.3142571488541968E-01 a       180     0     9     1    20
  1.2322952140031748E-01 a       181     0    10     1     1
  3.2491403113240425E-01 a       182     0    10     1     2
  2.6841191495277517E-01 a       183     0    10     1     3
  1.3490309135893455E-01 a       184     0    10     1     4
 -1.0935215668470584E-02 a       185     0    10     1     5
 -1.4704963253644895E-01 a       186     0    10     1     6
  8.1042774734649117E-02 a       187     0    10     1     7
  1.1930037449390507E-01 a       188     0    10     1     8
 -3.2716665967047781E-01 a       189     0    10     1     9
  1.1952643479539150E-01 a       190     0    10     1    10
 -4.7569180055181337E-01 a       191     0    10     1    11
  3.2001323761090084E-01 a       192     0    10     1    12
  4.2293374079563506E-01 a       193     0    10     1    13
  1.1879201384705447E+00 a       194     0    10     1    14
 -2.3614523451902319E-01 a       195     0    10     1    15
 -2.9974474129651835E-02 a       196     0    10     1    16
 -4.2308611468733254E-01 a       197     0    10     1    17
 -2.9622160255871405E-01 a       198     0    10     1    18
  3.0057881108544713E-02 a       199     0    10     1    19
 -6.5237637368747659E-02 a       200     0    10     1    20
 -1.5951252989806280E-01 a       201     0    11     1     1
  5.9763491130750279E-01 a       202     0    11     1     2
 -2.0888153359217132E-01 a       203     0    11     1     3
  1.4868231166705725E-02 a       204     0    11     1     4
 -4.8186358065021473E-02 a       205     0    11     1     5
  6.2638385966357707E-02 a       206     0    11     1     6
  2.4593617447639778E-02 a       207     0    11     1     7
 -5.5995511575052927E-02 a       208     0    11     1     8
  6.9811753053756323E-02 a       209     0    11     1     9
 -1.6972174238245447E-01 a       210     0    11     1    10
  1.3288446100248719E-01 a       211     0    11     1    11
 -3.0133102243912580E-01 a       212     0    11     1    12
  3.1233926449108756E-01 a       213     0    11     1    13
  1.8167620981081586E-01 a       214     0    11     1    14
  2.5257452092431687E-01 a       215     0    11     1    15
  1.4271458809728343E-03 a       216     0    11     1    16
 -1.2042621164859063E-01 a       217     0    11     1    17
 -2.0933608451206643E-03 a       218     0    11     1    18
 -2.2443919244106486E-01 a       219     0    11     1    19
 -2.1713968220957347E-01 a       220     0    11     1    20
  2.9458233723455807E-01 a       221     0    12     1     1
 -1.5005175993515082E-01 a       222     0    12     1     2
  1.9496605800143160E-01 a       223     0    12     1     3
  2.1486838828507548E-01 a       224     0    12     1     4
  1.9124764696645200E-01 a       225     0    12     1     5
  2.5728550920531046E-01 a       226     0    12     1     6
 -1.4986502398944204E-01 a       227     0    12     1     7
  5.2130392408633409E-02 a       228     0    12     1     8
 -1.2947232839094365E-02 a       229     0    12     1     9
  3.9027526537317545E-02 a       230     0    12     1    10
  3.2812117052492590E-01 a       231     0    12     1    11
  1.8798034261496899E-01 a       232     0    12     1    12
 -2.6161464561649450E-01 a       233     0    12     1    13
  1.8261476871695290E-01 a       234     0    12     1    14
 -9.8651923423312929E-02 a       235     0    12     1    15
 -7.2579707904865563E-03 a       236     0    12     1    16
  2.0268927079290316E-01 a       237     0    12     1    17
  7.5506673044164932E-02 a       238     0    12     1    18
 -4.9862849140672717E-02 a       239     0    12     1    19
  4.5667798001306756E-02 a       240     0    12     1    20
 -4.0746021866829178E-02 a       241     0    13     1     1
 -1.9930811570688589E-01 a       242     0    13     1     2
  1.5589642789436420E-01 a       243     0    13     1     3
 -2.4958417588194226E-01 a       244     0    13     1     4
 -5.2277051643905628E-03 a       245     0    13     1     5
  1.1428077657222092E-01 a       246     0    13     1     6
  6.9336995128134821E-02 a       247     0    13     1     7
 -1.7287410139751413E-01 a       248     0    13     1     8
 -7.9086145683075620E-03 a       249     0    13     1     9
 -6.1690142928469568E-02 a       250     0    13     1    10
  2.7740448830300740E-01 a       251     0    13     1    11
  1.2202143987218074E-01 a       252     0    13     1    12
 -1.6925828703898774E-01 a       253     0    13     1    13
 -1.8379620842657990E-01 a       254     0    13     1    14
  3.5749772072574668E-02 a       255     0    13     1    15
  1.3759064406975924E-01 a       256     0    13     1    16
 -1.7966470423656405E-01 a       257     0    13     1    17
 -8.6050609759985699E-02 a       258     0    13     1    18
 -2.4228975897065911E-02 a       259     0    13     1    19
 -1.6929418760763443E-01 a       260     0    13     1    20
  1.7357286393789073E-01 a       261     0    14     1     1
 -2.4507074965888814E-01 a       262     0    14     1     2
  1.3434089680838734E-01 a       263     0    14     1     3
 -1.8105523996834430E-01 a       264     0    14     1     4
  6.2538142378543351E-03 a       265     0    14     1     5
 -2.5929305714303524E-01 a       266     0    14     1     6
 -3.2130220528283168E-02 a       267     0    14     1     7
 -1.7132497297341426E-01 a       268     0    14     1     8
  2.1832571652355612E-01 a       269     0    14     1     9
 -1.5946151759064867E-01 a       270     0    14     1    10
  1.2527329401669471E-01 a       271     0    14     1    11
 -4.8162043606325138E-02 a       272     0    14     1    12
  7.3696763113749258E-02 a       273     0    14     1    13
  2.4970622097608908E-02 a       274     0    14     1    14
  2.4089539608000421E-02 a       275     0    14     1    15
 -8.1299995851501980E-02 a       276     0    14     1    16
  3.7057699541367245E-01 a       277     0    14     1    17
  1.2678866565133576E-01 a       278     0    14     1    18
  2.8079399676541689E-01 a       279     0    14     1    19
  1.7650813993861250E-01 a       280     0    14     1    20
 -1.6128150104996358E-01 a       281     0    15     1     1
  2.5465997387060596E-01 a       282     0    15     1     2
 -9.3423634754730093E-03 a       283     0    15     1     3
  7.6535721800826809E-02 a       284     0    15     1     4
  4.0006942498957719E-02 a       285     0    15     1     5
 -6.8075125402375550E-02 a       286     0    15     1     6
 -1.6176613698865744E-01 a       287     0    15     1     7
  1.5534423287777888E-01 a       288     0    15     1     8
  9.6328465445722211E-02 a       289     0    15     1     9
 -1.7872581132276844E-01 a       290     0    15     1    10
 -1.1766406672668431E-01 a       291     0    15     1    11
 -2.3889119720574243E-02 a       292     0    15     1    12
 -1.1022220026130400E-01 a       293     0    15     1    13
  3.4724899108082186E-02 a       294     0    15     1    14
 -3.0197676611026436E-01 a       295     0    15     1    15
 -2.0287528092944356E-02 a       296     0    15     1    16
  1.5752176574294621E-01 a       297     0    15     1    17
  5.1200808170907114E-04 a       298     0    15     1    18
 -4.9233264538361271E-04 a       299     0    15     1    19
 -1.8431961013551471E-01 a       300     0    15     1    20
 -7.6107010425558175E-02 a       301     0    16     1     1
  4.9878032020088510E-02 a       302     0    16     1     2
  4.1887492207618122E-02 a       303     0    16     1     3
  6.0937067867871154E-02 a       304     0    16     1     4
 -8.1235218447280488E-02 a       305     0    16     1     5
  5.1143923247006257E-02 a       306     0    16     1     6
 -6.2983975474903753E-02 a       307     0    16     1     7
  2.1338565350018637E-01 a       308     0    16     1     8
  7.0079266445868330E-02 a       309     0    16     1     9
  1.3266512250990636E-02 a       310     0    16     1    10
  6.4459946219603159E-02 a       311     0    16     1    11
  1.1778690931506554E-01 a       312     0    16     1    12
 -2.1581702838125105E-02 a       313     0    16     1    13
 -9.6786824759466990E-04 a       314     0    16     1    14
 -1.2573042902001427E-01 a       315     0    16     1    15
 -3.5515430772698926E-02 a       316     0    16     1    16
  4.1895699937508059E-02 a       317     0    16     1    17
 -1.4384980809402231E-01 a       318     0    16     1    18
 -5.6023059352160468E-02 a       319     0    16     1    19
  1.5391499209609930E-01 a       320     0    16     1    20
 -1.7338466919910411E-01 a       321     0    17     1     1
  6.3525742144669431E-03 a       322     0    17     1     2
 -1.8646168094780260E-01 a       323     0    17     1     3
  1.4565636465587914E-01 a       324     0    17     1     4
 -1.4733734905078058E-01 a       325     0    17     1     5
 -4.2885776792853769E-02 a       326     0    17     1     6
  2.2146592382663640E-02 a       327     0    17     1     7
  1.3929420837264814E-01 a       328     0    17     1     8
 -1.2615290122333744E-01 a       329     0    17     1     9
  2.4606147964217503E-01 a       330     0    17     1    10
 -9.2234443751110992E-02 a       331     0    17     1    11
  3.4908776736082864E-02 a       332     0    17     1    12
  1.5417615892118583E-01 a       333     0    17     1    13
 -7.3416603461768426E-02 a       334     0    17     1    14
  1.4619947415341503E-01 a       335     0    17     1    15
 -1.3844839914916365E-01 a       336     0    17     1    16
 -9.2277741558612937E-03 a       337     0    17     1    17
  4.3095513247273197E-02 a       338     0    17     1    18
 -2.3038353081761309E-01 a       339     0    17     1    19
 -1.5281463305193044E-01 a       340     0    17     1    20
  9.7217642326394668E-02 a       341     0    18     1     1
  3.4819936284592276E-02 a       342     0    18     1     2
 -4.8892936978386953E-02 a       343     0    18     1     3
 -6.1505749131980744E-02 a       344     0    18     1     4
  4.1662798436040054E-03 a       345     0    18     1     5
  6.5565655196941311E-02 a       346     0    18     1     6
  6.3035922851481713E-02 a       347     0    18     1     7
 -3.1851699137101612E-02 a       348     0    18     1     8
 -1.3656148286798206E-01 a       349     0    18     1     9
  1.7192085135512233E-01 a       350     0    18     1    10
  1.8929749349530695E-01 a       351     0    18     1    11
  1.5724117655692985E-01 a       352     0    18     1    12
 -8.8303986540636079E-02 a       353     0    18     1    13
 -4.0317977525080161E-03 a       354     0    18     1    14
  3.0198355130077732E-03 a       355     0    18     1    15
  1.8428691018965521E-01 a       356     0    18     1    16
 -1.7743221672039147E-01 a       357     0    18     1    17
 -4.6690657078581554E-02 a       358     0    18     1    18
 -2.4522030089470449E-02 a       359     0    18     1    19
  9.9251363022257233E-02 a       360     0    18     1    20
  4.4525285137106733E-02 a       361     0    19     1     1
  3.2737799102520594E-02 a       362     0    19     1     2
  7.5084117497231054E-02 a       363     0    19     1     3
 -1.4764648357311028E-01 a       364     0    19     1     4
  2.2114998544050361E-02 a       365     0    19     1     5
 -8.3549689835908658E-02 a       366     0    19     1     6
  1.6774752808474222E-01 a       367     0    19     1     7
 -1.2482861749957860E-01 a       368     0    19     1     8
 -9.4038811995303312E-02 a       369     0    19     1     9
  7.7701407811990378E-02 a       370     0    19     1    10
 -3.2914550414563995E-02 a       371     0    19     1    11
 -6.3267540577401221E-02 a       372     0    19     1    12
  9.4929239011487199E-02 a       373     0    19     1    13
  1.8089125522248450E-01 a       374     0    19     1    14
  1.6289661467487071E-01 a       375     0    19     1    15
  1.0951611298089871E-01 a       376     0    19     1    16
 -1.9721838266615310E-01 a       377     0    19     1    17
 -1.4221458759075712E-03 a       378     0    19     1    18
  1.5038554771501266E-03 a       379     0    19     1    19
 -7.4926601864039225E-02 a       380     0    19     1    20
  2.3171520759306694E-01 a       381     0    20     1     1
 -1.5371159863188684E-02 a       382     0    20     1     2
  2.2497544944931665E-02 a       383     0    20     1     3
 -3.0973966133849690E-02 a       384     0    20     1     4
  1.4739742408210479E-01 a       385     0    20     1     5
  4.3660189992523420E-02 a       386     0    20     1     6
 -4.3550108762832544E-02 a       387     0    20     1     7
 -1.8107086884304957E-01 a       388     0    20     1     8
  8.5535078040335805E-02 a       389     0    20     1     9
 -2.8111846810424618E-01 a       390     0    20     1    10
 -7.3965843555717378E-02 a       391     0    20     1    11
 -4.4344932383069829E-02 a       392     0    20     1    12
 -4.4307454652301098E-02 a       393     0    20     1    13
  1.9583479335557877E-02 a       394     0    20     1    14
 -6.4448856520616743E-02 a       395     0    20     1    15
  3.9096250457009478E-02 a       396     0    20     1    16
  5.8680245472874544E-02 a       397     0    20     1    17
  4.3746722992462399E-02 a       398     0    20     1    18
  2.1424341291035298E-01 a       399     0    20     1    19
  1.0407837369876873E-01 a       400     0    20     1    20
 -6.3553394665724891E-02 a       401     0    21     1     1
  1.0601496471054361E-01 a       402     0    21     1     2
 -9.1996122843826106E-02 a       403     0    21     1     3
  1.6330653130299636E-01 a       404     0    21     1     4
  4.0948717017686341E-02 a       405     0    21     1     5
 -2.3859311476640394E-03 a       406     0    21     1     6
 -4.1420065320955997E-02 a       407     0    21     1     7
 -2.8586825064721337E-03 a       408     0    21     1     8
  6.5369564095384899E-02 a       409     0    21     1     9
  1.6259403548828145E-02 a       410     0    21     1    10
  1.3797422179403779E-01 a       411     0    21     1    11
 -1.6311361489176532E-01 a       412     0    21     1    12
  1.2360913375807990E-02 a       413     0    21     1    13
  1.1960517647468557E-02 a       414     0    21     1    14
  4.5221456623683640E-02 a       415     0    21     1    15
 -1.6683874736891563E-01 a       416     0    21     1    16
 -1.0068088971765615E-02 a       417     0    21     1    17
 -3.5206465070915703E-02 a       418     0    21     1    18
  5.6982875602574493E-02 a       419     0    21     1    19
 -1.4656480736657446E-01 a       420     0    21     1    20
 -1.0776530293584155E-01 a       421     0    22     1     1
  4.6233129574553278E-02 a       422     0    22     1     2
 -4.7111692101237286E-02 a       423     0    22     1     3
  7.0395584219821769E-02 a       424     0    22     1     4
 -5.5313365504480169E-02 a       425     0    22     1     5
  1.3887072137818263E-01 a       426     0    22     1     6
 -2.0071929113851653E-02 a       427     0    22     1     7
  1.4836336285622834E-01 a       428     0    22     1     8
  9.3177058648276467E-02 a       429     0    22     1     9
 -6.4443092959979686E-02 a       430     0    22     1    10
  2.1455155190758607E-01 a       431     0    22     1    11
 -3.3938578043690645E-02 a       432     0    22     1    12
 -9.0087526052768430E-02 a       433     0    22     1    13
 -1.7810236203456301E-01 a       434     0    22     1    14
 -1.5700276988742234E-01 a       435     0    22     1    15
 -1.0798611576181959E-02 a       436     0    22     1    16
  6.4903963628810749E-02 a       437     0    22     1    17
  1.1269739492289601E-03 a       438     0    22     1    18
 -3.6493043916346980E-02 a       439     0    22     1    19
  2.2456484549305200E-01 a       440     0    22     1    20
 -1.8242453298036962E-01 a       441     0    23     1     1
 -2.6937152323442171E-01 a       442     0    23     1     2
  7.8156665514698645E-02 a       443     0    23     1     3
  1.1771174594583507E-01 a       444     0    23     1     4
 -4.1076938764773429E-03 a       445     0    23     1     5
 -4.6656262069170076E-02 a       446     0    23     1     6
 -1.1046648362413714E-01 a       447     0    23     1     7
  9.7507949789736065E-02 a       448     0    23     1     8
 -6.7951169011628523E-02 a       449     0    23     1     9
  8.4230037962475510E-02 a       450     0    23     1    10
 -1.3695369091529050E-01 a       451     0    23     1    11
  2.7867153864203631E-01 a       452     0    23     1    12
  9.6105547741618651E-03 a       453     0    23     1    13
 -1.2011668108838249E-02 a       454     0    23     1    14
 -4.2877784021001099E-02 a       455     0    23     1    15
 -1.4366884495558649E-01 a       456     0    23     1    16
  1.2082145521177198E-01 a       457     0    23     1    17
  4.6163596985090240E-02 a       458     0    23     1    18
 -1.2087554560010082E-01 a       459     0    23     1    19
 -1.6181253053606598E-01 a       460     0    23     1    20
  4.0327940780936170E-02 a       461     0    24     1     1
  1.1238165025616378E-01 a       462     0    24     1     2
  4.4221708180217034E-02 a       463     0    24     1     3
 -8.6480163555865561E-02 a       464     0    24     1     4
 -1.0544513156621255E-01 a       465     0    24     1     5
  1.0983422283632006E-02 a       466     0    24     1     6
  5.2862419745562009E-02 a       467     0    24     1     7
  3.8740495181818621E-03 a       468     0    24     1     8
  4.3869751523525617E-02 a       469     0    24     1     9
 -1.4726595257915629E-03 a       470     0    24     1    10
  1.3607372368954829E-01 a       471     0    24     1    11
  9.4452768426676201E-02 a       472     0    24     1    12
  5.2441572791255978E-03 a       473     0    24     1    13
  2.9921149338692114E-02 a       474     0    24     1    14
 -3.5260927110206786E-02 a       475     0    24     1    15
  1.5025216150094198E-01 a       476     0    24     1    16
  5.7657829705987228E-02 a       477     0    24     1    17
  3.0029596561673522E-02 a       478     0    24     1    18
 -5.2289496167055617E-02 a       479     0    24     1    19
  9.3190009662982159E-02 a       480     0    24     1    20
  1.1192625805875898E-02 a       481     0    25     1     1
 -7.2568765198162369E-02 a       482     0    25     1     2
  5.0380576967279496E-02 a       483     0    25     1     3
 -2.6916999376043551E-02 a       484     0    25     1     4
  6.5196167833731786E-03 a       485     0    25     1     5
 -3.2696417836772462E-02 a       486     0    25     1     6
  3.6743280500638270E-02 a       487     0    25     1     7
 -4.4476504431316496E-02 a       488     0    25     1     8
 -7.0693746021994075E-02 a       489     0    25     1     9
  7.7025213207680493E-02 a       490     0    25     1    10
 -9.6051659168459411E-02 a       491     0    25     1    11
  6.3005483845142915E-02 a       492     0    25     1    12
  5.6858378502709209E-02 a       493     0    25     1    13
  1.2298605947348376E-01 a       494     0    25     1    14
  8.9370609721207056E-02 a       495     0    25     1    15
 -2.8843965150025162E-02 a       496     0    25     1    16
 -1.1326221672258162E-01 a       497     0    25     1    17
 -3.1240871041166244E-02 a       498     0    25     1    18
 -3.3961339290245955E-03 a       499     0    25     1    19
 -8.2863244100756642E-02 a       500     0    25     1    20
  7.8933031563630782E-02 a       501     0    26     1     1
  8.4330334964432235E-02 a       502     0    26     1     2
 -1.0147808439605420E-01 a       503     0    26     1     3
 -6.3881442601910865E-02 a       504     0    26     1     4
  2.2756403025001714E-02 a       505     0    26     1     5
  3.0458317219391337E-02 a       506     0    26     1     6
  1.4814417092253172E-02 a       507     0    26     1     7
 -4.8010561203880565E-02 a       508     0    26     1     8
 -3.7745822107797214E-02 a       509     0    26     1     9
  7.9620818585870636E-03 a       510     0    26     1    10
 -3.6137328905523292E-02 a       511     0    26     1    11
 -1.7014466092373806E-01 a       512     0    26     1    12
 -3.9908161336731376E-02 a       513     0    26     1    13
 -5.6904882727208277E-02 a       514     0    26     1    14
  2.6276798006282007E-02 a       515     0    26     1    15
  8.0804268374957532E-03 a       516     0    26     1    16
 -1.1750127759171854E-01 a       517     0    26     1    17
 -6.8008836987628912E-02 a       518     0    26     1    18
  8.0302287675702938E-02 a       519     0    26     1    19
  2.6159314240850464E-02 a       520     0    26     1    20
  2.0538456684983036E-02 a       521     0    27     1     1
 -1.0151690353435334E-01 a       522     0    27     1     2
 -3.3203832362475247E-02 a       523     0    27     1     3
  1.4814845907606808E-02 a       524     0    27     1     4
  3.5642202782186445E-02 a       525     0    27     1     5
 -4.6410202389642267E-02 a       526     0    27     1     6
 -1.9197762479219349E-03 a       527     0    27     1     7
 -8.8392605559385867E-03 a       528     0    27     1     8
 -4.9022047663813871E-02 a       529     0    27     1     9
  1.4757420415841318E-02 a       530     0    27     1    10
 -2.0210637599693870E-01 a       531     0    27     1    11
 -2.6804054058953492E-02 a       532     0    27     1    12
  3.2191269346845845E-02 a       533     0    27     1    13
 -2.5882216971534290E-02 a       534     0    27     1    14
  8.4757747079622081E-02 a       535     0    27     1    15
 -8.8274270684492381E-02 a       536     0    27     1    16
 -3.4297993014172502E-02 a       537     0    27     1    17
  1.7914723823243526E-02 a       538     0    27     1    18
  2.0743468316151373E-02 a       539     0    27     1    19
 -6.1144682052325212E-02 a       540     0    27     1    20
 -3.7985914564792250E-02 a       541     0    28     1     1
  1.1080490698515184E-01 a       542     0    28     1     2
 -2.8840267234695946E-02 a       543     0    28     1     3
 -4.2517781171149384E-02 a       544     0    28     1     4
 -2.8460636380822035E-02 a       545     0    28     1     5
 -2.1705326463234299E-02 a       546     0    28     1     6
  4.3946536700126639E-02 a       547     0    28     1     7
  5.6639214440293902E-05 a       548     0    28     1     8
  6.9825603300872688E-02 a       549     0    28     1     9
 -5.0192997015967362E-02 a       550     0    28     1    10
  1.9840933702864511E-02 a       551     0    28     1    11
 -1.0087167980075823E-01 a       552     0    28     1    12
 -4.3834964645733110E-03 a       553     0    28     1    13
 -4.5893982241906772E-02 a       554     0    28     1    14
 -2.2203877822865634E-02 a       555     0    28     1    15
  7.4625933715838436E-02 a       556     0    28     1    16
  8.1729012050195213E-02 a       557     0    28     1    17
  7.5622676487783536E-02 a       558     0    28     1    18
  1.1012608916914274E-02 a       559     0    28     1    19
  4.4960010587087505E-02 a       560     0    28     1    20
 -4.1923184119828441E-03 a       561     0    29     1     1
 -8.9065344217784198E-02 a       562     0    29     1     2
  9.5726793239117480E-02 a       563     0    29     1     3
  5.0425829027436961E-02 a       564     0    29     1     4
  6.1796429002771353E-02 a       565     0    29     1     5
 -1.2816019351997067E-02 a       566     0    29     1     6
 -6.9003658882945199E-02 a       567     0    29     1     7
 -2.8587375717329731E-03 a       568     0    29     1     8
  7.5961195863078357E-03 a       569     0    29     1     9
 -7.1674030197533142E-02 a       570     0    29     1    10
 -2.4453687987966551E-02 a       571     0    29     1    11
  1.5310350937086825E-01 a       572     0    29     1    12
 -3.3829740172181431E-03 a       573     0    29     1    13
  5.1738166574622053E-02 a       574     0    29     1    14
 -4.1667220932049366E-02 a       575     0    29     1    15
  1.0704606997345213E-03 a       576     0    29     1    16
  7.2459633928779979E-02 a       577     0    29     1    17
 -4.0626276302426906E-03 a       578     0    29     1    18
 -2.0676597085229897E-02 a       579     0    29     1    19
 -5.3809902312716283E-02 a       580     0    29     1    20
  8.4989734374684447E-02 a       581     0    30     1     1
 -2.4925099339622264E-02 a       582     0    30     1     2
  5.3930684696717017E-02 a       583     0    30     1     3
 -7.7356495942944572E-03 a       584     0    30     1     4
  1.2952945535244714E-02 a       585     0    30     1     5
  2.9176611134712972E-02 a       586     0    30     1     6
 -3.5738734073063820E-02 a       587     0    30     1     7
 -7.8104670209797891E-04 a       588     0    30     1     8
 -1.2162007635028133E-02 a       589     0    30     1     9
 -1.4965781865336364E-02 a       590     0    30     1    10
 -3.0478405703510431E-02 a       591     0    30     1    11
  1.5144770849905834E-01 a       592     0    30     1    12
 -1.7750306629897142E-02 a       593     0    30     1    13
 -1.1700785872130694E-02 a       594     0    30     1    14
 -2.5809862278709461E-02 a       595     0    30     1    15
 -1.9632823931736761E-03 a       596     0    30     1    16
 -1.8213795050093705E-02 a       597     0    30     1    17
 -4.8884545328444176E-02 a       598     0    30     1    18
 -7.1413993936448100E-03 a       599     0    30     1    19
  2.0315885098455520E-02 a       600     0    30     1    20
 -1.9074719327852002E-01 a       601     0    31     1     1
 -3.8656350014550550E-01 a       602     0    31     1     2
  1.9165355797853928E-01 a       603     0    31     1     3
  2.1186889323364841E-01 a       604     0    31     1     4
  4.9129172917194869E-01 a       605     0    31     1     5
 -2.7815512030010853E-01 a       606     0    31     1     6
 -4.7083183930521834E-02 a       607     0    31     1     7
 -5.9840704490462193E-02 a       608     0    31     1     8
 -5.1830133089429936E-02 a       609     0    31     1     9
  2.3554178268017914E-03 a       610     0    31     1    10
 -9.5841388892789467E-02 a       611     0    31     1    11
 -5.4287229645152091E-02 a       612     0    31     1    12
 -2.4178351710061691E-01 a       613     0    31     1    13
 -6.3503220220429424E-02 a       614     0    31     1    14
  2.7480105275803329E-01 a       615     0    31     1    15
 -2.6151251121115038E-01 a       616     0    31     1    16
  6.5002944112569960E-02 a       617     0    31     1    17
 -4.2000099996770351E-01 a       618     0    31     1    18
 -6.4003621680469899E-02 a       619     0    31     1    19
  2.2195037481613325E-01 a       620     0    31     1    20
  2.1159902094036800E-01 a       621     0    32     1     1
 -1.8480731585123983E-01 a       622     0    32     1     2
 -4.1482768697572048E-01 a       623     0    32     1     3
 -5.3975672172553635E-01 a       624     0    32     1     4
 -3.0086159416347380E-01 a       625     0    32     1     5
  3.1498455850148133E-01 a       626     0    32     1     6
 -5.8851515500346108E-01 a       627     0    32     1     7
 -9.3893803738411469E-02 a       628     0    32     1     8
  3.9118499720659575E-02 a       629     0    32     1     9
  2.0880831985717219E-01 a       630     0    32     1    10
 -3.8564872001846509E-02 a       631     0    32     1    11
  2.1901539419860655E-01 a       632     0    32     1    12
  6.9263988239316829E-02 a       633     0    32     1    13
 -7.8235554119926032E-01 a       634     0    32     1    14
 -6.9979057902923614E-01 a       635     0    32     1    15
 -3.7624146034161016E-01 a       636     0    32     1    16
  1.9742370240264553E-01 a       637     0    32     1    17
 -7.8219303821588523E-02 a       638     0    32     1    18
  5.2102509343060754E-01 a       639     0    32     1    19
  2.7849862850218204E-01 a       640     0    32     1    20
 -1.1210649994614677E-01 a       641     0    33     1     1
 -2.1055031242937289E-01 a       642     0    33     1     2
  5.4229331180945389E-02 a       643     0    33     1     3
  7.5222249170475305E-02 a       644     0    33     1     4
 -1.6175605574871052E-01 a       645     0    33     1     5
  1.4448271042516506E-01 a       646     0    33     1     6
  8.9127811174793500E-02 a       647     0    33     1     7
  1.8363258650787753E-01 a       648     0    33     1     8
  2.7810097056382793E-01 a       649     0    33     1     9
 -1.0609316871194341E-01 a       650     0    33     1    10
  1.8800399515976361E-02 a       651     0    33     1    11
  2.0330058968036798E-02 a       652     0    33     1    12
  5.5931845075948193E-02 a       653     0    33     1    13
  1.8099486142491969E-01 a       654     0    33     1    14
  1.1579119943133090E-01 a       655     0    33     1    15
 -9.2001626562844302E-02 a       656     0    33     1    16
  1.9293223839313120E-01 a       657     0    33     1    17
 -9.6863800682514004E-02 a       658     0    33     1    18
 -1.5277528660934733E-01 a       659     0    33     1    19
 -1.7248669178561760E-02 a       660     0    33     1    20
 -1.2027345216490001E-01 a       661     0    34     1     1
  2.0561658296426213E-01 a       662     0    34     1     2
  1.0444416796839100E-01 a       663     0    34     1     3
  3.6083447381208000E-01 a       664     0    34     1     4
  2.8715999680873450E-01 a       665     0    34     1     5
 -2.8384113434789293E-01 a       666     0    34     1     6
  3.9978058070198985E-01 a       667     0    34     1     7
  1.1317279761919138E-01 a       668     0    34     1     8
 -3.9670554764868360E-01 a       669     0    34     1     9
  1.8986241156168506E-02 a       670     0    34     1    10
 -9.0986728816023432E-02 a       671     0    34     1    11
 -3.2619062047274866E-01 a       672     0    34     1    12
 -4.3862213355238955E-01 a       673     0    34     1    13
  1.7436030895692456E-01 a       674     0    34     1    14
  3.3660506871139634E-01 a       675     0    34     1    15
  1.6837932664334554E-01 a       676     0    34     1    16
 -1.8373146442377661E-01 a       677     0    34     1    17
  2.7321100557432466E-02 a       678     0    34     1    18
 -3.9160547484139224E-01 a       679     0    34     1    19
 -4.3150342753785514E-01 a       680     0    34     1    20
  2.1225876302637461E-01 a       681     0    35     1     1
 -1.5289259909776626E-01 a       682     0    35     1     2
 -8.6071940760516247E-02 a       683     0    35     1     3
 -1.6313281888782541E-01 a       684     0    35     1     4
  5.9563722300207247E-02 a       685     0    35     1     5
 -2.1099945047913884E-01 a       686     0    35     1     6
 -3.6225069879263258E-02 a       687     0    35     1     7
 -3.0457096535447709E-01 a       688     0    35     1     8
 -4.3117552713487084E-01 a       689     0    35     1     9
  8.5607786195411595E-02 a       690     0    35     1    10
 -1.3285788377742530E-01 a       691     0    35     1    11
 -1.7964402685989400E-01 a       692     0    35     1    12
  2.1173412027232597E-01 a       693     0    35     1    13
  2.3887822539941751E-02 a       694     0    35     1    14
 -1.3739756741762271E-01 a       695     0    35     1    15
 -4.8307738334480993E-01 a       696     0    35     1    16
 -1.6530303004371211E-01 a       697     0    35     1    17
  1.9083039515018999E-01 a       698     0    35     1    18
  2.9319993027744501E-01 a       699     0    35     1    19
  4.8120534460651004E-01 a       700     0    35     1    20
  1.0037657192932599E-01 a       701     0    36     1     1
  3.1979003381130425E-02 a       702     0    36     1     2
  9.3496261971567421E-02 a       703     0    36     1     3
 -2.6803556831492009E-01 a       704     0    36     1     4
 -8.1870526093020479E-02 a       705     0    36     1     5
  2.4955375153464135E-01 a       706     0    36     1     6
  1.4512919534216576E-01 a       707     0    36     1     7
  1.5779007695709965E-01 a       708     0    36     1     8
 -2.3553629174489432E-01 a       709     0    36     1     9
 -1.9932999652810418E-01 a       710     0    36     1    10
 -8.4028335365982629E-02 a       711     0    36     1    11
  1.4321470273355960E-01 a       712     0    36     1    12
  8.4605296036675548E-02 a       713     0    36     1    13
  5.9186634045012782E-03 a       714     0    36     1    14
 -8.0211174730167131E-02 a       715     0    36     1    15
  6.6350950059047412E-02 a       716     0    36     1    16
 -4.7618716341405520E-01 a       717     0    36     1    17
  3.7683382127838649E-01 a       718     0    36     1    18
 -1.5916967070989915E-01 a       719     0    36     1    19
 -3.4989087577234684E-01 a       720     0    36     1    20
  7.3253384567293078E-02 a       721     0    37     1     1
  3.2819180127740162E-02 a       722     0    37     1     2
  2.2788145708641397E-01 a       723     0    37     1     3
  4.7803335284330006E-01 a       724     0    37     1     4
  2.7322120859593352E-01 a       725     0    37     1     5
 -3.5672246346409103E-01 a       726     0    37     1     6
 -6.8246205712381028E-03 a       727     0    37     1     7
 -1.9306974768676494E-01 a       728     0    37     1     8
 -3.9851887136795494E-01 a       729     0    37     1     9
 -5.0691956292367468E-01 a       730     0    37     1    10
 -2.7094138258605127E-02 a       731     0    37     1    11
 -1.0602186996577831E-01 a       732     0    37     1    12
 -2.1527615093990204E-01 a       733     0    37     1    13
  7.0904501875898218E-01 a       734     0    37     1    14
  3.8105697591426202E-01 a       735     0    37     1    15
  3.7505336230109171E-01 a       736     0    37     1    16
  1.1986515557489656E-01 a       737     0    37     1    17
 -2.0186981585757064E-02 a       738     0    37     1    18
 -2.0812061960867020E-01 a       739     0    37     1    19
  3.4170310377354191E-01 a       740     0    37     1    20
 -5.4062681785452531E-02 a       741     0    38     1     1
  5.2245846944618347E-02 a       742     0    38     1     2
  1.3042133601342376E-01 a       743     0    38     1     3
 -1.3018278890867838E-01 a       744     0    38     1     4
  9.7967445516130902E-02 a       745     0    38     1     5
 -7.5943360405296589E-02 a       746     0    38     1     6
 -8.6707077848053704E-02 a       747     0    38     1     7
 -1.3944787920242116E-01 a       748     0    38     1     8
  4.2951568159600847E-03 a       749     0    38     1     9
  8.4649293415143434E-02 a       750     0    38     1    10
 -2.0110207827424151E-01 a       751     0    38     1    11
  8.3692562252522511E-03 a       752     0    38     1    12
 -1.0773749107088851E-01 a       753     0    38     1    13
 -1.7469579722261433E-01 a       754     0    38     1    14
 -2.9750079616358553E-02 a       755     0    38     1    15
  5.3188031428683122E-03 a       756     0    38     1    16
  2.8402259386229147E-03 a       757     0    38     1    17
  1.7369070089407049E-01 a       758     0    38     1    18
  1.0669258318278067E-01 a       759     0    38     1    19
 -5.5111129485048226E-02 a       760     0    38     1    20
 -7.0118359826074284E-02 a       761     0    39     1     1
 -2.3562777467097842E-01 a       762     0    39     1     2
 -2.8945414483203141E-01 a       763     0    39     1     3
 -1.7208513073732856E-01 a       764     0    39     1     4
 -1.2349291884790074E-01 a       765     0    39     1     5
  2.1049017363715039E-01 a       766     0    39     1     6
 -1.3238575465524685E-01 a       767     0    39     1     7
  5.5838265058380895E-02 a       768     0    39     1     8
  1.9980314825114850E-01 a       769     0    39     1     9
  5.3744142337205836E-01 a       770     0    39     1    10
  2.8185276559108730E-02 a       771     0    39     1    11
 -1.0367623192383836E-01 a       772     0    39     1    12
  5.9453779481878119E-02 a       773     0    39     1    13
 -2.2459859038791286E-01 a       774     0    39     1    14
 -2.0174848155316361E-01 a       775     0    39     1    15
  8.2390576351471248E-02 a       776     0    39     1    16
 -7.3150356479567066E-02 a       777     0    39     1    17
 -1.2428714710511496E-01 a       778     0    39     1    18
  2.4794456996945163E-01 a       779     0    39     1    19
 -1.6064074715954002E-01 a       780     0    39     1    20
 -3.2813546521226061E-01 a       781     0    40     1     1
 -1.1316261945755678E-01 a       782     0    40     1     2
 -1.6350612214922647E-01 a       783     0    40     1     3
  1.6455904197928894E-01 a       784     0    40     1     4
  1.1759686621086725E-01 a       785     0    40     1     5
  1.2535609664533148E-01 a       786     0    40     1     6
 -2.0410005699594719E-01 a       787     0    40     1     7
  2.8155581517466846E-02 a       788     0    40     1     8
 -1.5121773889651183E-01 a       789     0    40     1     9
 -4.6370261874063129E-01 a       790     0    40     1    10
  7.6847912520116843E-02 a       791     0    40     1    11
  1.2746810307392402E-02 a       792     0    40     1    12
 -2.8348443229263682E-02 a       793     0    40     1    13
 -1.8446490027884629E-01 a       794     0    40     1    14
  5.0157969992555362E-01 a       795     0    40     1    15
  6.1926718156928329E-01 a       796     0    40     1    16
 -2.3857012403346231E-01 a       797     0    40     1    17
 -2.5174809056248193E-01 a       798     0    40     1    18
 -3.2719168372380375E-01 a       799     0    40     1    19
 -1.0083732462025220E-01 a       800     0    40     1    20
 -1.2160204042556573E-01 a       801     0    41     1     1
 -4.7169610338332613E-03 a       802     0    41     1     2
  2.2591670280193637E-02 a       803     0    41     1     3
 -2.9679988383460275E-02 a       804     0    41     1     4
  9.6837282227120680E-02 a       805     0    41     1     5
 -2.8759662629337074E-02 a       806     0    41     1     6
 -1.9330139680757346E-02 a       807     0    41     1     7
  3.0278703521055061E-02 a       808     0    41     1     8
 -6.2339811203452417E-02 a       809     0    41     1     9
  8.1507156072753426E-02 a       810     0    41     1    10
  4.7098345928671417E-02 a       811     0    41     1    11
 -8.5881571478306044E-03 a       812     0    41     1    12
 -8.0145564309688930E-02 a       813     0    41     1    13
 -3.9353586590088668E-02 a       814     0    41     1    14
 -1.1542443157673826E-01 a       815     0    41     1    15
  8.1957162320297362E-03 a       816     0    41     1    16
 -5.8370719317365781E-02 a       817     0    41     1    17
 -8.4167977937147101E-02 a       818     0    41     1    18
  1.5900359532070960E-02 a       819     0    41     1    19
  5.2397295266886003E-02 a       820     0    41     1    20
  3.7824645590367426E-02 a       821     0    42     1     1
 -1.3561653242267546E-01 a       822     0    42     1     2
 -1.6071752272782258E-01 a       823     0    42     1     3
  4.7697956427768945E-02 a       824     0    42     1     4
 -8.0369065285536445E-02 a       825     0    42     1     5
  7.8853676032652392E-02 a       826     0    42     1     6
  5.7644784777068130E-02 a       827     0    42     1     7
  5.2694500315262273E-02 a       828     0    42     1     8
 -5.8687663763091417E-02 a       829     0    42     1     9
 -2.5101441049051192E-02 a       830     0    42     1    10
  5.4003951164113495E-02 a       831     0    42     1    11
 -1.5299021171867058E-01 a       832     0    42     1    12
  5.4542288093038183E-02 a       833     0    42     1    13
  2.9820674594186819E-01 a       834     0    42     1    14
 -2.2635870354898766E-02 a       835     0    42     1    15
  1.2112663943351330E-01 a       836     0    42     1    16
  4.6166148273039637E-02 a       837     0    42     1    17
  2.1560061347242410E-01 a       838     0    42     1    18
 -3.3352489087649498E-02 a       839     0    42     1    19
  1.0804950067790582E-01 a       840     0    42     1    20
 -2.7970236149877595E-02 a       841     0    43     1     1
  1.2936289188171243E-01 a       842     0    43     1     2
 -2.1248510544997882E-02 a       843     0    43     1     3
  2.0315027447662240E-01 a       844     0    43     1     4
  1.3481229844662315E-01 a       845     0    43     1     5
  1.5379196120815194E-01 a       846     0    43     1     6
 -1.1210070391536242E-02 a       847     0    43     1     7
 -4.5358314956539025E-02 a       848     0    43     1     8
 -5.0111941288662427E-02 a       849     0    43     1     9
  1.2695808633521227E-01 a       850     0    43     1    10
 -1.4126472146373409E-01 a       851     0    43     1    11
  1.1374421724140353E-01 a       852     0    43     1    12
 -5.0251789065911642E-02 a       853     0    43     1    13
  1.7952607066673576E-03 a       854     0    43     1    14
  1.9833999453722074E-03 a       855     0    43     1    15
 -5.5005272067638264E-02 a       856     0    43     1    16
 -2.0901994012531772E-01 a       857     0    43     1    17
 -2.7270785721709101E-01 a       858     0    43     1    18
  7.7814201211339126E-02 a       859     0    43     1    19
  5.5213480529747561E-02 a       860     0    43     1    20
 -8.7131827522501717E-02 a       861     0    44     1     1
 -6.7670975006275516E-02 a       862     0    44     1     2
 -5.3688416024532448E-02 a       863     0    44     1     3
  1.1838320807716174E-01 a       864     0    44     1     4
 -1.0834171085360866E-01 a       865     0    44     1     5
 -5.4229654835387553E-02 a       866     0    44     1     6
  1.9395289750281083E-01 a       867     0    44     1     7
 -5.0424564484848389E-02 a       868     0    44     1     8
  9.7665820297748070E-03 a       869     0    44     1     9
  2.5363242647034806E-01 a       870     0    44     1    10
 -1.9748673194916980E-01 a       871     0    44     1    11
  4.5547844234735950E-02 a       872     0    44     1    12
  2.4519718081804137E-01 a       873     0    44     1    13
 -1.6542214796962587E-01 a       874     0    44     1    14
  5.4647513700297357E-02 a       875     0    44     1    15
  1.5979309087778007E-01 a       876     0    44     1    16
  7.3666539704865419E-02 a       877     0    44     1    17
 -4.5525350551828908E-01 a       878     0    44     1    18
  9.8588090782592466E-02 a       879     0    44     1    19
  3.3760783520653448E-01 a       880     0    44     1    20
 -5.3329437864271224E-02 a       881     0    45     1     1
 -8.3474312185453037E-02 a       882     0    45     1     2
 -2.7266384897294521E-02 a       883     0    45     1     3
 -9.5659756280951549E-03 a       884     0    45     1     4
 -5.2295453893849431E-02 a       885     0    45     1     5
 -7.9743793630565496E-02 a       886     0    45     1     6
 -4.5756195044677220E-02 a       887     0    45     1     7
 -7.9037391633905899E-02 a       888     0    45     1     8
  4.8040081318927548E-03 a       889     0    45     1     9
 -7.9721272568940120E-03 a       890     0    45     1    10
  1.5224367318885992E-01 a       891     0    45     1    11
  3.9542937503437500E-02 a       892     0    45     1    12
 -2.9290185911626243E-02 a       893     0    45     1    13
 -4.7062318054336368E-02 a       894     0    45     1    14
 -2.5887947648049806E-02 a       895     0    45     1    15
 -2.4137200424249265E-02 a       896     0    45     1    16
  5.2930243427751288E-02 a       897     0    45     1    17
  1.6311048606979550E-01 a       898     0    45     1    18
  1.0043670154259186E-02 a       899     0    45     1    19
 -1.2095283509517089E-01 a       900     0    45     1    20
 -6.7972982784951327E-02 a       901     0    46     1     1
  2.4688764553977760E-01 a       902     0    46     1     2
 -1.9318882986072994E-01 a       903     0    46     1     3
  2.6333583247052988E-01 a       904     0    46     1     4
 -1.3402864689135460E-01 a       905     0    46     1     5
 -6.2651538110887486E-02 a       906     0    46     1     6
 -1.1827577545792195E-01 a       907     0    46     1     7
 -8.6016800658017672E-02 a       908     0    46     1     8
  2.9716322201091377E-01 a       909     0    46     1     9
  1.0332898291222124E-01 a       910     0    46     1    10
 -9.0732049745725185E-02 a       911     0    46     1    11
 -5.0582012283800513E-02 a       912     0    46     1    12
 -2.9941042590753877E-02 a       913     0    46     1    13
  1.4892887442503955E-01 a       914     0    46     1    14
 -1.2964127949696677E-01 a       915     0    46     1    15
 -2.8307737689671219E-02 a       916     0    46     1    16
  4.1792012892206987E-01 a       917     0    46     1    17
 -1.2385364809817354E-01 a       918     0    46     1    18
  1.5130175667613371E-01 a       919     0    46     1    19
  1.5299188815492493E-01 a       920     0    46     1    20
 -6.0787603652541815E-02 a       921     0    47     1     1
 -1.3555751285834092E-01 a       922     0    47     1     2
  3.1572802520780069E-01 a       923     0    47     1     3
 -2.8874874579381171E-01 a       924     0    47     1     4
  3.0940032391707956E-01 a       925     0    47     1     5
  6.4927356367090294E-01 a       926     0    47     1     6
  3.9053677029535938E-01 a       927     0    47     1     7
  4.9422698390062059E-01 a       928     0    47     1     8
  5.4825348450856426E-01 a       929     0    47     1     9
 -4.2130937159363252E-01 a       930     0    47     1    10
 -4.8316803645821887E-01 a       931     0    47     1    11
 -1.5204377281290157E-01 a       932     0    47     1    12
  1.2262291163966303E-01 a       933     0    47     1    13
 -1.1258903700169112E+00 a       934     0    47     1    14
 -2.0509798566671472E-01 a       935     0    47     1    15
  2.7602277580701579E-01 a       936     0    47     1    16
 -1.3508006421055091E-01 a       937     0    47     1    17
  5.2681309109705066E-01 a       938     0    47     1    18
 -1.3399263870735822E-01 a       939     0    47     1    19
  2.2120589571714031E-01 a       940     0    47     1    20
  1.7847450209061862E-02 a       941     0    48     1     1
  2.2084534649061677E-01 a       942     0    48     1     2
 -1.9542189541821733E-01 a       943     0    48     1     3
  5.5187719144546933E-02 a       944     0    48     1     4
 -6.3834212743844820E-02 a       945     0    48     1     5
 -3.4673248973149544E-02 a       946     0    48     1     6
  1.3274284332720032E-01 a       947     0    48     1     7
  8.0835684761274493E-02 a       948     0    48     1     8
 -9.7861672710802441E-02 a       949     0    48     1     9
  1.7136447102457025E-02 a       950     0    48     1    10
  3.0679144820119252E-02 a       951     0    48     1    11
 -4.0615419735744909E-02 a       952     0    48     1    12
  7.1883658087962640E-02 a       953     0    48     1    13
  9.1051898397757236E-02 a       954     0    48     1    14
 -3.5563977427132028E-03 a       955     0    48     1    15
 -3.2347579485708988E-02 a       956     0    48     1    16
 -1.8717205153843459E-02 a       957     0    48     1    17
  3.0405918092389000E-02 a       958     0    48     1    18
 -3.6504103915072438E-02 a       959     0    48     1    19
  1.8958460411713723E-01 a       960     0    48     1    20
  6.9482630790571140E-02 a       961     0    49     1     1
  2.3927281043321263E-01 a       962     0    49     1     2
 -6.1070114455252664E-02 a       963     0    49     1     3
  6.2592008628701665E-02 a       964     0    49     1     4
 -2.5855826476880228E-02 a       965     0    49     1     5
 -3.3286214731576691E-01 a       966     0    49     1     6
 -2.1530826984076226E-01 a       967     0    49     1     7
 -2.8690666058209557E-01 a       968     0    49     1     8
 -2.4753873098866683E-01 a       969     0    49     1     9
  5.0094125252595628E-04 a       970     0    49     1    10
  2.4820916740066601E-01 a       971     0    49     1    11
 -8.7195519385088099E-02 a       972     0    49     1    12
 -1.5195136944674292E-01 a       973     0    49     1    13
  3.5683312478738854E-01 a       974     0    49     1    14
  5.6669544048851016E-02 a       975     0    49     1    15
 -2.3024804269743898E-01 a       976     0    49     1    16
  1.0928547654723451E-01 a       977     0    49     1    17
 -1.8082115592821685E-01 a       978     0    49     1    18
  4.9680853945634054E-02 a       979     0    49     1    19
 -2.2801649580586714E-01 a       980     0    49     1    20
  1.0547254571252067E-02 a       981     0    50     1     1
  3.0433150484968469E-01 a       982     0    50     1     2
 -1.2834995680443390E-01 a       983     0    50     1     3
 -8.6916268852699180E-02 a       984     0    50     1     4
 -3.5227324797590452E-04 a       985     0    50     1     5
  4.1226291136050625E-01 a       986     0    50     1     6
  6.8578345173740041E-01 a       987     0    50     1     7
  1.6974550464559846E-01 a       988     0    50     1     8
  2.2091862707111010E-01 a       989     0    50     1     9
 -9.2139996142615366E-02 a       990     0    50     1    10
 -9.7356727115135849E-03 a       991     0    50     1    11
 -5.7207106950079589E-01 a       992     0    50     1    12
  1.9801958992724616E-01 a       993     0    50     1    13
 -3.3652847155615789E-01 a       994     0    50     1    14
 -3.5359675511747085E-01 a       995     0    50     1    15
  1.5225913643392833E-01 a       996     0    50     1    16
 -2.7507420507586089E-01 a       997     0    50     1    17
 -1.1327121782568561E-01 a       998     0    50     1    18
  9.8408358051934985E-02 a       999     0    50     1    19
 -1.7203526180254680E-01 a      1000     0    50     1    20
  8.0747010265352748E-01 b      1001     1     1
  1.0748902794987123E+00 b      1002     1     2
  3.4256824136510355E-01 b      1003     1     3
  7.5846133114147241E-01 b      1004     1     4
 -3.1000350746299871E-01 b      1005     1     5
 -3.6276780541550202E-01 b      1006     1     6
  2.4259202681959968E-01 b      1007     1     7
 -1.6290595310697435E+00 b      1008     1     8
 -8.2755226026558271E-01 b      1009     1     9
  9.9598656792027007E-01 b      1010     1    10
  6.8498747332834897E-01 b      1011     1    11
 -1.1229522833758503E+00 b      1012     1    12
  5.1670719213118430E-02 b      1013     1    13
  9.1060994773366855E-01 b      1014     1    14
  1.9567439632230002E-01 b      1015     1    15
  7.9987051228883299E-01 b      1016     1    16
 -8.9058079187198477E-02 b      1017     1    17
 -1.4066187520200257E+00 b      1018     1    18
 -1.0162860995949157E+00 b      1019     1    19
 -9.9640800096916349E-01 b      1020     1    20
  4.7075135168319571E-01 a      1021     1     1     2     1
  2.8401461984937598E-01 a      1022     1     1     2     2
 -7.0092596141236185E-01 a      1023     1     1     2     3
 -2.9851795921539026E-01 a      1024     1     1     2     4
 -5.0582988744323787E-01 a      1025     1     1     2     5
  3.4403688082182476E-01 a      1026     1     1     2     6
 -4.4971150345256411E-01 a      1027     1     1     2     7
  4.2856177663681105E-02 a      1028     1     1     2     8
 -5.3229765087490066E-01 a      1029     1     1     2     9
 -4.3096994861652493E-01 a      1030     1     1     2    10
  1.7959432534089197E-02 a      1031     1     1     2    11
  5.4444148038621920E-01 a      1032     1     1     2    12
 -2.2399486437808941E-01 a      1033     1     1     2    13
  2.4877547999760485E-01 a      1034     1     1     2    14
  3.4930416208189763E-01 a      1035     1     1     2    15
 -5.8756070781042080E-01 a      1036     1     1     2    16
  4.1915628341365352E-01 a      1037     1     1     2    17
 -5.9902244998197218E-01 a      1038     1     1     2    18
  2.3735925780994224E-01 a      1039     1     1     2    19
  6.3322562911219307E-02 a      1040     1     1     2    20
 -6.9100022316539533E-01 a      1041     1     2     2     1
 -1.2902919215493275E-01 a      1042     1     2     2     2
 -3.2629122144926431E-01 a      1043     1     2     2     3
  6.0033361870109700E-02 a      1044     1     2     2     4
  3.2448628569351384E-01 a      1045     1     2     2     5
 -3.2508743772182458E-01 a      1046     1     2     2     6
  5.1965748618220925E-02 a      1047     1     2     2     7
  3.9789800743834902E-01 a      1048     1     2     2     8
  3.9957843096342083E-01 a      1049     1     2     2     9
  7.9828876158903428E-01 a      1050     1     2     2    10
  5.9936555183825369E-01 a      1051     1     2     2    11
  1.8582575883436409E-01 a      1052     1     2     2    12
 -8.4621054044559413E-02 a      1053     1     2     2    13
 -1.1628944422324075E-01 a      1054     1     2     2    14
 -2.2149263967186347E-01 a      1055     1     2     2    15
  1.5554564341261473E-01 a      1056     1     2     2    16
 -2.4295050571436183E-01 a      1057     1     2     2    17
  2.6390319071580665E-01 a      1058     1     2     2    18
  4.5625725718902069E-02 a      1059     1     2     2    19
 -4.6296787360063213E-01 a      1060     1     2     2    20
  2.1462280845006868E-01 a      1061     1     3     2     1
 -5.2638793517658551E-02 a      1062     1     3     2     2
 -3.4001405049770356E-01 a      1063     1     3     2     3
 -3.2565725153232512E-03 a      1064     1     3     2     4
 -2.4935983809493362E-01 a      1065     1     3     2     5
 -2.5228639968686923E-02 a      1066     1     3     2     6
  2.2369351737586288E-01 a      1067     1     3     2     7
  3.8314995692011822E-01 a      1068     1     3     2     8
  5.2039895620772325E-01 a      1069     1     3     2     9
  4.3208634137876190E-01 a      1070     1     3     2    10
 -6.3369924453534079E-02 a      1071     1     3     2    11
  3.3872905554276009E-03 a      1072     1     3     2    12
 -8.1614843330083078E-02 a      1073     1     3     2    13
 -8.3098184362449187E-02 a      1074     1     3     2    14
 -1.7288419261105115E-01 a      1075     1     3     2    15
  2.7295550042316025E-01 a      1076     1     3     2    16
 -9.8280046192075410E-01 a      1077     1     3     2    17
 -5.5606073247720833E-01 a      1078     1     3     2    18
 -5.6213370295124232E-01 a      1079     1     3     2    19
  1.3392736671321900E-01 a      1080     1     3     2    20
 -1.5794062141137592E-02 a      1081     1     4     2     1
 -3.4303195072856113E-01 a      1082     1     4     2     2
  4.1194759628494848E-01 a      1083     1     4     2     3
  3.3926313091280691E-01 a      1084     1     4     2     4
 -2.4691309017346907E-01 a      1085     1     4     2     5
  4.1217360051926458E-02 a      1086     1     4     2     6
  2.5149059933775680E-01 a      1087     1     4     2     7
 -1.0545219881824990E-01 a      1088     1     4     2     8
  2.6216770608536683E-01 a      1089     1     4     2     9
 -1.9120987949299945E-01 a      1090     1     4     2    10
  6.4272058285114420E-01 a      1091     1     4     2    11
 -8.2298138024273854E-02 a      1092     1     4     2    12
  4.3137950643191858E-01 a      1093     1     4     2    13
  3.3430893754038010E-01 a      1094     1     4     2    14
 -1.4488359809036880E-01 a      1095     1     4     2    15
  3.6024109541496241E-01 a      1096     1     4     2    16
  1.0516055394881504E-01 a      1097     1     4     2    17
 -1.9061353609059095E-01 a      1098     1     4     2    18
  2.9293638198886141E-01 a      1099     1     4     2    19
  3.2566461227949775E-02 a      1100     1     4     2    20
 -5.1453010855576731E-01 a      1101     1     5     2     1
  1.5865526798010052E-01 a      1102     1     5     2     2
 -5.7070973567093475E-01 a      1103     1     5     2     3
 -1.1587515572140364E-01 a      1104     1     5     2     4
  1.7588982670536504E-01 a      1105     1     5     2     5
 -3.7579147036801930E-01 a      1106     1     5     2     6
 -5.7037798274663809E-01 a      1107     1     5     2     7
  2.0110767215832306E-01 a      1108     1     5     2     8
 -4.1811174926108002E-01 a      1109     1     5     2     9
  5.5319115801348917E-01 a      1110     1     5     2    10
  1.7782181687062040E-01 a      1111     1     5     2    11
  3.0158262779203837E-01 a      1112     1     5     2    12
 -3.3440295770348544E-01 a      1113     1     5     2    13
 -8.4771040762475935E-01 a      1114     1     5     2    14
  3.1527868974240886E-01 a      1115     1     5     2    15
  2.5296275328769913E-01 a      1116     1     5     2    16
 -2.0197128945342416E-01 a      1117     1     5     2    17
  1.9240321728368034E-01 a      1118     1     5     2    18
 -2.0481895831782493E-01 a      1119     1     5     2    19
  1.5389956628577314E-01 a      1120     1     5     2    20
  6.0239927593867780E-02 a      1121     1     6     2     1
  6.0178742169656518E-01 a      1122     1     6     2     2
 -1.4415971508297959E-01 a      1123     1     6     2     3
 -6.9257655277941277E-01 a      1124     1     6     2     4
  9.7409722682226063E-01 a      1125     1     6     2     5
  1.9138471118548175E-01 a      1126     1     6     2     6
 -3.6339782498982143E-01 a      1127     1     6     2     7
 -6.5449143039325519E-01 a      1128     1     6     2     8
  8.4253594123421838E-01 a      1129     1     6     2     9
 -1.1819643631591215E-01 a      1130     1     6     2    10
  6.5769544959195425E-01 a      1131     1     6     2    11
 -1.9979888368413476E-01 a      1132     1     6     2    12
 -1.3645420846210665E-01 a      1133     1     6     2    13
 -4.9364088073352252E-01 a      1134     1     6     2    14
  3.3405571867836614E-01 a      1135     1     6     2    15
  2.8723564056849121E-01 a      1136     1     6     2    16
  7.0434951879512198E-01 a      1137     1     6     2    17
  2.0543462017377523E-01 a      1138     1     6     2    18
 -6.4542635327791101E-02 a      1139     1     6     2    19
  5.2625398013559566E-01 a      1140     1     6     2    20
 -3.6523032063239436E-01 a      1141     1     7     2     1
  4.0570479112340407E-02 a      1142     1     7     2     2
  6.9801078101112057E-01 a      1143     1     7     2     3
 -1.5229257429430659E-01 a      1144     1     7     2     4
 -6.1649660349029266E-02 a      1145     1     7     2     5
  5.9093199961764087E-01 a      1146     1     7     2     6
 -5.1135993787538181E-01 a      1147     1     7     2     7
 -2.9196710888958649E-01 a      1148     1     7     2     8
 -8.1541610622622815E-02 a      1149     1     7     2     9
 -7.3852432844959559E-01 a      1150     1     7     2    10
  6.1797807487919507E-02 a      1151     1     7     2    11
 -4.9663013457368899E-01 a      1152     1     7     2    12
 -7.5560812179488079E-01 a      1153     1     7     2    13
  7.0508084761367873E-01 a      1154     1     7     2    14
  6.5329907310000668E-01 a      1155     1     7     2    15
  7.7112727083798882E-01 a      1156     1     7     2    16
  3.5350271850014581E-01 a      1157     1     7     2    17
 -7.6115112880040858E-01 a      1158     1     7     2    18
  6.5695194908268181E-02 a      1159     1     7     2    19
  5.7573509722436234E-01 a      1160     1     7     2    20
  1.9815146519020296E-01 a      1161     1     8     2     1
  1.6813317067686750E-01 a      1162     1     8     2     2
  1.5746508423168384E-01 a      1163     1     8     2     3
 -6.4842900159444028E-01 a      1164     1     8     2     4
 -9.1506657561995963E-01 a      1165     1     8     2     5
 -2.6181511930003254E-01 a      1166     1     8     2     6
  2.3064637717199349E-01 a      1167     1     8     2     7
 -3.8525228474230311E-01 a      1168     1     8     2     8
 -1.4384553042100715E-01 a      1169     1     8     2     9
  3.3913572350807009E-01 a      1170     1     8     2    10
  2.0795513645652963E-01 a      1171     1     8     2    11
  4.1361714310726810E-01 a      1172     1     8     2    12
 -7.4968762675256673E-01 a      1173     1     8     2    13
  2.5719760696126644E-02 a      1174     1     8     2    14
 -2.0056575820986977E-01 a      1175     1     8     2    15
 -6.5748353123580405E-01 a      1176     1     8     2    16
 -6.1662508481061647E-02 a      1177     1     8     2    17
  6.1082002615622810E-01 a      1178     1     8     2    18
  2.8511367653250491E-01 a      1179     1     8     2    19
 -9.8161119065463792E-02 a      1180     1     8     2    20
  1.7334818935067123E-01 a      1181     1     9     2     1
 -6.6128570635106396E-02 a      1182     1     9     2     2
 -6.1420136846707740E-01 a      1183     1     9     2     3
 -4.2174604292916912E-01 a      1184     1     9     2     4
  2.0385238573236450E-01 a      1185     1     9     2     5
 -1.1713272810757061E-01 a      1186     1     9     2     6
 -5.6357924889056332E-01 a      1187     1     9     2     7
  4.2860317975168416E-01 a      1188     1     9     2     8
  1.1870177731720348E-02 a      1189     1     9     2     9
  5.4518290881768594E-01 a      1190     1     9     2    10
 -5.5913654776780342E-01 a      1191     1     9     2    11
  6.5312310569792498E-01 a      1192     1     9     2    12
 -1.2453488680187189E-01 a      1193     1     9     2    13
 -2.6231971267315235E-01 a      1194     1     9     2    14
  4.3741050493699906E-04 a      1195     1     9     2    15
  2.4187061376550864E-01 a      1196     1     9     2    16
  7.3760985335342741E-02 a      1197     1     9     2    17
  2.4957035213416964E-01 a      1198     1     9     2    18
  5.0976296683738720E-01 a      1199     1     9     2    19
  1.2330417252657119E-01 a      1200     1     9     2    20
 -1.6123076540535375E-01 a      1201     1    10     2     1
 -4.4162912093799050E-01 a      1202     1    10     2     2
 -2.9763582039039166E-01 a      1203     1    10     2     3
  2.7545161521294353E-01 a      1204     1    10     2     4
 -3.7807743863367216E-01 a      1205     1    10     2     5
 -2.3900531693865606E-01 a      1206     1    10     2     6
  4.3933624025993601E-02 a      1207     1    10     2     7
  3.6219708044151988E-01 a      1208     1    10     2     8
  5.2675812817203527E-01 a      1209     1    10     2     9
  4.1424908637896007E-01 a      1210     1    10     2    10
 -4.5693550172882752E-01 a      1211     1    10     2    11
  3.0411364315001987E-01 a      1212     1    10     2    12
 -4.5603372520227881E-01 a      1213     1    10     2    13
 -6.8267390373293935E-02 a      1214     1    10     2    14
  5.0522106239816233E-01 a      1215     1    10     2    15
  4.6241168859826043E-01 a      1216     1    10     2    16
 -2.0224336774785961E-01 a      1217     1    10     2    17
 -3.1520057136970669E-01 a      1218     1    10     2    18
 -4.5971131592069742E-01 a      1219     1    10     2    19
  8.3375149094218637E-01 a      1220     1    10     2    20
  4.8952803565406450E-01 a      1221     1    11     2     1
  4.6441189474026889E-01 a      1222     1    11     2     2
 -9.7411651557827952E-02 a      1223     1    11     2     3
 -1.2684391269445336E-01 a      1224     1    11     2     4
 -1.9602936949650082E-01 a      1225     1    11     2     5
 -1.6351915565369953E-03 a      1226     1    11     2     6
 -5.8304936729599233E-01 a      1227     1    11     2     7
  3.7967508459861160E-01 a      1228     1    11     2     8
 -5.9458015029290689E-01 a      1229     1    11     2     9
  4.3869430027445938E-01 a      1230     1    11     2    10
  4.3388902447105845E-02 a      1231     1    11     2    11
  8.8154339217129587E-03 a      1232     1    11     2    12
 -1.3656311106775587E-01 a      1233     1    11     2    13
 -4.9199545139156564E-01 a      1234     1    11     2    14
 -3.0651785594495712E-01 a      1235     1    11     2    15
 -2.2781923405782420E-01 a      1236     1    11     2    16
 -3.3542201933494120E-01 a      1237     1    11     2    17
  6.6605228648420028E-02 a      1238     1    11     2    18
 -3.0821663804290517E-01 a      1239     1    11     2    19
  3.2735307449599244E-01 a      1240     1    11     2    20
  3.1461742996355485E-02 a      1241     1    12     2     1
  1.2966935462058551E-01 a      1242     1    12     2     2
  4.3615044488126725E-02 a      1243     1    12     2     3
  4.7917046007115510E-01 a      1244     1    12     2     4
  2.2469208650127254E-01 a      1245     1    12     2     5
 -4.3171594392819153E-02 a      1246     1    12     2     6
 -2.4743558643027624E-01 a      1247     1    12     2     7
  6.5716769036353451E-01 a      1248     1    12     2     8
  6.1850741851243896E-01 a      1249     1    12     2     9
  5.4030634829915403E-01 a      1250     1    12     2    10
 -7.3127798030174984E-01 a      1251     1    12     2    11
 -3.7560881896026727E-01 a      1252     1    12     2    12
 -4.3329598089504767E-01 a      1253     1    12     2    13
  5.1432367366041265E-01 a      1254     1    12     2    14
 -2.5176345818949014E-01 a      1255     1    12     2    15
  1.4406146574964607E-02 a      1256     1    12     2    16
  1.0339455322166850E-01 a      1257     1    12     2    17
  5.4654844889663323E-01 a      1258     1    12     2    18
 -7.3605384396639214E-03 a      1259     1    12     2    19
 -5.5360623933875169E-02 a      1260     1    12     2    20
  6.4761415451969562E-01 a      1261     1    13     2     1
 -5.1168693999227433E-01 a      1262     1    13     2     2
  5.0421922035999012E-01 a      1263     1    13     2     3
  7.8168000511219925E-03 a      1264     1    13     2     4
  5.3312788866061223E-01 a      1265     1    13     2     5
 -5.5656669245210610E-01 a      1266     1    13     2     6
  3.2492614859636848E-01 a      1267     1    13     2     7
  1.5336165689506004E-01 a      1268     1    13     2     8
 -6.8195619270559071E-01 a      1269     1    13     2     9
 -3.3339378186881835E-01 a      1270     1    13     2    10
 -4.0244317793125017E-01 a      1271     1    13     2    11
 -8.6150041304766556E-02 a      1272     1    13     2    12
  6.2304607345091834E-01 a      1273     1    13     2    13
  8.0229816327311987E-01 a      1274     1    13     2    14
 -1.0058454189940644E-01 a      1275     1    13     2    15
  3.5720179389817469E-01 a      1276     1    13     2    16
 -1.1969139897662493E+00 a      1277     1    13     2    17
  5.5775470897359625E-01 a      1278     1    13     2    18
 -7.5835247205730816E-01 a      1279     1    13     2    19
  3.8817203051591187E-01 a      1280     1    13     2    20
 -1.2370575528830433E-02 a      1281     1    14     2     1
  1.7884945959346901E-01 a      1282     1    14     2     2
  4.1766465954472948E-03 a      1283     1    14     2     3
 -6.2982107872485327E-01 a      1284     1    14     2     4
 -1.3558936329221978E+00 a      1285     1    14     2     5
 -1.1938291128850360E-01 a      1286     1    14     2     6
  1.2579146860085230E-01 a      1287     1    14     2     7
  5.3111916844518259E-01 a      1288     1    14     2     8
 -9.0504763714626055E-02 a      1289     1    14     2     9
  1.6169286969244554E-02 a      1290     1    14     2    10
 -7.0973764912420123E-01 a      1291     1    14     2    11
  1.5788119852358645E-01 a      1292     1    14     2    12
 -3.1995539726744365E-01 a      1293     1    14     2    13
 -2.1528986724709407E-02 a      1294     1    14     2    14
  7.4851197787045798E-02 a      1295     1    14     2    15
 -3.2159009585380044E-01 a      1296     1    14     2    16
  6.0204166705882589E-01 a      1297     1    14     2    17
  7.5120133874435419E-02 a      1298     1    14     2    18
  3.4643260562378858E-01 a      1299     1    14     2    19
  3.7920075870549219E-01 a      1300     1    14     2    20
  2.4672451196816936E-01 a      1301     1    15     2     1
  5.2797651329663287E-01 a      1302     1    15     2     2
 -7.7497906920241152E-02 a      1303     1    15     2     3
 -4.2446482567791982E-01 a      1304     1    15     2     4
  4.7151863887061565E-02 a      1305     1    15     2     5
  9.4804091367135412E-02 a      1306     1    15     2     6
  1.8575970386268301E-01 a      1307     1    15     2     7
 -7.5455651021616210E-01 a      1308     1    15     2     8
 -6.0636134591135771E-01 a      1309     1    15     2     9
  4.4706477610747580E-01 a      1310     1    15     2    10
 -5.6478200664446497E-03 a      1311     1    15     2    11
 -3.9648652794803996E-01 a      1312     1    15     2    12
 -1.8770502629390245E-01 a      1313     1    15     2    13
 -4.4958196281934026E-01 a      1314     1    15     2    14
 -3.1945630596487073E-01 a      1315     1    15     2    15
  5.4468650154883436E-01 a      1316     1    15     2    16
 -1.6237352810586983E-02 a      1317     1    15     2    17
  3.1326727005897520E-01 a      1318     1    15     2    18
 -1.8358163608988651E-01 a      1319     1    15     2    19
  1.8485413225290126E-01 a      1320     1    15     2    20
  4.8100206131718261E-02 a      1321     1    16     2     1
  3.8431636589019830E-01 a      1322     1    16     2     2
 -5.4686742632053253E-01 a      1323     1    16     2     3
  6.5970205445130015E-01 a      1324     1    16     2     4
 -2.6088680877234521E-01 a      1325     1    16     2     5
  2.0970229461045839E-01 a      1326     1    16     2     6
 -3.6614110291410423E-01 a      1327     1    16     2     7
  1.3997037477407548E-01 a      1328     1    16     2     8
  1.2685321641196753E-01 a      1329     1    16     2     9
 -5.1537084635655461E-01 a      1330     1    16     2    10
 -2.3360359253507751E-01 a      1331     1    16     2    11
  1.1337452701381433E-01 a      1332     1    16     2    12
  1.3666590236484874E-01 a      1333     1    16     2    13
  4.5014497402573445E-01 a      1334     1    16     2    14
 -3.0600506751983808E-01 a      1335     1    16     2    15
  2.5010079030006166E-01 a      1336     1    16     2    16
  4.8741030938208546E-01 a      1337     1    16     2    17
  1.1755623554069385E-01 a      1338     1    16     2    18
  2.5865979795135180E-01 a      1339     1    16     2    19
 -4.6818906816208866E-01 a      1340     1    16     2    20
  6.1403949704660599E-01 a      1341     1    17     2     1
  2.0193259033295208E-01 a      1342     1    17     2     2
  6.1457151231627638E-01 a      1343     1    17     2     3
 -2.1372418853997188E-01 a      1344     1    17     2     4
  1.4286979063864350E-01 a      1345     1    17     2     5
 -2.8143507936143414E-01 a      1346     1    17     2     6
 -2.8378879268116042E-01 a      1347     1    17     2     7
  9.1164516705695220E-01 a      1348     1    17     2     8
 -8.1477936025553177E-01 a      1349     1    17     2     9
 -1.1227678933443962E-01 a      1350     1    17     2    10
  2.0459439347039643E-01 a      1351     1    17     2    11
 -2.1725992886930617E-01 a      1352     1    17     2    12
 -3.1395936183361667E-01 a      1353     1    17     2    13
  4.9677162759777660E-01 a      1354     1    17     2    14
  2.7938393787293594E-02 a      1355     1    17     2    15
 -1.1386127010494504E-01 a      1356     1    17     2    16
 -6.9199240674110110E-02 a      1357     1    17     2    17
 -1.5640074765291154E-01 a      1358     1    17     2    18
 -3.6936241470592801E-01 a      1359     1    17     2    19
  8.7323609425320148E-01 a      1360     1    17     2    20
 -1.5659306233253995E-01 a      1361     1    18     2     1
  9.1444886625151245E-01 a      1362     1    18     2     2
 -6.2074727453979739E-02 a      1363     1    18     2     3
 -3.8737038072085189E-01 a      1364     1    18     2     4
  1.1695561896861140E+00 a      1365     1    18     2     5
  6.4889612752093473E-01 a      1366     1    18     2     6
  2.2980764070804702E-01 a      1367     1    18     2     7
 -4.7823054504311019E-01 a      1368     1    18     2     8
  8.0350034907181256E-01 a      1369     1    18     2     9
 -2.8903378728914644E-02 a      1370     1    18     2    10
 -1.7459404311104068E-01 a      1371     1    18     2    11
 -6.6753885405429592E-01 a      1372     1    18     2    12
 -1.2605327751264675E-01 a      1373     1    18     2    13
 -5.5660303381955345E-01 a      1374     1    18     2    14
 -5.3216679029078262E-01 a      1375     1    18     2    15
 -3.5719775874286580E-01 a      1376     1    18     2    16
  1.4584283239925042E-01 a      1377     1    18     2    17
  2.0950842369202732E-01 a      1378     1    18     2    18
 -1.0830502235187634E-02 a      1379     1    18     2    19
  1.0792448033227747E-01 a      1380     1    18     2    20
  4.6135626590770903E-02 a      1381     1    19     2     1
 -3.7590003750233564E-01 a      1382     1    19     2     2
 -9.0887441520796849E-02 a      1383     1    19     2     3
 -1.5799475081915113E-01 a      1384     1    19     2     4
 -7.2519686893834201E-01 a      1385     1    19     2     5
  5.1997254479001898E-01 a      1386     1    19     2     6
  1.6859511609303404E-01 a      1387     1    19     2     7
 -3.6226777563341372E-01 a      1388     1    19     2     8
 -1.0508957686099921E-01 a      1389     1    19     2     9
  5.1050359092902869E-02 a      1390     1    19     2    10
  4.8851568883463564E-01 a      1391     1    19     2    11
  2.7062796984888604E-01 a      1392     1    19     2    12
  3.1372414751239708E-01 a      1393     1    19     2    13
  2.5400798442702921E-01 a      1394     1    19     2    14
 -4.2965263205487941E-01 a      1395     1    19     2    15
 -2.0283573551310982E-01 a      1396     1    19     2    16
 -1.9608759645477103E-01 a      1397     1    19     2    17
 -5.0702570809262515E-01 a      1398     1    19     2    18
 -2.3718793699913451E-01 a      1399     1    19     2    19
  8.8316891952572052E-01 a      1400     1    19     2    20
 -5.0618738750078518E-01 a      1401     1    20     2     1
  1.4529503973014513E-01 a      1402     1    20     2     2
  6.0347870300810591E-01 a      1403     1    20     2     3
 -6.3483921006029420E-01 a      1404     1    20     2     4
 -4.4043580547156146E-02 a      1405     1    20     2     5
 -2.0646453273767124E-01 a      1406     1    20     2     6
  4.0502723116051886E-01 a      1407     1    20     2     7
 -1.4519121321524323E-01 a      1408     1    20     2     8
 -7.2646146996619942E-01 a      1409     1    20     2     9
 -4.6529877047390961E-01 a      1410     1    20     2    10
  1.5206536656971253E-02 a      1411     1    20     2    11
 -1.1275033207648411E-03 a      1412     1    20     2    12
  5.0446064531187751E-01 a      1413     1    20     2    13
 -2.5753759288491712E-01 a      1414     1    20     2    14
 -4.8009651634903727E-01 a      1415     1    20     2    15
  1.5304173344842747E-01 a      1416     1    20     2    16
 -2.2595041842954844E-01 a      1417     1    20     2    17
  2.6035383932826772E-01 a      1418     1    20     2    18
 -2.4968000348544669E-02 a      1419     1    20     2    19
  4.9626086567731215E-01 a      1420     1    20     2    20
  1.0864214366958240E+00 b      1421     2     1
  2.5791450660793025E-01 b      1422     2     2
  3.1474143060120080E-01 b      1423     2     3
 -2.3271930704417691E-02 b      1424     2     4
 -1.8761288688842725E-01 b      1425     2     5
 -8.4101610344830124E-01 b      1426     2     6
 -1.3212176251783454E+00 b      1427     2     7
 -6.5563761531851306E-01 b      1428     2     8
 -6.6073862161637553E-01 b      1429     2     9
 -5.9673142145618163E-01 b      1430     2    10
  5.0294783337342042E-01 b      1431     2    11
 -5.2191083614644328E-02 b      1432     2    12
  1.0680778913354865E+00 b      1433     2    13
 -3.2510678590676134E-02 b      1434     2    14
 -1.1757707609215781E-01 b      1435     2    15
  1.1479251820722778E+00 b      1436     2    16
  7.7992591924080923E-01 b      1437     2    17
  3.6056852586168003E-01 b      1438     2    18
  1.4494446970121595E+00 b      1439     2    19
 -3.4566679041231146E-01 b      1440     2    20
  4.8397992891740349E-02 a      1441     2     1     3     1
 -4.2352111054221764E-01 a      1442     2     2     3     1
  1.2513227733872723E-01 a      1443     2     3     3     1
 -9.4187859285645315E-01 a      1444     2     4     3     1
  3.3248562220141736E-01 a      1445     2     5     3     1
  1.4123539015975219E+00 a      1446     2     6     3     1
  7.1676659120772246E-01 a      1447     2     7     3     1
  5.9351856754840969E-02 a      1448     2     8     3     1
 -1.4935356707363671E-02 a      1449     2     9     3     1
 -1.4808000607024616E-01 a      1450     2    10     3     1
  4.1984431737341080E-02 a      1451     2    11     3     1
  4.6309279397693909E-01 a      1452     2    12     3     1
 -7.0050166445058815E-01 a      1453     2    13     3     1
 -8.0111065749337504E-02 a      1454     2    14     3     1
 -1.1069000754323122E+00 a      1455     2    15     3     1
 -6.4294478534951716E-01 a      1456     2    16     3     1
  3.6478495367283681E-01 a      1457     2    17     3     1
  1.2979741000905016E+00 a      1458     2    18     3     1
 -1.1140890341542209E+00 a      1459     2    19     3     1
 -2.2134128274529324E-01 a      1460     2    20     3     1
  1.0994363010374296E-01 b      1461     3     1
