################################################################################
# Neural network connection values (weights and biases).
################################################################################
# Col  Name       Description
################################################################################
# 1    connection Neural network connection value.
# 2    t          Connection type (a = weight, b = bias).
# 3    index      Index enumerating weights.
# 4    l_s        Starting point layer (end point layer for biases).
# 5    n_s        Starting point neuron in starting layer (end point neuron for biases).
# 6    l_e        End point layer.
# 7    n_e        End point neuron in end layer.
################################################################################
#                      1 2         3     4     5     6     7
#             connection t     index   l_s   n_s   l_e   n_e
############################################################
  1.3367140989934673E-01 a         1     0     1     1     1
 -5.1896732144722582E-02 a         2     0     1     1     2
 -5.3089878247500527E-02 a         3     0     1     1     3
 -8.8457284831270522E-02 a         4     0     1     1     4
  2.5086007305307217E-01 a         5     0     1     1     5
  1.3102152247860321E-01 a         6     0     1     1     6
  7.0132119692428385E-02 a         7     0     1     1     7
  8.5025372375828828E-02 a         8     0     1     1     8
  3.2886922980777951E-02 a         9     0     1     1     9
 -3.2370069782128737E-03 a        10     0     1     1    10
 -7.8456791876776399E-02 a        11     0     1     1    11
 -1.1799010110042780E-01 a        12     0     1     1    12
 -2.5661090995433172E-01 a        13     0     1     1    13
  2.1238485815739827E-01 a        14     0     1     1    14
 -2.2478278180313574E-02 a        15     0     1     1    15
 -4.3167859961046877E-02 a        16     0     1     1    16
 -1.5487657729728507E-02 a        17     0     1     1    17
 -4.1092343438624522E-02 a        18     0     1     1    18
 -1.0177321260754343E-01 a        19     0     1     1    19
  2.3875525685331378E-01 a        20     0     1     1    20
 -1.7209324339930221E-02 a        21     0     2     1     1
 -3.6760728759475259E-01 a        22     0     2     1     2
  1.2179045323604760E-01 a        23     0     2     1     3
 -3.3777107582625132E-01 a        24     0     2     1     4
 -1.4741346795338983E-01 a        25     0     2     1     5
 -2.2378474060021894E-01 a        26     0     2     1     6
 -4.1082635750750629E-01 a        27     0     2     1     7
 -5.1884053464951307E-01 a        28     0     2     1     8
 -1.1705795720668447E-01 a        29     0     2     1     9
 -1.8249700376746505E-01 a        30     0     2     1    10
  3.7131897796932051E-01 a        31     0     2     1    11
 -1.7052429633709359E-01 a        32     0     2     1    12
 -3.4947033461810167E-01 a        33     0     2     1    13
 -2.8773987328564032E-01 a        34     0     2     1    14
  1.4715012924144347E-01 a        35     0     2     1    15
 -4.7579508314151731E-01 a        36     0     2     1    16
 -1.2003224878611211E-01 a        37     0     2     1    17
 -7.4492086389644066E-02 a        38     0     2     1    18
  1.7608420394849941E-01 a        39     0     2     1    19
  1.4515262231502732E-01 a        40     0     2     1    20
  2.0445278277397924E-01 a        41     0     3     1     1
  1.3870358610552305E-01 a        42     0     3     1     2
  3.2254047868382335E-01 a        43     0     3     1     3
  1.6687889947687254E-01 a        44     0     3     1     4
  1.4204340579680810E-02 a        45     0     3     1     5
 -4.2659429415901125E-02 a        46     0     3     1     6
  3.5820333204440342E-02 a        47     0     3     1     7
  3.1864719576101215E-02 a        48     0     3     1     8
  7.1401872928725324E-02 a        49     0     3     1     9
  4.9140234456698892E-02 a        50     0     3     1    10
  1.8841569378909257E-02 a        51     0     3     1    11
 -1.2947710672067583E-01 a        52     0     3     1    12
 -2.8981356585894380E-01 a        53     0     3     1    13
 -7.6824812697652956E-02 a        54     0     3     1    14
  2.4661701928438164E-02 a        55     0     3     1    15
 -2.3703561105286375E-01 a        56     0     3     1    16
  1.5354115216619832E-01 a        57     0     3     1    17
  5.2358947653765283E-03 a        58     0     3     1    18
  5.3241190919505856E-03 a        59     0     3     1    19
  1.2198392515019545E-02 a        60     0     3     1    20
 -1.6972981634569020E-01 a        61     0     4     1     1
  3.1118631058679503E-02 a        62     0     4     1     2
  1.5255526328845154E-01 a        63     0     4     1     3
  7.7744550309312474E-02 a        64     0     4     1     4
 -2.2672051241757735E-01 a        65     0     4     1     5
  7.3159139271526244E-02 a        66     0     4     1     6
  1.5779624162909905E-01 a        67     0     4     1     7
 -1.3782875988291549E-01 a        68     0     4     1     8
 -1.9521706861899588E-01 a        69     0     4     1     9
  2.2472819268529187E-01 a        70     0     4     1    10
  1.9255813576543815E-01 a        71     0     4     1    11
 -6.3847687673273132E-02 a        72     0     4     1    12
  3.5808770270423168E-01 a        73     0     4     1    13
  1.1540777982774154E-01 a        74     0     4     1    14
 -1.3317366468897412E-01 a        75     0     4     1    15
 -5.1111952133722972E-02 a        76     0     4     1    16
  2.9431468232023267E-02 a        77     0     4     1    17
 -1.9512373192553112E-01 a        78     0     4     1    18
  1.1040108005923092E-01 a        79     0     4     1    19
 -1.0979874989115641E-01 a        80     0     4     1    20
  3.7313832186332707E-01 a        81     0     5     1     1
  3.1122602183388548E-01 a        82     0     5     1     2
  6.4130037644346674E-02 a        83     0     5     1     3
  4.6657029712166792E-01 a        84     0     5     1     4
  2.1816948020030629E-02 a        85     0     5     1     5
 -1.1830983264990894E-01 a        86     0     5     1     6
  6.0735926196644682E-02 a        87     0     5     1     7
  4.1750618922418481E-01 a        88     0     5     1     8
 -4.5552257338867430E-01 a        89     0     5     1     9
 -2.1365302276110862E-01 a        90     0     5     1    10
  2.9654137804664783E-02 a        91     0     5     1    11
  2.3091016781711834E-01 a        92     0     5     1    12
 -2.1959988110986819E-01 a        93     0     5     1    13
  2.8148649555320321E-01 a        94     0     5     1    14
  1.6295602983550508E-02 a        95     0     5     1    15
  3.8548068544079678E-01 a        96     0     5     1    16
  1.2723671351372665E-01 a        97     0     5     1    17
  4.2383688808713454E-01 a        98     0     5     1    18
 -7.6010923790475116E-01 a        99     0     5     1    19
 -1.9376242270243904E-01 a       100     0     5     1    20
 -2.0965412387768267E-01 a       101     0     6     1     1
  8.8390238376115718E-02 a       102     0     6     1     2
 -3.6255606851735850E-01 a       103     0     6     1     3
 -1.9821590469469978E-03 a       104     0     6     1     4
 -1.4453392469820148E-01 a       105     0     6     1     5
  3.6772025598335430E-02 a       106     0     6     1     6
 -1.3127353976835598E-01 a       107     0     6     1     7
  6.8294108553766331E-02 a       108     0     6     1     8
 -2.0297350475405068E-01 a       109     0     6     1     9
  2.6099116958434321E-01 a       110     0     6     1    10
  2.2983369644754961E-01 a       111     0     6     1    11
 -2.0611579551136830E-01 a       112     0     6     1    12
  1.2748077678166930E-01 a       113     0     6     1    13
  2.2406686013036220E-01 a       114     0     6     1    14
  1.5979949222453608E-02 a       115     0     6     1    15
 -4.0663450222189174E-02 a       116     0     6     1    16
 -4.3474568628181082E-02 a       117     0     6     1    17
  1.6773206620740091E-01 a       118     0     6     1    18
  1.3354987693160895E-02 a       119     0     6     1    19
  4.3091018651857584E-02 a       120     0     6     1    20
  8.7571422552731055E-03 a       121     0     7     1     1
 -1.3598439053721847E-01 a       122     0     7     1     2
 -5.2357092374434824E-02 a       123     0     7     1     3
  1.5173614711372252E-01 a       124     0     7     1     4
 -1.6054681719613897E-01 a       125     0     7     1     5
 -2.5237862273535142E-02 a       126     0     7     1     6
  6.9090448704070315E-02 a       127     0     7     1     7
  3.4853070000805467E-02 a       128     0     7     1     8
  4.4919374262116965E-02 a       129     0     7     1     9
 -2.5430307601543023E-01 a       130     0     7     1    10
  7.3583273515225034E-02 a       131     0     7     1    11
 -1.0932298470270695E-01 a       132     0     7     1    12
 -1.7837733044918080E-01 a       133     0     7     1    13
 -1.4391292979202175E-01 a       134     0     7     1    14
  1.2535137939882587E-02 a       135     0     7     1    15
 -1.2979080829671324E-01 a       136     0     7     1    16
 -8.4972195492384564E-02 a       137     0     7     1    17
  1.7725485527725221E-01 a       138     0     7     1    18
 -1.4841480828348549E-01 a       139     0     7     1    19
  2.4603069316188550E-01 a       140     0     7     1    20
  3.0740374765232203E-01 a       141     0     8     1     1
  5.2083919552628886E-02 a       142     0     8     1     2
 -4.7666514113901645E-02 a       143     0     8     1     3
 -3.1035898708814913E-01 a       144     0     8     1     4
  7.9359914601799503E-02 a       145     0     8     1     5
 -2.7866987035887308E-01 a       146     0     8     1     6
 -1.7698444376048866E-01 a       147     0     8     1     7
 -3.4119305220014706E-01 a       148     0     8     1     8
 -4.1679994813097671E-01 a       149     0     8     1     9
  3.6926227054325933E-01 a       150     0     8     1    10
  6.4594924525994718E-02 a       151     0     8     1    11
 -4.5772902857734959E-01 a       152     0     8     1    12
  5.3272747892093325E-02 a       153     0     8     1    13
 -2.0998939680573983E-01 a       154     0     8     1    14
  1.7561675807153668E-01 a       155     0     8     1    15
 -4.5826262438120852E-02 a       156     0     8     1    16
  7.9382646495667439E-02 a       157     0     8     1    17
 -1.9524010986774359E-01 a       158     0     8     1    18
  1.0652032637281168E-01 a       159     0     8     1    19
  3.3464212198415139E-01 a       160     0     8     1    20
 -2.6526680390928609E-01 a       161     0     9     1     1
 -3.2823231929055491E-01 a       162     0     9     1     2
  7.9154274694144669E-02 a       163     0     9     1     3
 -1.2208504639040130E-01 a       164     0     9     1     4
  1.0207143758496076E-01 a       165     0     9     1     5
 -7.4868567491764820E-02 a       166     0     9     1     6
 -5.5761091024290062E-02 a       167     0     9     1     7
  1.2732715860840441E-01 a       168     0     9     1     8
  1.0389695631841164E-01 a       169     0     9     1     9
 -1.3203924967658962E-01 a       170     0     9     1    10
  2.7578464025374938E-01 a       171     0     9     1    11
 -2.3451648750428461E-01 a       172     0     9     1    12
  1.4784626148467581E-01 a       173     0     9     1    13
  1.3461199593818421E-01 a       174     0     9     1    14
  5.1313850100560762E-02 a       175     0     9     1    15
  1.8018852809221439E-01 a       176     0     9     1    16
  1.1061315806405676E-01 a       177     0     9     1    17
 -2.3626502542524302E-01 a       178     0     9     1    18
  5.0734675568527968E-02 a       179     0     9     1    19
 -4.3787624762588899E-02 a       180     0     9     1    20
  1.4907667244143508E-01 a       181     0    10     1     1
 -1.5804056446631670E-01 a       182     0    10     1     2
  2.0260313689038655E-02 a       183     0    10     1     3
  8.8019026800030369E-03 a       184     0    10     1     4
 -1.0265628581244474E-01 a       185     0    10     1     5
  1.5214138360588300E-01 a       186     0    10     1     6
  1.1591654830942685E-01 a       187     0    10     1     7
 -9.4968475762010313E-02 a       188     0    10     1     8
  6.3095274431324830E-02 a       189     0    10     1     9
  1.0614930905418171E-01 a       190     0    10     1    10
 -1.1737063979648085E-01 a       191     0    10     1    11
 -1.5715164144036958E-01 a       192     0    10     1    12
  5.4480814466007520E-02 a       193     0    10     1    13
  2.0191291093630973E-01 a       194     0    10     1    14
 -3.4429987922681526E-03 a       195     0    10     1    15
  1.1865362700255401E-02 a       196     0    10     1    16
  1.7874224895893878E-01 a       197     0    10     1    17
 -2.3824532340173929E-01 a       198     0    10     1    18
  4.8132997832453103E-02 a       199     0    10     1    19
  2.4208030078820975E-01 a       200     0    10     1    20
 -1.8453189436794595E-01 a       201     0    11     1     1
 -2.9696431425179803E-01 a       202     0    11     1     2
  7.2353106442980875E-02 a       203     0    11     1     3
  6.9127713826601739E-02 a       204     0    11     1     4
  5.7592937680517119E-02 a       205     0    11     1     5
  1.7715745626040924E-01 a       206     0    11     1     6
 -1.6186997666042133E-01 a       207     0    11     1     7
 -3.6273787221255627E-02 a       208     0    11     1     8
 -1.3686256010707015E-01 a       209     0    11     1     9
  7.1221504189918725E-02 a       210     0    11     1    10
  1.8991574319488053E-01 a       211     0    11     1    11
  2.5726635331616526E-01 a       212     0    11     1    12
 -4.9013619541048126E-01 a       213     0    11     1    13
  4.6190261555003928E-02 a       214     0    11     1    14
  6.0700861327520117E-02 a       215     0    11     1    15
 -2.1704283201311289E-01 a       216     0    11     1    16
 -5.7672396916515101E-02 a       217     0    11     1    17
  7.6273973690365468E-02 a       218     0    11     1    18
 -8.7211609478254098E-02 a       219     0    11     1    19
 -2.8406186804514233E-01 a       220     0    11     1    20
  2.3862639110278591E-01 a       221     0    12     1     1
 -1.7516142640699586E-01 a       222     0    12     1     2
 -7.7500125407768308E-02 a       223     0    12     1     3
  4.7803517677561032E-02 a       224     0    12     1     4
  9.6419877431938902E-02 a       225     0    12     1     5
  1.0253547918626717E-01 a       226     0    12     1     6
 -8.4563171698332276E-04 a       227     0    12     1     7
 -7.4197716388843246E-02 a       228     0    12     1     8
 -1.4500078046640938E-01 a       229     0    12     1     9
  6.1499723536850660E-02 a       230     0    12     1    10
 -1.3297445632168139E-01 a       231     0    12     1    11
  2.4500446189775375E-02 a       232     0    12     1    12
 -1.6090343616247185E-01 a       233     0    12     1    13
  4.5765528638331471E-02 a       234     0    12     1    14
  7.7451993851190296E-02 a       235     0    12     1    15
 -1.5384348054615787E-01 a       236     0    12     1    16
  2.4190228799546240E-01 a       237     0    12     1    17
  2.9065872827189358E-02 a       238     0    12     1    18
 -1.3822918362951647E-01 a       239     0    12     1    19
  2.0808139849467813E-01 a       240     0    12     1    20
 -8.3083419935174582E-02 a       241     0    13     1     1
  4.2587768529213782E-02 a       242     0    13     1     2
  5.8316103884979854E-02 a       243     0    13     1     3
  8.5416290633197153E-02 a       244     0    13     1     4
  3.2782240606174566E-02 a       245     0    13     1     5
 -1.0676510339893032E-01 a       246     0    13     1     6
  2.2065072775406331E-02 a       247     0    13     1     7
  6.8717200892582250E-02 a       248     0    13     1     8
 -1.7798777387296869E-04 a       249     0    13     1     9
  4.7985283485021277E-02 a       250     0    13     1    10
  1.3596425789041316E-01 a       251     0    13     1    11
 -2.3505141929568410E-01 a       252     0    13     1    12
 -6.6488301631109956E-02 a       253     0    13     1    13
 -5.0178944410723516E-03 a       254     0    13     1    14
 -3.0813550620442880E-02 a       255     0    13     1    15
 -1.6391664026884309E-01 a       256     0    13     1    16
  7.8851344445447197E-02 a       257     0    13     1    17
  1.0020354824872288E-01 a       258     0    13     1    18
 -8.3896756783662915E-02 a       259     0    13     1    19
  9.4776847552760821E-02 a       260     0    13     1    20
  1.4535661776108500E-02 a       261     0    14     1     1
  2.1015786208066392E-01 a       262     0    14     1     2
  2.7274140752948245E-01 a       263     0    14     1     3
 -3.7442682304798178E-02 a       264     0    14     1     4
  5.8436930457705955E-02 a       265     0    14     1     5
 -1.4251053472941880E-01 a       266     0    14     1     6
  1.1608127415838544E-01 a       267     0    14     1     7
  9.2071272087416500E-02 a       268     0    14     1     8
 -1.4362446159977499E-01 a       269     0    14     1     9
 -2.0208016495648612E-01 a       270     0    14     1    10
 -1.7688194940599219E-01 a       271     0    14     1    11
  2.1616719945563932E-02 a       272     0    14     1    12
  2.7747870493131560E-01 a       273     0    14     1    13
 -3.6002798159241241E-02 a       274     0    14     1    14
 -7.0171757667479517E-02 a       275     0    14     1    15
  1.4605219334008321E-01 a       276     0    14     1    16
 -9.3945266262399976E-02 a       277     0    14     1    17
  1.9775993398693768E-02 a       278     0    14     1    18
  8.3157681168796432E-02 a       279     0    14     1    19
  1.2565176808003178E-01 a       280     0    14     1    20
 -1.3074168299400846E-01 a       281     0    15     1     1
  1.0009711253716382E-02 a       282     0    15     1     2
 -2.7480992689396710E-01 a       283     0    15     1     3
  9.1062873555389889E-02 a       284     0    15     1     4
 -2.4989198386584635E-01 a       285     0    15     1     5
 -7.0773559502158065E-02 a       286     0    15     1     6
  2.1775181677413841E-01 a       287     0    15     1     7
 -2.3070697840026112E-02 a       288     0    15     1     8
  6.1328519170052213E-02 a       289     0    15     1     9
  3.2180251986846632E-02 a       290     0    15     1    10
  3.8691316429103360E-02 a       291     0    15     1    11
 -1.4107056668147999E-01 a       292     0    15     1    12
  3.4613851254639158E-02 a       293     0    15     1    13
 -1.6985370898769708E-02 a       294     0    15     1    14
 -1.9947184636366212E-03 a       295     0    15     1    15
 -5.7768995877066326E-02 a       296     0    15     1    16
 -1.1626417118089981E-01 a       297     0    15     1    17
  5.3414606503006362E-02 a       298     0    15     1    18
  1.8319302767293602E-01 a       299     0    15     1    19
  2.4287138418409260E-01 a       300     0    15     1    20
  2.1396822722487019E-01 a       301     0    16     1     1
 -1.2122518533839384E-01 a       302     0    16     1     2
  1.2042424685031278E-02 a       303     0    16     1     3
 -3.6589553331758347E-02 a       304     0    16     1     4
 -5.6672568008310845E-02 a       305     0    16     1     5
  2.0404806901316416E-01 a       306     0    16     1     6
 -8.2769601504277007E-02 a       307     0    16     1     7
 -8.7019871359882817E-02 a       308     0    16     1     8
  2.5536309335626849E-02 a       309     0    16     1     9
  4.1706979676813614E-03 a       310     0    16     1    10
 -1.0705338213023145E-01 a       311     0    16     1    11
  6.4756961371720346E-03 a       312     0    16     1    12
 -7.0213156706327180E-03 a       313     0    16     1    13
  1.9812289430861960E-01 a       314     0    16     1    14
  2.4866820543405280E-02 a       315     0    16     1    15
 -1.8072867226396816E-03 a       316     0    16     1    16
 -1.0084763192914858E-02 a       317     0    16     1    17
 -1.6222348507113316E-01 a       318     0    16     1    18
  2.2830808016931867E-02 a       319     0    16     1    19
  1.2555197541784840E-01 a       320     0    16     1    20
 -1.4250287994731406E-01 a       321     0    17     1     1
 -1.5264578757740493E-01 a       322     0    17     1     2
 -1.1357175299725304E-01 a       323     0    17     1     3
 -1.0266901778610550E-01 a       324     0    17     1     4
 -4.1716850388708016E-01 a       325     0    17     1     5
  7.5295957302142974E-02 a       326     0    17     1     6
 -2.1229540908699018E-01 a       327     0    17     1     7
  7.5520345013209136E-03 a       328     0    17     1     8
  7.0753385871418675E-02 a       329     0    17     1     9
  3.9220693331715095E-01 a       330     0    17     1    10
 -4.8648778074081148E-02 a       331     0    17     1    11
 -1.6817328705167185E-02 a       332     0    17     1    12
 -1.9054989007418985E-01 a       333     0    17     1    13
 -1.9135783921206140E-01 a       334     0    17     1    14
  8.1822225840981352E-02 a       335     0    17     1    15
 -1.0393884266228982E-01 a       336     0    17     1    16
 -6.2196842649874873E-03 a       337     0    17     1    17
  1.6561237037482822E-02 a       338     0    17     1    18
 -1.2268329988623737E-01 a       339     0    17     1    19
 -2.0287842964666922E-01 a       340     0    17     1    20
  9.9582510033218899E-02 a       341     0    18     1     1
 -2.2866259534861852E-01 a       342     0    18     1     2
  5.9108873651397366E-02 a       343     0    18     1     3
 -1.9185019884802527E-02 a       344     0    18     1     4
  8.0441969037707700E-02 a       345     0    18     1     5
  1.3302752267932730E-01 a       346     0    18     1     6
  9.7444491188102125E-02 a       347     0    18     1     7
 -1.1330146996954516E-03 a       348     0    18     1     8
 -4.6093915266534530E-02 a       349     0    18     1     9
 -1.2349122991169390E-02 a       350     0    18     1    10
 -1.4425081740931292E-01 a       351     0    18     1    11
  1.1021226279618694E-01 a       352     0    18     1    12
  5.8820321992961701E-02 a       353     0    18     1    13
 -6.9057896415117490E-02 a       354     0    18     1    14
  2.2850146664314702E-02 a       355     0    18     1    15
  5.6916983630192923E-02 a       356     0    18     1    16
  2.2045269769715439E-01 a       357     0    18     1    17
  1.1456506110359843E-01 a       358     0    18     1    18
 -2.4887508499454908E-01 a       359     0    18     1    19
 -6.0776110364356421E-02 a       360     0    18     1    20
 -9.0739299900394588E-02 a       361     0    19     1     1
  9.9677606708873906E-02 a       362     0    19     1     2
 -7.6544443500878925E-02 a       363     0    19     1     3
  6.1665715319736254E-02 a       364     0    19     1     4
  1.6954938011533940E-02 a       365     0    19     1     5
 -1.7426532252442151E-01 a       366     0    19     1     6
 -2.4891161621457100E-02 a       367     0    19     1     7
  6.3439087281545070E-02 a       368     0    19     1     8
  4.4959145087825697E-02 a       369     0    19     1     9
  7.1255090067501026E-02 a       370     0    19     1    10
  1.5015812976058709E-01 a       371     0    19     1    11
 -1.7872748195890378E-01 a       372     0    19     1    12
 -2.4131213157459881E-02 a       373     0    19     1    13
 -9.0819604418456892E-02 a       374     0    19     1    14
 -2.3257967414779972E-02 a       375     0    19     1    15
 -2.2925836596157114E-03 a       376     0    19     1    16
  1.5057245795703669E-01 a       377     0    19     1    17
  2.1718571798055451E-03 a       378     0    19     1    18
  3.3544222207462874E-04 a       379     0    19     1    19
 -1.7585280309529699E-02 a       380     0    19     1    20
  5.0906665703135671E-02 a       381     0    20     1     1
  6.2334287386323170E-02 a       382     0    20     1     2
  1.5205813009157265E-01 a       383     0    20     1     3
  7.0174222943798409E-02 a       384     0    20     1     4
  2.5903666746044079E-01 a       385     0    20     1     5
 -1.1484314667228829E-01 a       386     0    20     1     6
  3.1329663667756594E-02 a       387     0    20     1     7
 -2.4311569027479318E-03 a       388     0    20     1     8
 -2.0523348508503717E-01 a       389     0    20     1     9
 -1.3153680563901948E-01 a       390     0    20     1    10
 -5.7217629049447369E-02 a       391     0    20     1    11
  1.9140746705007911E-01 a       392     0    20     1    12
  1.5737670697916879E-02 a       393     0    20     1    13
  3.4541238530845036E-02 a       394     0    20     1    14
 -4.1988635829022139E-02 a       395     0    20     1    15
  1.0853857178246176E-01 a       396     0    20     1    16
 -1.7035047923018690E-01 a       397     0    20     1    17
 -1.3812261366112322E-01 a       398     0    20     1    18
  9.2736253294418633E-02 a       399     0    20     1    19
  1.9904757960571226E-01 a       400     0    20     1    20
  8.8392635568956671E-02 a       401     0    21     1     1
  1.9140590801908153E-01 a       402     0    21     1     2
 -1.1303609232734642E-01 a       403     0    21     1     3
  2.9382146522596023E-02 a       404     0    21     1     4
 -1.8588975841037154E-02 a       405     0    21     1     5
 -1.9939705735374353E-03 a       406     0    21     1     6
 -2.9238339406589379E-02 a       407     0    21     1     7
 -2.7368750554144197E-02 a       408     0    21     1     8
 -5.6000320158887548E-02 a       409     0    21     1     9
  1.9022577753931375E-01 a       410     0    21     1    10
 -5.4302794082777391E-02 a       411     0    21     1    11
  9.5115271898721463E-03 a       412     0    21     1    12
 -4.3881267273999658E-02 a       413     0    21     1    13
 -1.3536904770231563E-02 a       414     0    21     1    14
 -1.6854977292087549E-02 a       415     0    21     1    15
 -1.2642243172821558E-02 a       416     0    21     1    16
 -2.8652762542748328E-01 a       417     0    21     1    17
 -1.4943753454973255E-01 a       418     0    21     1    18
  1.6389031651210773E-01 a       419     0    21     1    19
  9.8240862725444550E-02 a       420     0    21     1    20
  1.1163410530711215E-01 a       421     0    22     1     1
 -6.0618877894946480E-02 a       422     0    22     1     2
  5.8946894753792639E-02 a       423     0    22     1     3
 -6.4228924783170202E-02 a       424     0    22     1     4
 -4.7254448129078917E-03 a       425     0    22     1     5
  1.6541537945312859E-01 a       426     0    22     1     6
 -3.9473742792399333E-02 a       427     0    22     1     7
 -3.5386341813221381E-02 a       428     0    22     1     8
 -5.1844240480617171E-02 a       429     0    22     1     9
 -1.9732312091070191E-02 a       430     0    22     1    10
 -4.9335085888952745E-02 a       431     0    22     1    11
  6.6233808497230484E-02 a       432     0    22     1    12
 -3.2233017607637332E-02 a       433     0    22     1    13
  1.4367544565213494E-01 a       434     0    22     1    14
  3.4965070399859806E-02 a       435     0    22     1    15
  2.4571783124953513E-02 a       436     0    22     1    16
 -1.1659225846110229E-01 a       437     0    22     1    17
 -1.3281551362390938E-02 a       438     0    22     1    18
 -2.6023775430265645E-02 a       439     0    22     1    19
  2.5108652778963878E-02 a       440     0    22     1    20
 -3.5566496703040948E-02 a       441     0    23     1     1
 -8.1094620455381322E-02 a       442     0    23     1     2
 -1.6960222636541553E-01 a       443     0    23     1     3
 -2.2212993254459242E-02 a       444     0    23     1     4
 -5.3267255872563708E-02 a       445     0    23     1     5
 -5.2491832246959517E-02 a       446     0    23     1     6
 -2.0077630244704950E-01 a       447     0    23     1     7
 -7.6995525187790445E-02 a       448     0    23     1     8
  7.7708852196137310E-02 a       449     0    23     1     9
  2.4569311236179045E-02 a       450     0    23     1    10
  1.2595762008644679E-01 a       451     0    23     1    11
 -1.5600387296699665E-03 a       452     0    23     1    12
 -2.3608027483466368E-02 a       453     0    23     1    13
  1.6650699109131327E-02 a       454     0    23     1    14
  3.6255157743864570E-02 a       455     0    23     1    15
  2.4799689031388836E-02 a       456     0    23     1    16
 -1.8279330732831350E-01 a       457     0    23     1    17
 -2.0318867836371490E-02 a       458     0    23     1    18
 -1.1717198933593122E-01 a       459     0    23     1    19
 -1.5927990151091301E-01 a       460     0    23     1    20
 -2.7530563491332517E-02 a       461     0    24     1     1
 -1.2224434982978596E-01 a       462     0    24     1     2
  8.9949725797709199E-02 a       463     0    24     1     3
 -3.8238733643480918E-02 a       464     0    24     1     4
 -8.3391899222816489E-03 a       465     0    24     1     5
 -2.5386052746229907E-02 a       466     0    24     1     6
  1.2624961756834696E-01 a       467     0    24     1     7
  3.5507051261768147E-02 a       468     0    24     1     8
  5.9704399930257987E-02 a       469     0    24     1     9
 -1.0532531821412487E-01 a       470     0    24     1    10
  6.2995139593468918E-02 a       471     0    24     1    11
  4.8381353164482048E-02 a       472     0    24     1    12
 -1.6966038901508359E-03 a       473     0    24     1    13
 -5.1027441645363408E-02 a       474     0    24     1    14
  8.4903002739399810E-03 a       475     0    24     1    15
 -8.2555090703067519E-02 a       476     0    24     1    16
  1.1531038909355810E-01 a       477     0    24     1    17
  1.8119985676560801E-01 a       478     0    24     1    18
 -1.3572110227425230E-01 a       479     0    24     1    19
 -2.1635463933525716E-02 a       480     0    24     1    20
 -1.4542559036371644E-01 a       481     0    25     1     1
 -3.4254438730253113E-02 a       482     0    25     1     2
 -4.4292203870846508E-02 a       483     0    25     1     3
  4.5498024442413867E-02 a       484     0    25     1     4
 -1.2747976529363558E-01 a       485     0    25     1     5
 -7.5237259353110125E-02 a       486     0    25     1     6
  1.3213080197232796E-01 a       487     0    25     1     7
  2.0344520535604562E-02 a       488     0    25     1     8
  4.6379376788617931E-03 a       489     0    25     1     9
  2.8040838043984157E-03 a       490     0    25     1    10
 -1.2078940197672344E-01 a       491     0    25     1    11
  1.7090812780566778E-01 a       492     0    25     1    12
  4.4662880788942205E-02 a       493     0    25     1    13
 -1.8804054710620588E-01 a       494     0    25     1    14
 -2.7824122284492953E-02 a       495     0    25     1    15
  4.7467764561509321E-02 a       496     0    25     1    16
 -7.4647738007011855E-02 a       497     0    25     1    17
 -3.6871017589224141E-02 a       498     0    25     1    18
 -6.0977394619116717E-03 a       499     0    25     1    19
  3.3434616524055161E-02 a       500     0    25     1    20
 -4.0060646518259621E-02 a       501     0    26     1     1
  5.1505336018161395E-02 a       502     0    26     1     2
  1.1127838601430592E-01 a       503     0    26     1     3
 -3.0477563617709643E-02 a       504     0    26     1     4
 -1.7012202384648983E-01 a       505     0    26     1     5
  7.0375449940157722E-02 a       506     0    26     1     6
  2.6951060634066515E-01 a       507     0    26     1     7
  3.4591404031782000E-02 a       508     0    26     1     8
 -8.3132291511255028E-03 a       509     0    26     1     9
 -8.7642609396802656E-02 a       510     0    26     1    10
 -7.1500068530708566E-03 a       511     0    26     1    11
  1.8474090410691227E-01 a       512     0    26     1    12
 -3.3208295829256822E-02 a       513     0    26     1    13
 -2.2390332895879817E-02 a       514     0    26     1    14
 -2.3987414456526794E-02 a       515     0    26     1    15
 -7.7305069848495986E-02 a       516     0    26     1    16
 -1.1428186846093678E-01 a       517     0    26     1    17
  1.5140675961408021E-01 a       518     0    26     1    18
 -5.3192530097986718E-02 a       519     0    26     1    19
  1.0652451682130329E-01 a       520     0    26     1    20
  7.8824943756607873E-05 a       521     0    27     1     1
  5.2206474599777411E-02 a       522     0    27     1     2
 -8.1838578576841084E-02 a       523     0    27     1     3
  2.5150372753034785E-02 a       524     0    27     1     4
  6.5809767766929247E-02 a       525     0    27     1     5
  1.0447037008929298E-02 a       526     0    27     1     6
 -1.3160283270786804E-01 a       527     0    27     1     7
 -2.6764030344126832E-02 a       528     0    27     1     8
 -4.3344603194103382E-02 a       529     0    27     1     9
  6.7442920069197304E-02 a       530     0    27     1    10
 -4.0583686745326468E-02 a       531     0    27     1    11
 -5.5336643886995919E-02 a       532     0    27     1    12
  1.1317099900379094E-04 a       533     0    27     1    13
  5.4890831487440735E-02 a       534     0    27     1    14
 -8.6730320086865764E-03 a       535     0    27     1    15
  4.4945281675481411E-02 a       536     0    27     1    16
  2.2312989745188194E-03 a       537     0    27     1    17
 -1.1233390736227218E-01 a       538     0    27     1    18
  6.8987211263837347E-02 a       539     0    27     1    19
 -1.4375133263710687E-02 a       540     0    27     1    20
  2.4583439757629878E-03 a       541     0    28     1     1
 -6.5602323724086573E-02 a       542     0    28     1     2
 -7.2549667948269871E-03 a       543     0    28     1     3
 -4.5717637003973431E-02 a       544     0    28     1     4
  3.9065657548426995E-03 a       545     0    28     1     5
  3.7939090127796990E-02 a       546     0    28     1     6
 -2.9163707636665624E-02 a       547     0    28     1     7
  1.2770354968758571E-02 a       548     0    28     1     8
  8.9685854692417698E-03 a       549     0    28     1     9
  1.5470043088105644E-02 a       550     0    28     1    10
  2.8909269620762335E-02 a       551     0    28     1    11
 -3.4464688996723142E-02 a       552     0    28     1    12
  1.6957706734918809E-02 a       553     0    28     1    13
  5.3372312966503438E-02 a       554     0    28     1    14
  1.2333898897130826E-02 a       555     0    28     1    15
  1.0531950080725506E-01 a       556     0    28     1    16
  7.7972805054750863E-02 a       557     0    28     1    17
  6.2348290051368873E-03 a       558     0    28     1    18
 -1.5367177548974532E-02 a       559     0    28     1    19
  4.5297579093517204E-03 a       560     0    28     1    20
  7.8507027555735714E-02 a       561     0    29     1     1
  2.0181739437231092E-02 a       562     0    29     1     2
 -3.3383236606680758E-02 a       563     0    29     1     3
  3.4239264040738626E-02 a       564     0    29     1     4
  7.7137522478993456E-02 a       565     0    29     1     5
 -7.8966610324247441E-02 a       566     0    29     1     6
 -2.0831326778223058E-01 a       567     0    29     1     7
 -2.5147078844767589E-02 a       568     0    29     1     8
 -3.2915820605825166E-02 a       569     0    29     1     9
  9.0364360563445004E-02 a       570     0    29     1    10
 -2.3347035728454917E-02 a       571     0    29     1    11
  3.1051600671393214E-02 a       572     0    29     1    12
  6.6751547963284252E-02 a       573     0    29     1    13
 -4.8096423136656775E-02 a       574     0    29     1    14
  7.4982872559061654E-03 a       575     0    29     1    15
 -1.9975190176991668E-02 a       576     0    29     1    16
 -1.0741375101104125E-01 a       577     0    29     1    17
 -1.7188037492106414E-01 a       578     0    29     1    18
  1.6590956282738972E-02 a       579     0    29     1    19
 -1.2700514317400521E-01 a       580     0    29     1    20
  3.6657863689875961E-02 a       581     0    30     1     1
  3.1390819299784933E-02 a       582     0    30     1     2
  4.0878305310736489E-02 a       583     0    30     1     3
 -1.8673470738142860E-03 a       584     0    30     1     4
  1.7194934528541154E-02 a       585     0    30     1     5
 -1.9377365715084038E-02 a       586     0    30     1     6
  5.9067486997666216E-02 a       587     0    30     1     7
  7.8124419772057415E-03 a       588     0    30     1     8
  7.0568252052783500E-03 a       589     0    30     1     9
 -5.4572155869532513E-03 a       590     0    30     1    10
  4.6212718383008083E-02 a       591     0    30     1    11
  5.4372907614485115E-05 a       592     0    30     1    12
 -3.7640769122542370E-02 a       593     0    30     1    13
 -1.0895940687204793E-03 a       594     0    30     1    14
  1.8753311675776961E-03 a       595     0    30     1    15
 -1.0474332129547785E-01 a       596     0    30     1    16
 -4.6505670358744318E-02 a       597     0    30     1    17
  4.7503334136348239E-02 a       598     0    30     1    18
 -2.3870627758688250E-02 a       599     0    30     1    19
  1.4548971124656554E-03 a       600     0    30     1    20
  7.7737219742146188E-02 a       601     0    31     1     1
  9.7641024498176854E-02 a       602     0    31     1     2
  7.0551108250292136E-02 a       603     0    31     1     3
 -4.4784593803193287E-03 a       604     0    31     1     4
  5.4403646368220725E-02 a       605     0    31     1     5
  1.5704339723095064E-02 a       606     0    31     1     6
 -1.7471814452008591E-01 a       607     0    31     1     7
  4.0088485541863596E-02 a       608     0    31     1     8
 -4.4976689507026053E-02 a       609     0    31     1     9
 -7.2017935018186222E-02 a       610     0    31     1    10
  1.3456418985102492E-01 a       611     0    31     1    11
 -1.3955262803092361E-01 a       612     0    31     1    12
 -5.6521723035232264E-02 a       613     0    31     1    13
  1.1521903523491521E-02 a       614     0    31     1    14
  9.4172839484386369E-03 a       615     0    31     1    15
 -1.1603450226692612E-01 a       616     0    31     1    16
 -1.4667121500438408E-02 a       617     0    31     1    17
 -7.9541806303591589E-02 a       618     0    31     1    18
  1.0387252531191336E-01 a       619     0    31     1    19
 -6.5577891931883223E-02 a       620     0    31     1    20
  1.6575997440904727E-01 a       621     0    32     1     1
 -1.7737599153741779E-01 a       622     0    32     1     2
 -1.7289276469270164E-02 a       623     0    32     1     3
 -6.6182964084836662E-02 a       624     0    32     1     4
  7.9599832730597328E-02 a       625     0    32     1     5
 -7.9849755466443878E-02 a       626     0    32     1     6
 -1.9086877643917677E-01 a       627     0    32     1     7
  1.4710995730217113E-01 a       628     0    32     1     8
  1.4526174670432571E-01 a       629     0    32     1     9
 -7.8548968913892528E-02 a       630     0    32     1    10
 -5.8277624411219468E-02 a       631     0    32     1    11
  3.8968076757418696E-01 a       632     0    32     1    12
 -4.5380572761850965E-02 a       633     0    32     1    13
 -3.9756417122537857E-01 a       634     0    32     1    14
  3.2099019209737556E-01 a       635     0    32     1    15
  3.8336064592267544E-02 a       636     0    32     1    16
  6.0736824792108381E-02 a       637     0    32     1    17
  1.9732575317924486E-01 a       638     0    32     1    18
  2.3566657917604580E-01 a       639     0    32     1    19
 -2.1031085586647219E-01 a       640     0    32     1    20
  1.1337990951982346E-02 a       641     0    33     1     1
  9.9148528403649072E-02 a       642     0    33     1     2
 -9.5527866564691255E-02 a       643     0    33     1     3
  2.0466018084054578E-02 a       644     0    33     1     4
  1.0755654800058128E-03 a       645     0    33     1     5
 -1.2004683589832017E-02 a       646     0    33     1     6
 -6.0957170026992857E-02 a       647     0    33     1     7
 -8.2226490465142701E-02 a       648     0    33     1     8
 -1.7958313669267690E-02 a       649     0    33     1     9
  1.7245030115797894E-02 a       650     0    33     1    10
 -2.6937818104189621E-02 a       651     0    33     1    11
  7.2107266600579673E-02 a       652     0    33     1    12
 -9.0721779027985353E-02 a       653     0    33     1    13
  2.0296636366897172E-02 a       654     0    33     1    14
 -2.0893998264126561E-02 a       655     0    33     1    15
  1.5013750091482569E-01 a       656     0    33     1    16
 -3.0838139858280739E-02 a       657     0    33     1    17
  1.6515389634127425E-01 a       658     0    33     1    18
 -6.5075336605655315E-02 a       659     0    33     1    19
 -6.6022453737810655E-02 a       660     0    33     1    20
 -2.0353434753234402E-02 a       661     0    34     1     1
  3.1037237568456960E-01 a       662     0    34     1     2
 -1.6426197349550384E-01 a       663     0    34     1     3
  4.2298101189189402E-01 a       664     0    34     1     4
  2.7688086437490872E-01 a       665     0    34     1     5
  2.0990996674825735E-01 a       666     0    34     1     6
 -8.6359211603753788E-02 a       667     0    34     1     7
  1.2831386321482988E-01 a       668     0    34     1     8
  6.4015906061492678E-01 a       669     0    34     1     9
 -2.6676754276912282E-02 a       670     0    34     1    10
  8.8401494011346227E-02 a       671     0    34     1    11
 -1.8633598048224378E-01 a       672     0    34     1    12
 -1.4971556975216321E-01 a       673     0    34     1    13
 -6.6820255993645361E-01 a       674     0    34     1    14
 -1.9272220675341251E-01 a       675     0    34     1    15
  3.2579748224368038E-01 a       676     0    34     1    16
 -2.8171962641479192E-01 a       677     0    34     1    17
  3.3084661458606113E-01 a       678     0    34     1    18
  7.5090513134039516E-01 a       679     0    34     1    19
 -2.8644510799446832E-01 a       680     0    34     1    20
  8.2962438699496543E-02 a       681     0    35     1     1
  6.5756874080620045E-02 a       682     0    35     1     2
  4.3019460927336467E-01 a       683     0    35     1     3
  1.5084174998313882E-01 a       684     0    35     1     4
  2.7067996292740043E-01 a       685     0    35     1     5
 -1.3612032447672917E-01 a       686     0    35     1     6
 -2.0980043854633184E-02 a       687     0    35     1     7
  1.1246697708828603E-01 a       688     0    35     1     8
  2.6199535647526706E-01 a       689     0    35     1     9
 -6.0254845865433573E-02 a       690     0    35     1    10
 -1.8509651049646689E-01 a       691     0    35     1    11
  6.3741055349829781E-02 a       692     0    35     1    12
  4.6059341031903685E-02 a       693     0    35     1    13
 -3.6202084687272901E-01 a       694     0    35     1    14
  2.9509853773011338E-02 a       695     0    35     1    15
 -2.9275585847657976E-01 a       696     0    35     1    16
  1.5949405459112911E-01 a       697     0    35     1    17
 -1.7607902167421094E-01 a       698     0    35     1    18
 -2.8256241317704725E-02 a       699     0    35     1    19
 -1.8616977417931585E-01 a       700     0    35     1    20
 -4.5092973711744156E-03 a       701     0    36     1     1
 -2.9763837337056408E-02 a       702     0    36     1     2
  4.4539374366952239E-02 a       703     0    36     1     3
  4.0295133791766358E-02 a       704     0    36     1     4
 -4.8355944269872594E-02 a       705     0    36     1     5
  1.2170444000832133E-01 a       706     0    36     1     6
 -5.3893862971306203E-02 a       707     0    36     1     7
 -2.9680456601358488E-02 a       708     0    36     1     8
 -1.2614972685324544E-01 a       709     0    36     1     9
  1.2608378206999948E-01 a       710     0    36     1    10
 -1.0717255610388060E-02 a       711     0    36     1    11
  5.2142030909471067E-02 a       712     0    36     1    12
  6.4031996472991640E-02 a       713     0    36     1    13
 -5.5043538337691711E-02 a       714     0    36     1    14
 -1.0840633440019318E-01 a       715     0    36     1    15
  7.4548935084306600E-02 a       716     0    36     1    16
  4.4619832551320300E-02 a       717     0    36     1    17
  7.9141942004514312E-02 a       718     0    36     1    18
  7.1327192679473350E-02 a       719     0    36     1    19
 -7.9656249244620683E-02 a       720     0    36     1    20
 -2.0346083128071413E-01 a       721     0    37     1     1
 -2.2765443537975494E-01 a       722     0    37     1     2
 -2.3294370871412023E-01 a       723     0    37     1     3
  1.1748395728334071E-01 a       724     0    37     1     4
  1.1836102112900374E-02 a       725     0    37     1     5
 -3.5243550912310462E-02 a       726     0    37     1     6
  2.8553031609455204E-01 a       727     0    37     1     7
 -8.7052363663528545E-02 a       728     0    37     1     8
  6.9080931514614918E-02 a       729     0    37     1     9
 -1.1222221364133755E-02 a       730     0    37     1    10
 -1.4145477513912081E-02 a       731     0    37     1    11
 -2.4702785794072532E-01 a       732     0    37     1    12
  1.8760282113522972E-01 a       733     0    37     1    13
  7.7207651646358025E-02 a       734     0    37     1    14
 -1.3429789992513730E-01 a       735     0    37     1    15
 -2.0065493493678827E-01 a       736     0    37     1    16
  6.4561958930600119E-03 a       737     0    37     1    17
 -5.6622681680416093E-02 a       738     0    37     1    18
 -1.0825339610028674E-01 a       739     0    37     1    19
  8.9233542971205421E-02 a       740     0    37     1    20
 -8.3172609099016869E-03 a       741     0    38     1     1
  1.9966382839648369E-01 a       742     0    38     1     2
  4.8941389015505592E-02 a       743     0    38     1     3
  2.9249705311288572E-02 a       744     0    38     1     4
  3.0037573804267709E-01 a       745     0    38     1     5
 -1.7438069256011401E-01 a       746     0    38     1     6
 -2.2148137499023383E-02 a       747     0    38     1     7
  6.6319022142098547E-02 a       748     0    38     1     8
 -2.1135018395382697E-02 a       749     0    38     1     9
  4.8465079697741907E-02 a       750     0    38     1    10
  2.2352689106036738E-01 a       751     0    38     1    11
  4.0756138907008917E-02 a       752     0    38     1    12
 -7.6590675115745244E-02 a       753     0    38     1    13
 -7.2708637049086033E-02 a       754     0    38     1    14
 -1.3172494404744900E-01 a       755     0    38     1    15
  1.1260585206843388E-02 a       756     0    38     1    16
  5.4145471681391395E-02 a       757     0    38     1    17
  5.4417900134548051E-02 a       758     0    38     1    18
 -5.4482274309519838E-02 a       759     0    38     1    19
 -2.1092528695810245E-01 a       760     0    38     1    20
 -1.2097211033940120E-01 a       761     0    39     1     1
 -2.7687537376956263E-02 a       762     0    39     1     2
 -1.9881845430357076E-01 a       763     0    39     1     3
 -1.4662656304159055E-01 a       764     0    39     1     4
 -2.7540811378026886E-01 a       765     0    39     1     5
 -7.5356518828191735E-02 a       766     0    39     1     6
 -7.2420435877098677E-02 a       767     0    39     1     7
  4.7428652888369316E-03 a       768     0    39     1     8
 -3.3946345872624656E-02 a       769     0    39     1     9
 -4.4963218983712833E-02 a       770     0    39     1    10
  6.1445632752952027E-02 a       771     0    39     1    11
  2.1790633656654051E-01 a       772     0    39     1    12
  1.9618347148226145E-01 a       773     0    39     1    13
  6.2365578697083597E-02 a       774     0    39     1    14
  1.0402948049113342E-01 a       775     0    39     1    15
 -1.7752262978715333E-01 a       776     0    39     1    16
  8.3231924193148288E-02 a       777     0    39     1    17
 -2.0613314004287070E-01 a       778     0    39     1    18
  5.1728609288501835E-02 a       779     0    39     1    19
 -3.1991901174619149E-02 a       780     0    39     1    20
  2.1215502020190824E-01 a       781     0    40     1     1
  6.8638551924409863E-01 a       782     0    40     1     2
 -2.5137235075268627E-01 a       783     0    40     1     3
  1.5699677157543010E-01 a       784     0    40     1     4
 -1.3960295882670218E-01 a       785     0    40     1     5
 -1.1301687782344273E-01 a       786     0    40     1     6
  2.1313965637657577E-02 a       787     0    40     1     7
 -6.0828982673066204E-02 a       788     0    40     1     8
  1.8756141430602946E-01 a       789     0    40     1     9
 -1.5653460236043526E-01 a       790     0    40     1    10
  1.8637764981002330E-01 a       791     0    40     1    11
  2.7302940267763143E-01 a       792     0    40     1    12
  6.8796419381153218E-02 a       793     0    40     1    13
  1.0991918386544434E-01 a       794     0    40     1    14
 -5.6254791252443787E-02 a       795     0    40     1    15
 -2.9131422469722690E-01 a       796     0    40     1    16
  5.7646050990799924E-01 a       797     0    40     1    17
 -5.0256980301110732E-01 a       798     0    40     1    18
 -7.2906846735754371E-03 a       799     0    40     1    19
  1.1522643210970109E-01 a       800     0    40     1    20
  5.5374808220189066E-02 a       801     0    41     1     1
 -5.3298373223264479E-02 a       802     0    41     1     2
  5.0992269886128705E-02 a       803     0    41     1     3
 -1.7476107344110739E-01 a       804     0    41     1     4
 -1.4258135672769792E-01 a       805     0    41     1     5
 -8.4541507312205902E-02 a       806     0    41     1     6
  3.3852821647535822E-02 a       807     0    41     1     7
  8.2009809378361706E-02 a       808     0    41     1     8
  1.2002857055726365E-01 a       809     0    41     1     9
  1.7912446964450507E-01 a       810     0    41     1    10
  5.6810302232847235E-02 a       811     0    41     1    11
  7.7084526200690395E-02 a       812     0    41     1    12
 -6.2426443955370184E-02 a       813     0    41     1    13
 -7.1371016383985214E-02 a       814     0    41     1    14
  6.2539353963126973E-02 a       815     0    41     1    15
  2.5408997163737390E-01 a       816     0    41     1    16
 -2.3338917045852642E-01 a       817     0    41     1    17
 -9.9199543933562798E-02 a       818     0    41     1    18
  1.4193073175203108E-02 a       819     0    41     1    19
  6.9878344902992110E-03 a       820     0    41     1    20
 -4.1272670890101252E-03 a       821     0    42     1     1
 -5.7368028974679623E-02 a       822     0    42     1     2
 -1.5703212848876147E-01 a       823     0    42     1     3
 -1.7833064135201115E-01 a       824     0    42     1     4
  8.4055074009829450E-02 a       825     0    42     1     5
 -6.9574634999891374E-02 a       826     0    42     1     6
  4.0255030672107082E-02 a       827     0    42     1     7
  1.0398362847149735E-01 a       828     0    42     1     8
  2.2348863525372237E-01 a       829     0    42     1     9
 -3.6355354053411765E-01 a       830     0    42     1    10
 -1.6360114257860738E-02 a       831     0    42     1    11
 -2.3000532288736311E-01 a       832     0    42     1    12
 -9.3018480544774643E-02 a       833     0    42     1    13
  3.2035284584782601E-02 a       834     0    42     1    14
  1.2563892255361811E-01 a       835     0    42     1    15
 -1.2353481003723157E-01 a       836     0    42     1    16
 -4.2292928997894413E-02 a       837     0    42     1    17
 -9.6637447013714781E-02 a       838     0    42     1    18
 -1.7140162139808843E-01 a       839     0    42     1    19
  2.2579090245166275E-01 a       840     0    42     1    20
 -2.0464469502786367E-02 a       841     0    43     1     1
  3.2985821477567179E-02 a       842     0    43     1     2
  3.5036481807558369E-02 a       843     0    43     1     3
  1.6216290724936140E-02 a       844     0    43     1     4
  4.7880849652669012E-02 a       845     0    43     1     5
  6.3956084136154417E-02 a       846     0    43     1     6
  2.6799551197002103E-01 a       847     0    43     1     7
 -4.0514989567478579E-02 a       848     0    43     1     8
  9.1553019235852198E-02 a       849     0    43     1     9
 -3.9306972089222774E-03 a       850     0    43     1    10
 -7.0730582989709620E-02 a       851     0    43     1    11
 -8.0783756918325497E-02 a       852     0    43     1    12
 -2.0557773947452842E-03 a       853     0    43     1    13
  6.3467099639287455E-02 a       854     0    43     1    14
 -2.3448685787215037E-02 a       855     0    43     1    15
  3.1819494868847900E-02 a       856     0    43     1    16
  1.0863141027801136E-01 a       857     0    43     1    17
  1.6274775838714564E-01 a       858     0    43     1    18
 -5.7502430377015086E-02 a       859     0    43     1    19
  7.4750728458688631E-02 a       860     0    43     1    20
  1.9107600071910411E-01 a       861     0    44     1     1
  3.2971851916116002E-01 a       862     0    44     1     2
 -8.1365807482257080E-02 a       863     0    44     1     3
 -1.3678348412185950E-02 a       864     0    44     1     4
  2.4704170570066006E-01 a       865     0    44     1     5
  8.4473289005108185E-02 a       866     0    44     1     6
  4.2047486170089704E-01 a       867     0    44     1     7
 -4.7410880125083814E-02 a       868     0    44     1     8
  3.9405986695183748E-02 a       869     0    44     1     9
  1.2333482151879648E-01 a       870     0    44     1    10
 -1.1172734508196179E-01 a       871     0    44     1    11
 -7.7129702181626139E-02 a       872     0    44     1    12
 -1.7338293588947850E-02 a       873     0    44     1    13
  1.1731913612813562E-01 a       874     0    44     1    14
 -3.7001701288547635E-02 a       875     0    44     1    15
 -4.7929801709031786E-02 a       876     0    44     1    16
 -4.0352928594203377E-02 a       877     0    44     1    17
  2.1524532611433483E-02 a       878     0    44     1    18
 -1.0440711970275100E-01 a       879     0    44     1    19
 -9.4129180895234421E-02 a       880     0    44     1    20
  1.0889744128744596E-02 a       881     0    45     1     1
 -4.3181468769228321E-02 a       882     0    45     1     2
 -3.2972571570173921E-02 a       883     0    45     1     3
  1.6812642579238962E-02 a       884     0    45     1     4
  4.9114524890026441E-02 a       885     0    45     1     5
 -3.8602352043215243E-02 a       886     0    45     1     6
 -1.2521014706960087E-01 a       887     0    45     1     7
 -5.7817992599586924E-03 a       888     0    45     1     8
  4.6244209900979001E-02 a       889     0    45     1     9
  8.4005366692757929E-03 a       890     0    45     1    10
  2.2268980410985909E-02 a       891     0    45     1    11
 -1.1050301839964267E-01 a       892     0    45     1    12
 -5.0818397836615160E-02 a       893     0    45     1    13
  8.4367110007134677E-02 a       894     0    45     1    14
  3.7539783224374658E-02 a       895     0    45     1    15
 -3.4270303960930788E-02 a       896     0    45     1    16
  1.0631415341651561E-01 a       897     0    45     1    17
 -8.0457205417477667E-02 a       898     0    45     1    18
  4.0638172022589923E-02 a       899     0    45     1    19
  7.2835239847967729E-03 a       900     0    45     1    20
 -2.7323577951310113E-01 a       901     0    46     1     1
  2.9826862318042968E-01 a       902     0    46     1     2
  1.6415935777145399E-01 a       903     0    46     1     3
 -4.2687785817453250E-01 a       904     0    46     1     4
  4.9483234978502877E-02 a       905     0    46     1     5
  2.9890198522368788E-01 a       906     0    46     1     6
 -2.1177390386359829E-03 a       907     0    46     1     7
  2.8154749193107698E-01 a       908     0    46     1     8
 -1.3738466027022883E-01 a       909     0    46     1     9
  1.4707137467002973E-01 a       910     0    46     1    10
 -2.9995036588424756E-02 a       911     0    46     1    11
  3.3005852127020413E-01 a       912     0    46     1    12
 -2.6174316305623748E-02 a       913     0    46     1    13
  4.2209053942319330E-01 a       914     0    46     1    14
 -1.7936821545925097E-01 a       915     0    46     1    15
  1.3332056419320215E-01 a       916     0    46     1    16
 -1.4201869963841665E-01 a       917     0    46     1    17
 -1.2765346831299662E-01 a       918     0    46     1    18
 -1.1984524136719153E-01 a       919     0    46     1    19
 -2.4137155060015758E-01 a       920     0    46     1    20
  9.3934864511434207E-02 a       921     0    47     1     1
  2.7315382377658259E-01 a       922     0    47     1     2
  4.5139232058221734E-02 a       923     0    47     1     3
 -1.8686864944911583E-01 a       924     0    47     1     4
  1.5552006805937896E-01 a       925     0    47     1     5
  1.0949045539588109E-01 a       926     0    47     1     6
 -1.0756548890860795E-01 a       927     0    47     1     7
  3.5635291825574636E-02 a       928     0    47     1     8
 -1.1442501750702108E-01 a       929     0    47     1     9
  1.0389114887125755E-01 a       930     0    47     1    10
 -5.2595795847446170E-02 a       931     0    47     1    11
  1.8569565075222949E-01 a       932     0    47     1    12
  8.7655240217498348E-02 a       933     0    47     1    13
  7.6993987684090492E-02 a       934     0    47     1    14
 -6.5245095902704026E-02 a       935     0    47     1    15
  8.2687389428577243E-02 a       936     0    47     1    16
 -1.2709623268123144E-01 a       937     0    47     1    17
  1.8823888142292861E-01 a       938     0    47     1    18
 -5.8726541914662304E-02 a       939     0    47     1    19
 -2.7176034967517565E-01 a       940     0    47     1    20
  2.9310679641871080E-02 a       941     0    48     1     1
  5.3250635822691197E-02 a       942     0    48     1     2
  1.4589341794246535E-01 a       943     0    48     1     3
 -4.0642169971491122E-02 a       944     0    48     1     4
 -4.5129467265148951E-02 a       945     0    48     1     5
  6.5155048156848500E-02 a       946     0    48     1     6
  1.5811740678371947E-01 a       947     0    48     1     7
  5.5367780744086589E-02 a       948     0    48     1     8
  8.1215325931148302E-02 a       949     0    48     1     9
 -1.9782513140181247E-02 a       950     0    48     1    10
  1.5044559289081333E-01 a       951     0    48     1    11
 -6.6446912332934330E-02 a       952     0    48     1    12
  9.1412335390642974E-02 a       953     0    48     1    13
  1.3733546270447900E-03 a       954     0    48     1    14
 -1.6980003689356298E-02 a       955     0    48     1    15
  6.1493879587644289E-02 a       956     0    48     1    16
  6.4554612295587973E-03 a       957     0    48     1    17
  5.3043056794889180E-02 a       958     0    48     1    18
 -3.4408549694696332E-02 a       959     0    48     1    19
  3.5110471900407926E-02 a       960     0    48     1    20
  8.0490703099743335E-02 a       961     0    49     1     1
  1.0908990926117537E-01 a       962     0    49     1     2
  2.1378021543376707E-01 a       963     0    49     1     3
 -5.8470736215673419E-02 a       964     0    49     1     4
  2.1648232679155957E-02 a       965     0    49     1     5
 -6.7133868082993086E-03 a       966     0    49     1     6
 -2.0838438294991493E-01 a       967     0    49     1     7
  5.2071288681248155E-02 a       968     0    49     1     8
  6.7912692186047993E-02 a       969     0    49     1     9
  3.7731390351489081E-03 a       970     0    49     1    10
 -1.5905437491827443E-01 a       971     0    49     1    11
  2.4426432380917995E-01 a       972     0    49     1    12
 -9.3764905905263721E-02 a       973     0    49     1    13
 -6.7828227616822917E-02 a       974     0    49     1    14
  1.0053648133038585E-01 a       975     0    49     1    15
  1.2929906043012004E-01 a       976     0    49     1    16
  6.7746069374508833E-02 a       977     0    49     1    17
  1.6380022281448650E-01 a       978     0    49     1    18
  2.1626371590814222E-02 a       979     0    49     1    19
  1.9895059286461647E-03 a       980     0    49     1    20
 -9.6739996790576772E-03 a       981     0    50     1     1
 -4.0520412263330051E-02 a       982     0    50     1     2
  1.6875293166472208E-01 a       983     0    50     1     3
 -4.8295562445102268E-02 a       984     0    50     1     4
  9.2333655553849606E-02 a       985     0    50     1     5
  2.4793619432711932E-02 a       986     0    50     1     6
  4.4956720513481811E-02 a       987     0    50     1     7
  6.4490518068130054E-02 a       988     0    50     1     8
  1.1278701078966673E-01 a       989     0    50     1     9
  3.0882420593945919E-04 a       990     0    50     1    10
  7.8132677478613619E-03 a       991     0    50     1    11
 -3.1014077387976924E-01 a       992     0    50     1    12
  2.2154351611073049E-02 a       993     0    50     1    13
  9.7777631754308189E-02 a       994     0    50     1    14
  5.6635343131203095E-02 a       995     0    50     1    15
 -2.2299110989489185E-01 a       996     0    50     1    16
  2.0801914824963788E-01 a       997     0    50     1    17
  9.0393417652166311E-02 a       998     0    50     1    18
  1.8289417769263204E-02 a       999     0    50     1    19
  1.1683770555995064E-01 a      1000     0    50     1    20
 -2.3290415844337417E-01 a      1001     0    51     1     1
 -2.4825476562696246E-02 a      1002     0    51     1     2
  3.2162562907343267E-01 a      1003     0    51     1     3
  1.1598372125354209E-01 a      1004     0    51     1     4
  1.4425867430713973E-01 a      1005     0    51     1     5
  3.1499467813368924E-02 a      1006     0    51     1     6
  4.0096377166627464E-03 a      1007     0    51     1     7
  8.4712984484171631E-03 a      1008     0    51     1     8
  1.0335332200150293E-01 a      1009     0    51     1     9
  3.4433294441753901E-02 a      1010     0    51     1    10
 -3.5477485850020907E-01 a      1011     0    51     1    11
 -1.1984476880363165E-01 a      1012     0    51     1    12
 -3.1157269892093353E-01 a      1013     0    51     1    13
 -2.4200816167301107E-02 a      1014     0    51     1    14
 -5.5263654847850070E-02 a      1015     0    51     1    15
  2.2640843281300427E-01 a      1016     0    51     1    16
 -1.2837516140474245E-01 a      1017     0    51     1    17
  4.6522289180244494E-02 a      1018     0    51     1    18
 -4.7794796679366355E-02 a      1019     0    51     1    19
  1.5149227808498636E-01 a      1020     0    51     1    20
 -1.9520125887917274E-02 a      1021     0    52     1     1
 -3.2791469053356376E-01 a      1022     0    52     1     2
 -2.7164640805472218E-01 a      1023     0    52     1     3
  5.7009555277613852E-02 a      1024     0    52     1     4
  8.7132242892537903E-02 a      1025     0    52     1     5
  3.1455743241517614E-01 a      1026     0    52     1     6
  1.4464991777416525E-01 a      1027     0    52     1     7
 -6.9309722190657230E-02 a      1028     0    52     1     8
  2.1468091295292638E-01 a      1029     0    52     1     9
 -1.1674764179774741E-01 a      1030     0    52     1    10
 -4.1971308897155130E-01 a      1031     0    52     1    11
 -6.6375232934509010E-01 a      1032     0    52     1    12
 -3.7624445289239855E-01 a      1033     0    52     1    13
  3.3226716191493394E-01 a      1034     0    52     1    14
  4.2378686423208280E-02 a      1035     0    52     1    15
 -1.5553581223664167E-01 a      1036     0    52     1    16
 -5.9358590990568425E-03 a      1037     0    52     1    17
  2.5444004826338618E-01 a      1038     0    52     1    18
 -3.4601343602588479E-02 a      1039     0    52     1    19
 -2.6413408556966333E-02 a      1040     0    52     1    20
  4.0358858732021614E-04 a      1041     0    53     1     1
  3.9942014768352158E-02 a      1042     0    53     1     2
  2.3565178895276925E-02 a      1043     0    53     1     3
  4.5161469361908575E-02 a      1044     0    53     1     4
  1.6120187194114965E-01 a      1045     0    53     1     5
 -2.4878755623338664E-02 a      1046     0    53     1     6
 -2.1442411978727699E-01 a      1047     0    53     1     7
 -2.5949136222410095E-02 a      1048     0    53     1     8
 -3.8390432745463728E-02 a      1049     0    53     1     9
 -4.0006208667081523E-02 a      1050     0    53     1    10
  1.7081773040538206E-01 a      1051     0    53     1    11
 -1.9299626630951175E-01 a      1052     0    53     1    12
 -1.9857854830100496E-02 a      1053     0    53     1    13
  1.7344499796776783E-01 a      1054     0    53     1    14
 -2.6724614469828913E-02 a      1055     0    53     1    15
 -1.1722256375466593E-01 a      1056     0    53     1    16
  2.0989228067888824E-01 a      1057     0    53     1    17
  8.0822133590853461E-03 a      1058     0    53     1    18
  3.3418040169841033E-02 a      1059     0    53     1    19
  8.4427439281169257E-04 a      1060     0    53     1    20
 -7.5344039194444837E-02 a      1061     0    54     1     1
 -1.5205959589769261E-02 a      1062     0    54     1     2
  3.3229139391035369E-02 a      1063     0    54     1     3
  1.8034434287424245E-01 a      1064     0    54     1     4
 -1.3070014013448006E-02 a      1065     0    54     1     5
 -5.5528293949282485E-02 a      1066     0    54     1     6
  1.4142853288674073E-01 a      1067     0    54     1     7
 -9.4283302223807361E-02 a      1068     0    54     1     8
 -1.9320255997896194E-01 a      1069     0    54     1     9
  1.8729187615423412E-01 a      1070     0    54     1    10
 -5.9738244699012279E-04 a      1071     0    54     1    11
  2.4473265310466003E-01 a      1072     0    54     1    12
  2.6825472448267045E-02 a      1073     0    54     1    13
  1.8013192362597966E-02 a      1074     0    54     1    14
 -4.8951659353293153E-02 a      1075     0    54     1    15
  1.3477468525458686E-01 a      1076     0    54     1    16
  8.9134559596003346E-02 a      1077     0    54     1    17
 -1.6047880197567158E-02 a      1078     0    54     1    18
  1.8438631016345747E-01 a      1079     0    54     1    19
 -2.1719475444079731E-01 a      1080     0    54     1    20
 -1.0505562470594290E+00 b      1081     1     1
  6.2122291057185441E-01 b      1082     1     2
 -1.0345810640452684E+00 b      1083     1     3
 -5.8608808112397881E-01 b      1084     1     4
 -8.2243562514513602E-01 b      1085     1     5
 -5.4482432503414102E-01 b      1086     1     6
  1.1947033094947832E+00 b      1087     1     7
  1.2255031351008978E+00 b      1088     1     8
  2.5305320388389085E-01 b      1089     1     9
  3.6793226317665689E-01 b      1090     1    10
 -8.8632087838469875E-01 b      1091     1    11
  1.4784062095937909E-03 b      1092     1    12
 -1.2588395554789213E+00 b      1093     1    13
 -8.1365346812256101E-01 b      1094     1    14
  1.0412171427371011E+00 b      1095     1    15
  9.9889841854592099E-01 b      1096     1    16
 -1.8937662751707726E-01 b      1097     1    17
  7.5788684135638273E-01 b      1098     1    18
  4.4738874562762704E-01 b      1099     1    19
  9.2277840851438045E-02 b      1100     1    20
 -1.5713430678562618E-01 a      1101     1     1     2     1
 -3.9647694998303562E-01 a      1102     1     1     2     2
  4.4465779693629282E-01 a      1103     1     1     2     3
  4.8801120510081225E-01 a      1104     1     1     2     4
  2.9326032550351905E-01 a      1105     1     1     2     5
  3.5982935658730786E-01 a      1106     1     1     2     6
 -4.4413237182260751E-01 a      1107     1     1     2     7
 -3.6023236114314239E-01 a      1108     1     1     2     8
 -3.9951695549645044E-01 a      1109     1     1     2     9
 -3.8559691810907420E-01 a      1110     1     1     2    10
  3.1156599511718336E-01 a      1111     1     1     2    11
 -4.4312639525021347E-01 a      1112     1     1     2    12
 -3.9937874007785246E-01 a      1113     1     1     2    13
 -2.9634105899139559E-02 a      1114     1     1     2    14
 -2.8218547207168898E-01 a      1115     1     1     2    15
  3.6737205067502714E-02 a      1116     1     1     2    16
  6.3309005462137500E-03 a      1117     1     1     2    17
 -3.3727319943107809E-01 a      1118     1     1     2    18
  4.6506061599204951E-01 a      1119     1     1     2    19
 -4.6665667078952527E-01 a      1120     1     1     2    20
 -4.4654894442772090E-02 a      1121     1     2     2     1
  1.9050392619664916E-01 a      1122     1     2     2     2
  4.0862993574486606E-01 a      1123     1     2     2     3
  2.1713668999712119E-01 a      1124     1     2     2     4
  2.2213747551532598E-01 a      1125     1     2     2     5
 -4.2633574792740644E-02 a      1126     1     2     2     6
  2.5508638426329533E-01 a      1127     1     2     2     7
 -3.9068281560291623E-01 a      1128     1     2     2     8
  5.2802560324178360E-01 a      1129     1     2     2     9
 -3.3167239064782472E-01 a      1130     1     2     2    10
  3.2709176361992454E-01 a      1131     1     2     2    11
  8.7366578803948922E-02 a      1132     1     2     2    12
 -1.7391455053570273E-01 a      1133     1     2     2    13
 -5.7143676144669109E-01 a      1134     1     2     2    14
  2.7270401699970015E-01 a      1135     1     2     2    15
  2.1519085664642382E-01 a      1136     1     2     2    16
  1.8423455950799439E-01 a      1137     1     2     2    17
 -5.9299111485838399E-02 a      1138     1     2     2    18
  4.8328362039445899E-01 a      1139     1     2     2    19
  5.3128764214984603E-01 a      1140     1     2     2    20
  3.4025007827278259E-01 a      1141     1     3     2     1
  5.0196764682166484E-01 a      1142     1     3     2     2
 -4.4102683827336109E-01 a      1143     1     3     2     3
  7.9562139175800273E-01 a      1144     1     3     2     4
 -5.0586906887361149E-01 a      1145     1     3     2     5
  6.8639977162666940E-02 a      1146     1     3     2     6
 -7.3827409776298864E-03 a      1147     1     3     2     7
 -5.2734253365513251E-01 a      1148     1     3     2     8
  2.6205837555177237E-02 a      1149     1     3     2     9
 -1.3467125899088692E-01 a      1150     1     3     2    10
  5.1840063917785406E-01 a      1151     1     3     2    11
 -2.8927809973561175E-01 a      1152     1     3     2    12
 -5.0602120121099803E-01 a      1153     1     3     2    13
 -5.6757683489662758E-01 a      1154     1     3     2    14
  1.9340097431389983E-01 a      1155     1     3     2    15
 -3.9397151659264040E-01 a      1156     1     3     2    16
  2.8192281943164738E-01 a      1157     1     3     2    17
  3.9813611926343134E-01 a      1158     1     3     2    18
  5.6329991653671840E-01 a      1159     1     3     2    19
  4.3072529696489043E-01 a      1160     1     3     2    20
 -4.9623824306883652E-01 a      1161     1     4     2     1
  1.7039636303462458E-01 a      1162     1     4     2     2
 -1.0461286642585300E-01 a      1163     1     4     2     3
 -1.6638971585930382E-01 a      1164     1     4     2     4
  2.5910627284561227E-01 a      1165     1     4     2     5
 -4.7059462459727130E-01 a      1166     1     4     2     6
 -1.9891543527128119E-01 a      1167     1     4     2     7
  2.3154015324994820E-01 a      1168     1     4     2     8
 -7.3149409915853825E-01 a      1169     1     4     2     9
 -6.6864692486119848E-01 a      1170     1     4     2    10
  5.7775423567853601E-01 a      1171     1     4     2    11
  5.3623448288844555E-01 a      1172     1     4     2    12
 -4.1405641871893006E-01 a      1173     1     4     2    13
  2.3347070222140642E-01 a      1174     1     4     2    14
 -5.0610156013860394E-03 a      1175     1     4     2    15
  5.0553272387566828E-01 a      1176     1     4     2    16
  2.0585702641384837E-01 a      1177     1     4     2    17
  4.0447445470850574E-01 a      1178     1     4     2    18
  1.3964090304774840E-01 a      1179     1     4     2    19
  5.7208057932936929E-01 a      1180     1     4     2    20
  2.4002321743448557E-01 a      1181     1     5     2     1
 -8.3450783707034559E-01 a      1182     1     5     2     2
 -2.6543062077962198E-01 a      1183     1     5     2     3
  2.6529580892320670E-01 a      1184     1     5     2     4
 -1.9741506822127702E-01 a      1185     1     5     2     5
 -2.8296979022992413E-01 a      1186     1     5     2     6
  3.9575910310703101E-02 a      1187     1     5     2     7
  4.9722784709181717E-01 a      1188     1     5     2     8
  2.1267187683067137E-01 a      1189     1     5     2     9
  1.4596080933158461E-02 a      1190     1     5     2    10
 -4.2732291288078039E-01 a      1191     1     5     2    11
  2.8551143841446835E-01 a      1192     1     5     2    12
  2.8887593865018912E-01 a      1193     1     5     2    13
  1.1017595483199741E-01 a      1194     1     5     2    14
 -4.9709499671365465E-01 a      1195     1     5     2    15
 -3.3208859688429743E-01 a      1196     1     5     2    16
 -6.3370702717607630E-01 a      1197     1     5     2    17
  2.7067111566589180E-01 a      1198     1     5     2    18
 -2.0496895080168043E-01 a      1199     1     5     2    19
 -1.1632765329469018E-01 a      1200     1     5     2    20
  5.5167732310858153E-01 a      1201     1     6     2     1
  2.3302073087582441E-02 a      1202     1     6     2     2
 -2.6708471905772818E-01 a      1203     1     6     2     3
  6.5458916796262753E-03 a      1204     1     6     2     4
  2.9231885084874176E-01 a      1205     1     6     2     5
 -4.9619339241297822E-01 a      1206     1     6     2     6
 -4.6578110685965735E-01 a      1207     1     6     2     7
  3.8142747404690057E-02 a      1208     1     6     2     8
 -5.0340451008827691E-01 a      1209     1     6     2     9
  4.9277883743576995E-01 a      1210     1     6     2    10
 -1.7215611282316995E-01 a      1211     1     6     2    11
 -2.5775260589859528E-01 a      1212     1     6     2    12
 -1.4681898368595689E-01 a      1213     1     6     2    13
 -3.1293433122742664E-01 a      1214     1     6     2    14
 -4.7095818747458235E-01 a      1215     1     6     2    15
  6.8659689692956896E-02 a      1216     1     6     2    16
 -3.4644238157892093E-01 a      1217     1     6     2    17
 -4.8898350098721434E-02 a      1218     1     6     2    18
  1.2198540750086274E-01 a      1219     1     6     2    19
  5.5060640275754087E-02 a      1220     1     6     2    20
 -2.6309465879332355E-01 a      1221     1     7     2     1
 -1.7719595508047484E-01 a      1222     1     7     2     2
 -2.7679707879801653E-02 a      1223     1     7     2     3
 -5.0917502799956482E-01 a      1224     1     7     2     4
 -4.0730471085736863E-01 a      1225     1     7     2     5
  4.4036193352098274E-01 a      1226     1     7     2     6
 -6.6528206859121725E-02 a      1227     1     7     2     7
 -4.7913164887661580E-01 a      1228     1     7     2     8
  1.4680689036608038E-01 a      1229     1     7     2     9
  1.5344343463312776E-01 a      1230     1     7     2    10
  8.6263546862663104E-03 a      1231     1     7     2    11
  3.2962117781569705E-01 a      1232     1     7     2    12
  6.5265054961445979E-01 a      1233     1     7     2    13
 -3.1231739459935504E-01 a      1234     1     7     2    14
  3.3708720175018347E-01 a      1235     1     7     2    15
  1.0254676135188913E-01 a      1236     1     7     2    16
  6.0356386913852789E-01 a      1237     1     7     2    17
  3.1000778911553378E-01 a      1238     1     7     2    18
  6.0128741337421694E-02 a      1239     1     7     2    19
 -3.4162216207361012E-01 a      1240     1     7     2    20
  5.7571451818843500E-01 a      1241     1     8     2     1
  2.0243421631736458E-01 a      1242     1     8     2     2
  6.9936325952082468E-01 a      1243     1     8     2     3
 -3.7343792902682898E-03 a      1244     1     8     2     4
 -5.0202948120153124E-01 a      1245     1     8     2     5
  4.4132926139494233E-01 a      1246     1     8     2     6
  3.2852926482389182E-02 a      1247     1     8     2     7
  1.6247744485904109E-01 a      1248     1     8     2     8
 -4.1147465420606882E-01 a      1249     1     8     2     9
 -7.2718483763711439E-01 a      1250     1     8     2    10
 -4.5588619960406979E-01 a      1251     1     8     2    11
  4.1768243175795895E-02 a      1252     1     8     2    12
  2.4233103070289841E-01 a      1253     1     8     2    13
  6.5462628194820816E-01 a      1254     1     8     2    14
 -5.1516946826171217E-01 a      1255     1     8     2    15
 -4.7908481256579299E-01 a      1256     1     8     2    16
  3.3348747068490792E-01 a      1257     1     8     2    17
 -4.1661069106447207E-01 a      1258     1     8     2    18
 -2.0332852738674465E-01 a      1259     1     8     2    19
 -3.3672978802160042E-01 a      1260     1     8     2    20
  2.7892811752150642E-01 a      1261     1     9     2     1
 -5.2035723885046559E-01 a      1262     1     9     2     2
 -5.7201277288496122E-01 a      1263     1     9     2     3
  2.7775023428772361E-01 a      1264     1     9     2     4
  4.4751479547621847E-01 a      1265     1     9     2     5
 -2.2753894762054130E-01 a      1266     1     9     2     6
  1.7124889747188146E-03 a      1267     1     9     2     7
 -5.3959927683087283E-01 a      1268     1     9     2     8
  5.0203930515748063E-02 a      1269     1     9     2     9
  4.2255383896498955E-01 a      1270     1     9     2    10
 -1.1557672770492228E-01 a      1271     1     9     2    11
  3.9229810891904893E-01 a      1272     1     9     2    12
 -4.4694441023197695E-01 a      1273     1     9     2    13
  3.5452407529315055E-01 a      1274     1     9     2    14
  5.7476233096860041E-01 a      1275     1     9     2    15
 -4.8445977536348661E-01 a      1276     1     9     2    16
 -1.4326873913953880E-01 a      1277     1     9     2    17
  5.1025935059233718E-01 a      1278     1     9     2    18
  3.4087146410072650E-01 a      1279     1     9     2    19
 -6.3401556104509960E-01 a      1280     1     9     2    20
  1.9349598001204371E-01 a      1281     1    10     2     1
  1.0296046717234681E+00 a      1282     1    10     2     2
  5.6948940802817527E-01 a      1283     1    10     2     3
  7.2852450704214158E-02 a      1284     1    10     2     4
 -6.2853743807256013E-01 a      1285     1    10     2     5
 -4.4616351361740736E-01 a      1286     1    10     2     6
 -5.9502605700941724E-01 a      1287     1    10     2     7
  4.5954757595878393E-01 a      1288     1    10     2     8
 -6.4363266245712858E-01 a      1289     1    10     2     9
  4.5262412228128918E-01 a      1290     1    10     2    10
 -1.6751407876794971E-01 a      1291     1    10     2    11
 -5.1881135247936128E-01 a      1292     1    10     2    12
 -8.3965817177129795E-02 a      1293     1    10     2    13
 -5.1764189471180166E-01 a      1294     1    10     2    14
  5.6783603383592562E-01 a      1295     1    10     2    15
  1.7938448810760879E-01 a      1296     1    10     2    16
 -1.1479641332182954E-01 a      1297     1    10     2    17
  2.8011977293867052E-01 a      1298     1    10     2    18
 -5.4143441467353087E-02 a      1299     1    10     2    19
 -4.6077924158836776E-03 a      1300     1    10     2    20
 -3.2062467016578439E-01 a      1301     1    11     2     1
 -4.9210355051588817E-01 a      1302     1    11     2     2
 -1.0666810075351259E-01 a      1303     1    11     2     3
  4.1327294604177450E-01 a      1304     1    11     2     4
  4.5135243233892058E-01 a      1305     1    11     2     5
  3.6322954989421305E-03 a      1306     1    11     2     6
 -3.0244917654086734E-01 a      1307     1    11     2     7
 -2.7766844347444275E-01 a      1308     1    11     2     8
 -5.0753403485851467E-01 a      1309     1    11     2     9
  1.1571776911638444E-01 a      1310     1    11     2    10
 -4.8438472310331493E-01 a      1311     1    11     2    11
  4.3551917912959154E-01 a      1312     1    11     2    12
 -1.1704571811539283E-01 a      1313     1    11     2    13
 -1.2095917337097398E-01 a      1314     1    11     2    14
  5.0198119921443807E-01 a      1315     1    11     2    15
  3.9270837358335081E-01 a      1316     1    11     2    16
  4.2898950678712944E-01 a      1317     1    11     2    17
  1.5530087361439029E-01 a      1318     1    11     2    18
 -4.6756955678543838E-01 a      1319     1    11     2    19
  5.6992168781711650E-01 a      1320     1    11     2    20
  1.9978763569532657E-01 a      1321     1    12     2     1
 -6.2260421282012113E-01 a      1322     1    12     2     2
  5.1970801774715428E-02 a      1323     1    12     2     3
  6.0141705006480506E-01 a      1324     1    12     2     4
 -2.1342325056753569E-01 a      1325     1    12     2     5
  9.6757838690775949E-02 a      1326     1    12     2     6
  1.1588086578505609E-01 a      1327     1    12     2     7
  1.1242477358142945E-01 a      1328     1    12     2     8
  2.1303764822031207E-01 a      1329     1    12     2     9
 -1.0769052912720697E-01 a      1330     1    12     2    10
 -2.8850521351670728E-02 a      1331     1    12     2    11
  1.7441848005131061E-01 a      1332     1    12     2    12
 -2.4556682330787510E-01 a      1333     1    12     2    13
 -1.1710568466334316E-01 a      1334     1    12     2    14
  5.2230021082012044E-02 a      1335     1    12     2    15
  1.8110705719890652E-01 a      1336     1    12     2    16
  2.6976785372440898E-01 a      1337     1    12     2    17
  2.5728773621334522E-01 a      1338     1    12     2    18
  3.9351808735362992E-01 a      1339     1    12     2    19
 -1.0345190554775630E-01 a      1340     1    12     2    20
 -6.0581160919443773E-02 a      1341     1    13     2     1
  3.5475354175194047E-02 a      1342     1    13     2     2
  3.0651115127721401E-01 a      1343     1    13     2     3
  3.5073264264174009E-01 a      1344     1    13     2     4
 -8.1067091548171585E-02 a      1345     1    13     2     5
  1.8509534802958705E-01 a      1346     1    13     2     6
  5.5865493415863043E-01 a      1347     1    13     2     7
  6.7419957260425614E-02 a      1348     1    13     2     8
 -5.0998203948326354E-02 a      1349     1    13     2     9
 -3.1487163740702695E-01 a      1350     1    13     2    10
  2.9972994319543228E-01 a      1351     1    13     2    11
  4.9960030504950892E-01 a      1352     1    13     2    12
 -3.1170540027930949E-01 a      1353     1    13     2    13
 -5.0963183213734731E-01 a      1354     1    13     2    14
 -3.4703633493857539E-01 a      1355     1    13     2    15
  3.3141360243513263E-01 a      1356     1    13     2    16
  2.0694277692179247E-01 a      1357     1    13     2    17
  3.9978806320113025E-01 a      1358     1    13     2    18
  3.0629036230198564E-01 a      1359     1    13     2    19
  7.6480523667021655E-02 a      1360     1    13     2    20
 -6.3799374378981299E-01 a      1361     1    14     2     1
  5.7383065604706483E-02 a      1362     1    14     2     2
 -7.6339149413610322E-02 a      1363     1    14     2     3
 -1.6119714680379726E-01 a      1364     1    14     2     4
  5.9570174560608913E-01 a      1365     1    14     2     5
 -3.1828717925599609E-01 a      1366     1    14     2     6
  1.3708496262244982E-01 a      1367     1    14     2     7
  1.9698658372168848E-01 a      1368     1    14     2     8
 -1.8989491079231846E-01 a      1369     1    14     2     9
 -1.1079245172376137E-01 a      1370     1    14     2    10
 -2.6025348732707410E-01 a      1371     1    14     2    11
 -5.2049463707815713E-01 a      1372     1    14     2    12
 -6.6437692804776544E-02 a      1373     1    14     2    13
 -5.5900446034686058E-01 a      1374     1    14     2    14
  4.9983992828043133E-01 a      1375     1    14     2    15
 -2.1621045252924193E-01 a      1376     1    14     2    16
 -1.4357880655829339E-02 a      1377     1    14     2    17
 -2.6931612433397123E-01 a      1378     1    14     2    18
  6.3580736736564214E-01 a      1379     1    14     2    19
 -4.0002939027837919E-01 a      1380     1    14     2    20
  2.1758329549145244E-01 a      1381     1    15     2     1
  3.3733178701459721E-01 a      1382     1    15     2     2
 -1.0032034186646047E-01 a      1383     1    15     2     3
 -4.3333003314965923E-01 a      1384     1    15     2     4
  4.2728454429348861E-01 a      1385     1    15     2     5
 -5.3969893479968022E-02 a      1386     1    15     2     6
 -4.3883383610343968E-01 a      1387     1    15     2     7
 -5.4980213502430719E-01 a      1388     1    15     2     8
 -7.8519621934441869E-02 a      1389     1    15     2     9
 -4.3392376980788194E-01 a      1390     1    15     2    10
 -2.1954347434280244E-01 a      1391     1    15     2    11
  3.9197386643251575E-01 a      1392     1    15     2    12
  4.0190767278581663E-01 a      1393     1    15     2    13
 -2.8421539905010607E-01 a      1394     1    15     2    14
 -4.4447483976934893E-01 a      1395     1    15     2    15
 -2.3979739654514928E-01 a      1396     1    15     2    16
  4.9595950888876200E-01 a      1397     1    15     2    17
  6.5959231455796713E-02 a      1398     1    15     2    18
 -6.0094746207077820E-01 a      1399     1    15     2    19
  4.5062686724978357E-01 a      1400     1    15     2    20
 -1.6930277124310115E-02 a      1401     1    16     2     1
 -4.8224915778995525E-01 a      1402     1    16     2     2
  3.0781592674183761E-01 a      1403     1    16     2     3
  1.2979998658577566E-01 a      1404     1    16     2     4
 -4.8528735620690244E-01 a      1405     1    16     2     5
 -6.6710344648936937E-01 a      1406     1    16     2     6
 -1.7381061482964064E-01 a      1407     1    16     2     7
 -1.3243312653383935E-01 a      1408     1    16     2     8
 -3.0863602298895532E-01 a      1409     1    16     2     9
 -1.0100843349068772E-01 a      1410     1    16     2    10
  2.6708813213912463E-01 a      1411     1    16     2    11
 -3.6487206766820829E-01 a      1412     1    16     2    12
  5.8049202326993410E-01 a      1413     1    16     2    13
  1.9993892959565496E-01 a      1414     1    16     2    14
  5.3759412936568562E-01 a      1415     1    16     2    15
 -3.7942079112400562E-01 a      1416     1    16     2    16
 -5.9657064731514775E-01 a      1417     1    16     2    17
  1.6852694608023497E-01 a      1418     1    16     2    18
 -7.6373089586115023E-02 a      1419     1    16     2    19
  4.2816706309834357E-01 a      1420     1    16     2    20
  1.9808402152959814E-02 a      1421     1    17     2     1
  5.2521159617594915E-01 a      1422     1    17     2     2
  7.3308048941013568E-04 a      1423     1    17     2     3
  4.5746986424423253E-01 a      1424     1    17     2     4
 -2.2468086800334022E-01 a      1425     1    17     2     5
  8.8235957918668451E-02 a      1426     1    17     2     6
 -3.3097114864037719E-01 a      1427     1    17     2     7
  1.3485020312595455E-01 a      1428     1    17     2     8
  3.5575909565816055E-01 a      1429     1    17     2     9
 -1.6706491010195113E-01 a      1430     1    17     2    10
  5.3651769346556766E-01 a      1431     1    17     2    11
  2.8441162817010240E-01 a      1432     1    17     2    12
 -4.3233563913622181E-01 a      1433     1    17     2    13
 -1.0014028391999912E-01 a      1434     1    17     2    14
 -2.3771191690971605E-01 a      1435     1    17     2    15
  4.9548800420629785E-01 a      1436     1    17     2    16
  3.4512663645952874E-01 a      1437     1    17     2    17
 -2.6828916960536975E-01 a      1438     1    17     2    18
  3.1245329511020803E-01 a      1439     1    17     2    19
  5.4868637625826799E-01 a      1440     1    17     2    20
  5.5935066645251186E-01 a      1441     1    18     2     1
 -5.6278566266323082E-01 a      1442     1    18     2     2
  5.6356862308513478E-01 a      1443     1    18     2     3
 -6.8383166039705656E-01 a      1444     1    18     2     4
 -3.7592925982587361E-01 a      1445     1    18     2     5
  3.0830574804609595E-01 a      1446     1    18     2     6
  6.5607339906410911E-01 a      1447     1    18     2     7
  3.9433321351408618E-02 a      1448     1    18     2     8
  1.7776915435467547E-01 a      1449     1    18     2     9
  7.1210810653185991E-02 a      1450     1    18     2    10
 -5.9055882529468673E-01 a      1451     1    18     2    11
  5.2613770128509174E-01 a      1452     1    18     2    12
  1.5444588042282570E-01 a      1453     1    18     2    13
  2.5450210030470971E-01 a      1454     1    18     2    14
 -2.1432348138982316E-02 a      1455     1    18     2    15
 -4.0920370478899804E-01 a      1456     1    18     2    16
  1.3406018233844152E-01 a      1457     1    18     2    17
  4.1111913524037558E-01 a      1458     1    18     2    18
  2.0008083309872887E-01 a      1459     1    18     2    19
  1.2311199381911762E-01 a      1460     1    18     2    20
 -1.7568505477109053E-01 a      1461     1    19     2     1
  4.4424600632002043E-01 a      1462     1    19     2     2
  1.8716495665175939E-01 a      1463     1    19     2     3
 -4.5081000889819239E-01 a      1464     1    19     2     4
 -2.3300728653633962E-01 a      1465     1    19     2     5
  9.4315207731854567E-01 a      1466     1    19     2     6
  9.1410235265150985E-01 a      1467     1    19     2     7
  6.2918502635105900E-02 a      1468     1    19     2     8
 -5.9854413159112517E-02 a      1469     1    19     2     9
  3.8173227013547356E-01 a      1470     1    19     2    10
  2.6408313403949463E-01 a      1471     1    19     2    11
  2.6469948205564442E-01 a      1472     1    19     2    12
  6.8582823147045768E-01 a      1473     1    19     2    13
  1.9511328962050775E-01 a      1474     1    19     2    14
  5.2002304759685902E-01 a      1475     1    19     2    15
 -4.6369336082319601E-01 a      1476     1    19     2    16
  8.0032353195455397E-01 a      1477     1    19     2    17
  2.7258071432820580E-01 a      1478     1    19     2    18
  4.6574723292456782E-01 a      1479     1    19     2    19
  3.2137055138667286E-01 a      1480     1    19     2    20
 -3.9306466649832111E-01 a      1481     1    20     2     1
  2.2457954276861253E-01 a      1482     1    20     2     2
  3.7267717725072924E-01 a      1483     1    20     2     3
 -2.6561194578800895E-01 a      1484     1    20     2     4
  3.2334801190878687E-01 a      1485     1    20     2     5
 -1.9469643847174148E-01 a      1486     1    20     2     6
  3.9513276550418608E-01 a      1487     1    20     2     7
  7.1946370227874112E-01 a      1488     1    20     2     8
 -1.5941238435660099E-01 a      1489     1    20     2     9
 -3.0020990853269031E-01 a      1490     1    20     2    10
 -1.6841709679328906E-01 a      1491     1    20     2    11
 -4.1150576234382963E-01 a      1492     1    20     2    12
 -7.7189426263308680E-01 a      1493     1    20     2    13
  2.5308062066986298E-01 a      1494     1    20     2    14
  1.1475848056291352E-01 a      1495     1    20     2    15
  1.4854013022734450E-01 a      1496     1    20     2    16
 -4.1437785737756339E-01 a      1497     1    20     2    17
  8.6328015722694482E-02 a      1498     1    20     2    18
 -3.6630484311560046E-01 a      1499     1    20     2    19
 -4.9791253087219611E-01 a      1500     1    20     2    20
  1.1385362305072115E+00 b      1501     2     1
 -8.2384926574963269E-01 b      1502     2     2
  8.6339419366378817E-02 b      1503     2     3
  1.3365505806039362E+00 b      1504     2     4
  1.1364949217659723E+00 b      1505     2     5
 -9.5203630918454807E-01 b      1506     2     6
  1.0734320747313093E+00 b      1507     2     7
 -1.4494615889263336E+00 b      1508     2     8
  7.4467695630124464E-01 b      1509     2     9
 -1.4353763214756692E+00 b      1510     2    10
 -1.2141933140425489E+00 b      1511     2    11
 -4.5927203940959915E-01 b      1512     2    12
 -1.9685662619457292E-01 b      1513     2    13
  1.3346680304753338E+00 b      1514     2    14
 -8.2069407601253097E-01 b      1515     2    15
  7.9461835196947417E-01 b      1516     2    16
 -8.0993633468187998E-01 b      1517     2    17
  1.6059945669770785E+00 b      1518     2    18
  3.2639622372559546E-02 b      1519     2    19
  8.0134624893205686E-01 b      1520     2    20
 -1.0604592358927478E+00 a      1521     2     1     3     1
 -7.9726627870608190E-04 a      1522     2     2     3     1
 -5.5621668550748382E-01 a      1523     2     3     3     1
  2.4956725958436962E-01 a      1524     2     4     3     1
 -5.5606080272351303E-02 a      1525     2     5     3     1
  6.5365843802715817E-01 a      1526     2     6     3     1
  2.8959832166601207E-01 a      1527     2     7     3     1
 -1.7851263864217384E-01 a      1528     2     8     3     1
  3.0896679431906965E-01 a      1529     2     9     3     1
  9.5320581910638502E-01 a      1530     2    10     3     1
  2.2626617413682504E-01 a      1531     2    11     3     1
  1.0565440107515280E-01 a      1532     2    12     3     1
 -1.1387961602473131E+00 a      1533     2    13     3     1
 -1.1030413864663084E+00 a      1534     2    14     3     1
  3.5490462584006210E-01 a      1535     2    15     3     1
  5.1741894894106566E-01 a      1536     2    16     3     1
 -7.5339563519058661E-01 a      1537     2    17     3     1
 -5.8646885289083328E-01 a      1538     2    18     3     1
  2.6184702630120787E-01 a      1539     2    19     3     1
  4.8033376900878687E-02 a      1540     2    20     3     1
 -2.1851425572264305E-01 b      1541     3     1
